AEV 1216

12/27/2019	52	52.5	51.5	51.5	1103790
12/26/2019	51	52.1	51	51.95	478420
12/23/2019	51.65	52	50.15	52	1811520
12/20/2019	50.1	51.55	49.7	51.55	2478250
12/19/2019	51.4	51.4	49.55	50.95	1734250
12/18/2019	51.5	51.5	49.8	51	593180
12/17/2019	49.95	50.65	48.7	50.65	1448800
12/16/2019	51.85	52.35	49.8	49.8	1052390
12/13/2019	51.15	52.45	50.95	52.4	2023480
12/12/2019	51.8	51.8	50.5	51.1	2466810
12/11/2019	51.95	51.95	50	51.5	715370
12/10/2019	50.6	51.35	50.15	51.1	447410
12/9/2019	52.65	52.65	51.4	51.4	680190
12/6/2019	51.95	52.8	51.05	52.8	1801070
12/5/2019	50.05	52.35	49.65	52.35	2386590
12/4/2019	49.7	50.05	49.6	50.05	2216600
12/3/2019	49.2	50.5	49.2	49.75	1142400
12/2/2019	48.95	49.8	48.95	49.8	814600
11/29/2019	48.25	49.5	48.25	48.95	1883600
11/28/2019	49	49.4	48.05	48.95	1965600
11/27/2019	49.85	49.9	48.9	49	4838800
11/26/2019	50.4	51.2	48.95	48.95	26159199
11/25/2019	50.35	50.7	49.95	49.95	714020
11/22/2019	51.85	51.85	50.1	50.75	925590
11/21/2019	50.75	51.9	50.5	51.9	659120
11/20/2019	52.6	52.6	50.8	50.8	849050
11/19/2019	51.25	52.25	51.2	51.2	942870
11/18/2019	52.95	54.5	51.2	51.2	665800
11/15/2019	52.5	53	51.7	53	1389390
11/14/2019	54.05	54.05	52.4	52.8	1339490
11/13/2019	54.25	55	54.05	54.4	654550
11/12/2019	54.4	55.1	54.2	55	891600
11/11/2019	56.9	56.9	54.4	54.9	1022220
11/8/2019	55.35	56	54.4	56	535420
11/7/2019	54.4	55.3	54.3	55.3	537460
11/6/2019	56.5	56.95	54.4	54.4	929800
11/5/2019	56.5	56.85	55.6	56.6	2079490
11/4/2019	55.9	56.55	55.3	56.55	756500
10/31/2019	55	55.95	54.6	55.95	1399040
10/30/2019	55	55	54.5	54.95	593500
10/29/2019	54.7	55	54.55	55	618710
10/28/2019	54.7	55	54.4	55	1039250
10/25/2019	54.85	54.85	54.5	54.7	298380
10/24/2019	54.5	55	54.5	54.95	836280
10/23/2019	54.85	54.85	54.35	54.85	708270
10/22/2019	53.75	54.85	53.45	54.85	915870
10/21/2019	53.6	53.75	53.45	53.5	1273440
10/18/2019	54.3	54.3	53.5	53.6	217420
10/17/2019	53.95	54.3	53.3	54.3	506460
10/16/2019	53.1	53.95	53.1	53.95	657700
10/15/2019	53.5	53.55	53.05	53.5	216650
10/14/2019	53.5	53.85	53.2	53.55	236390
10/11/2019	52.4	53.8	51.9	53.2	674240
10/10/2019	54	54	51.9	51.9	340860
10/9/2019	53.85	53.95	53	53	695030
10/8/2019	53	54.9	53	54.9	980960
10/7/2019	54.5	54.5	52.6	54	453420
10/4/2019	51.05	54.5	51.05	54.5	693730
10/3/2019	52.4	52.4	50.9	52	615740
10/2/2019	53.2	53.5	52.3	52.5	512840
10/1/2019	53.2	53.6	52.1	53.6	1048860
9/30/2019	53.5	54.1	53.05	53.05	913820
9/27/2019	54	54.35	53.5	53.5	505330
9/26/2019	54.8	54.8	53.5	54.1	477470
9/25/2019	54.85	54.85	53.5	54.55	616330
9/24/2019	55.75	55.75	54.55	54.55	784210
9/23/2019	55.5	55.75	54.35	55.65	436080
9/20/2019	54.85	55.6	54.1	55.6	2317350
9/19/2019	54.5	54.9	53.8	54.9	599960
9/18/2019	54.7	54.7	53.85	54.6	727730
9/17/2019	54.45	54.8	53.6	54.75	775350
9/16/2019	53.55	54.7	53.05	54.7	1378220
9/13/2019	53.35	54.2	53.3	54.2	863930
9/12/2019	53.5	53.9	52.8	53.25	637990
9/11/2019	53	53.75	52.7	53	1174220
9/10/2019	52.8	53	52.55	52.8	799710
9/9/2019	52.2	52.7	51.75	52.7	215730
9/6/2019	52.7	53.1	52.4	52.4	773920
9/5/2019	52.7	53.3	52	53	972730
9/4/2019	52.85	53.95	52	52.7	1074600
9/3/2019	53.1	53.5	52.85	53.1	1064860
9/2/2019	53	53.9	52.45	53.1	2280790
8/30/2019	52	53.9	52	53.9	3207590
8/29/2019	51.7	52.3	50.45	52	2750980
8/28/2019	49.9	51.7	49.9	51.7	1870350
8/27/2019	51.25	51.25	50	50	5029290
8/23/2019	50.5	51.75	50.05	51.3	1099230
8/22/2019	50.55	51.35	50	50.5	1433640
8/20/2019	51.7	51.8	50.55	50.7	681420
8/19/2019	49.55	51.8	49	51.8	1404500
8/16/2019	49.25	49.9	48.55	49.5	1596800
8/15/2019	48	49.25	47.9	49.25	2007700
8/14/2019	51	51	49.3	49.45	1473200
8/13/2019	49.85	51.5	49	51.5	2135900
8/9/2019	49.95	51.4	49.85	49.85	1380800
8/8/2019	50.2	51	49.95	49.95	783100
8/7/2019	49.7	51.6	49.7	49.95	1166500
8/6/2019	51	51	49.1	49.7	2494310
8/5/2019	52.6	53.1	51.25	51.25	2014990
8/2/2019	52.3	53.3	52.25	52.6	1196700
8/1/2019	52.5	53.4	52.3	52.5	1210890
7/31/2019	53.75	54.7	52.55	53	1761030
7/30/2019	55.5	55.5	53.95	53.95	930750
7/29/2019	56.5	56.5	54.25	55.5	1080020
7/26/2019	57.75	57.75	56	56	730580
7/25/2019	56.6	57.8	55.8	57.8	612300
7/24/2019	56	56.95	55.3	56	483360
7/23/2019	57	57.2	56.2	56.55	5937470
7/22/2019	56.4	57	56.05	57	1145900
7/19/2019	57.9	57.9	57.3	57.65	1170040
7/18/2019	56.35	57.15	56.35	56.5	963450
7/17/2019	58.4	58.4	56.2	56.2	424850
7/16/2019	59.5	59.5	57.2	57.2	823360
7/15/2019	56	59.5	56	59.5	1073670
7/12/2019	56.8	57.1	56	56	1090530
7/11/2019	56.2	57	55.25	56.2	761730
7/10/2019	55.05	56	54	56	612560
7/9/2019	55	55.45	54.65	55.05	626770
7/8/2019	55.7	55.75	54.55	55	626840
7/5/2019	56	56	55	55.5	1897380
7/4/2019	56.1	56.3	55.1	55.1	326080
7/3/2019	55.8	56.45	55.6	56	1943300
7/2/2019	54.75	55.5	54.2	55.45	799350
7/1/2019	55	55	53.9	54.75	385790
6/28/2019	55	55.9	53.8	55	861200
6/27/2019	54.5	55.9	54.45	55	1383150
6/26/2019	55.4	55.4	54.05	54.5	773750
6/25/2019	55.5	55.8	54.9	55.4	557970
6/24/2019	55.25	55.6	54.85	54.85	519650
6/21/2019	55	55.05	53.9	54.85	1863320
6/20/2019	54.2	54.95	53.7	54.9	478230
6/19/2019	54.05	54.9	53.7	53.7	1426760
6/18/2019	54.05	55	53.6	55	891270
6/17/2019	55	55.25	54	54.05	972350
6/14/2019	56.15	56.15	54.6	55	1388550
6/13/2019	55.2	55.6	55	55.4	2152080
6/11/2019	55.7	56.5	54.8	55.45	728710
6/10/2019	55.3	56.7	54.45	55.7	724650
6/7/2019	54.8	55.35	54.15	55.35	458450
6/6/2019	54.4	54.75	54.15	54.55	554140
6/4/2019	56.7	56.7	54.1	54.5	1025230
6/3/2019	55.9	57.8	55.2	55.4	1472300
5/31/2019	54.5	55.9	54.5	55.9	1150070
5/30/2019	54.8	55.35	54.05	54.5	1181280
5/29/2019	54.2	55.4	53.35	54.8	1664720
5/28/2019	54.35	55.85	53.35	54.15	17478789
5/27/2019	52.05	54.4	52.05	54.4	673930
5/24/2019	52.25	53.5	50.2	52.7	1310260
5/23/2019	52.05	52.55	51	52.3	1015500
5/22/2019	50.2	55.5	49.4	51.8	2596000
5/21/2019	50.5	51.3	49.7	49.8	1390610
5/20/2019	48	50.35	48	50.25	1866700
5/17/2019	47	49	47	48.05	1506800
5/16/2019	47	47.5	46.95	47	2954300
5/15/2019	46.85	48	46.7	46.7	2754700
5/14/2019	48.2	49.95	46.7	46.7	4125800
5/10/2019	51	51.2	48.6	48.6	3521790
5/9/2019	52.55	53	50.8	51.2	3292440
5/8/2019	52	53.05	50.8	53.05	1519110
5/7/2019	53	53	52.55	52.55	1916380
5/6/2019	52	53	52	52.55	2323800
5/3/2019	54	54.95	52	52	893500
5/2/2019	55.95	56	54	54	1230110
4/30/2019	55.1	56.65	55.1	55.6	754520
4/29/2019	54.8	56.8	54.05	56.8	956380
4/26/2019	54.5	55.05	52.5	55	758070
4/25/2019	55.15	56.1	54	54	1299830
4/24/2019	55.05	56.35	55.05	55.85	1483230
4/23/2019	55	56.35	54.5	56.35	791600
4/22/2019	54.85	55.5	54.6	55	395000
4/17/2019	56.7	56.7	54.5	55	560080
4/16/2019	56.6	57.8	55.8	55.8	529480
4/15/2019	59	59	56	56	1215110
4/12/2019	59.2	59.75	58.95	59	171170
4/11/2019	59.75	60.95	59.2	59.2	428100
4/10/2019	60.2	60.95	59.95	60.95	772230
4/8/2019	60.4	60.6	59.95	60	643200
4/5/2019	60.25	60.6	59	59.95	342130
4/4/2019	60	60.25	59	60.25	5169190
4/3/2019	59.6	60	59.25	60	876500
4/2/2019	59.9	59.9	58.6	59.25	1557530
4/1/2019	58.9	59.9	58.75	59.8	493490
3/29/2019	59	59.1	58.1	58.95	651590
3/28/2019	59.2	59.2	58	58	503550
3/27/2019	58.75	59.5	57.6	58.7	417490
3/26/2019	59.2	59.3	57.75	58.75	582540
3/25/2019	59.55	59.55	57	59.15	816700
3/22/2019	59.35	60.5	58.5	59.55	1019050
3/21/2019	57.75	59.5	56.55	58.5	1775580
3/20/2019	58.4	58.4	56.2	56.2	843420
3/19/2019	58	58.75	57.95	58.4	640720
3/18/2019	56.9	58	55.75	58	582910
3/15/2019	58.35	58.35	56.95	56.95	4147040
3/14/2019	58.95	58.95	57.7	58.35	1973770
3/13/2019	57.6	59.25	57.6	58.95	2226770
3/12/2019	57.2	58.1	57.1	58	3157370
3/11/2019	58.85	59.05	56.9	56.9	1844930
3/8/2019	59.5	59.5	58.75	58.8	950040
3/7/2019	58.6	60	58.6	58.65	2094010
3/6/2019	58.8	60	58.35	58.6	1931480
3/5/2019	59.9	60	58.4	58.9	1941080
3/4/2019	59	59.95	58.6	59.8	1346780
3/1/2019	61	61.85	58.5	60	2149460
2/28/2019	63.4	63.4	61	61	2609410
2/27/2019	63.8	64.2	62.5	63	994720
2/26/2019	64.5	64.6	63.15	64.6	823100
2/22/2019	63.5	64.5	62.7	64.5	663630
2/21/2019	63.15	64.4	62.6	63	1005770
2/20/2019	62.2	65.15	62.2	64.5	862880
2/19/2019	63.55	63.6	62.1	62.15	1867170
2/18/2019	65.4	65.4	63.55	63.55	679270
2/15/2019	63	66	62.4	66	2127800
2/14/2019	63.9	63.9	62.5	62.55	769070
2/13/2019	63.95	63.95	62.7	63	572790
2/12/2019	64	64.3	62.65	63.95	794620
2/11/2019	63	64.5	62.5	64	864930
2/8/2019	63	64.05	62.5	62.5	1059000
2/7/2019	61.9	63.6	61.9	63.2	456300
2/6/2019	62.5	64.35	61.75	61.75	906320
2/4/2019	64	64.95	62.1	62.3	932230
2/1/2019	64.35	66	64	64	1230130
1/31/2019	64.4	66.55	64	64.25	1924040
1/30/2019	64.15	65.7	63.05	64	1042290
1/29/2019	65	65.5	63.35	64	1941130
1/28/2019	64.7	65.8	63	63	1117720
1/25/2019	67	67	62.3	62.3	2428360
1/24/2019	66.9	67.45	65	65	2191980
1/23/2019	64.7	65	64	65	1174140
1/22/2019	66.75	68.9	66	66	1362490
1/21/2019	67.9	69.5	66.6	66.6	629600
1/18/2019	66	68.65	65.95	67.9	2566800
1/17/2019	64.8	66	63	66	1112350
1/16/2019	64.7	64.8	60.7	64.8	1042460
1/15/2019	64.4	64.8	63.1	64.8	1392310
1/14/2019	60.7	64.4	59.1	64.4	1561530
1/11/2019	62.1	63	60	60	939200
1/10/2019	61	62.6	60.1	61.6	3007220
1/9/2019	58.2	61	57.4	61	2684420
1/8/2019	58	58.6	57.2	57.2	819970
1/7/2019	58.25	59.2	57.2	57.2	1020350
1/4/2019	55.7	59.55	55.7	57	1866700
1/3/2019	54.75	56.5	53.35	56.5	1028870
1/2/2019	55	56	52.3	53.2	648730
12/28/2018	55.8	55.8	54.65	55	663970
12/27/2018	56.5	56.5	54.65	55	1814180
12/26/2018	55.5	56.8	53.65	55.4	549710
12/21/2018	56.8	56.9	55	56	1820520
12/20/2018	54.35	56.95	53.5	56.9	880460
12/19/2018	52.5	55.5	51.8	54.5	1706870
12/18/2018	54.5	54.8	51.65	51.65	1081480
12/17/2018	55.5	55.7	54.6	54.9	661070
12/14/2018	54.45	56	53.05	56	973850
12/13/2018	53.7	55	52.6	55	784330
12/12/2018	51.9	53.9	51	53.9	297860
12/11/2018	51	51.85	50.9	51.6	461550
12/10/2018	50.3	51.35	50.3	50.6	668480
12/7/2018	53.45	53.45	50.3	50.3	1009550
12/6/2018	54	54.65	52.5	52.75	10472980
12/5/2018	53.3	53.9	52.05	53.6	10964830
12/4/2018	53	54.75	51.9	54.45	11295570
12/3/2018	54	54	51.15	52.9	1181640
11/29/2018	54.5	56.75	51.9	52.2	14084830
11/28/2018	55.55	55.55	53	54.5	1213800
11/27/2018	53.5	56	52.15	55.55	1757940
11/26/2018	48.15	55	48.15	53.5	1573000
11/23/2018	48.75	48.75	48.15	48.15	309700
11/22/2018	49.35	49.35	48.15	48.7	552200
11/21/2018	47.95	49.5	46.4	49.5	1762100
11/20/2018	46	48	45.7	48	754900
11/19/2018	47	47.3	45.55	46.85	1130600
11/16/2018	46.5	46.95	45.1	46.3	2005200
11/15/2018	45.3	46.45	44.5	45.9	157600
11/14/2018	44.1	46.5	44.1	45.4	954800
11/13/2018	45	45.35	44	45.35	1930500
11/12/2018	47	47	45	45	944700
11/9/2018	46.5	47	45.6	47	912500
11/8/2018	46.5	47	45.6	46.5	1105000
11/7/2018	47	47	45.6	46.4	594900
11/6/2018	46.8	47.9	45.95	47.4	561900
11/5/2018	47	48	45.2	46.8	625600
10/31/2018	45.95	47	44.1	47	2428900
10/30/2018	46.45	46.45	44.85	44.85	374700
10/29/2018	45.15	46.1	44.7	46.1	530400
10/26/2018	46	46	45.1	45.15	442500
10/25/2018	47.25	47.25	45.45	45.7	824800
10/24/2018	48.25	48.75	47.1	47.1	569200
10/23/2018	48.9	49	47.75	48.35	848400
10/22/2018	46.3	49.2	46.3	47.7	1074000
10/19/2018	47	47.8	46.05	47.8	872100
10/18/2018	45.45	47	45.45	47	1010200
10/17/2018	45.7	47.4	45.4	45.4	1463800
10/16/2018	46	46.2	45.1	45.65	2488500
10/15/2018	46.15	47	45.6	45.6	1821300
10/12/2018	46.7	47	45.65	46.05	2368200
10/11/2018	45.05	46.55	44.2	46.55	693100
10/10/2018	46.1	46.5	45.35	45.7	1368000
10/9/2018	46.95	47	44.7	46	1693400
10/8/2018	47.25	47.65	46.95	46.95	1001600
10/5/2018	47.8	48	46.25	47.1	531400
10/4/2018	48.1	48.65	47.7	47.7	1757200
10/3/2018	47.5	48.05	47	48	4409700
10/2/2018	48.25	48.25	46.15	47.9	1307800
10/1/2018	48.1	49	46.7	48.25	2171700
9/28/2018	50	51	48.35	49	969600
9/27/2018	50	50.8	47.95	49.95	2809640
9/26/2018	51.15	51.15	48.6	50	1238110
9/25/2018	51.2	51.25	49.3	51.25	1057470
9/24/2018	48	51.2	48	50.4	4900700
9/21/2018	44.9	48.85	44.1	46.9	37964301
9/20/2018	46	47	44.1	44.1	1728900
9/19/2018	46.45	47.9	45.95	45.95	1560300
9/18/2018	47.2	48.3	45.75	46.3	2523600
9/17/2018	49.3	49.3	47	47	1446000
9/14/2018	48.3	49.3	48	48.3	2354800
9/13/2018	48.2	49.4	48.2	49	3260100
9/12/2018	51.2	51.2	47.6	47.6	5480900
9/11/2018	52.1	52.1	50.85	51	2179200
9/10/2018	53.05	53.05	51.9	52.5	1953910
9/7/2018	52.8	53.45	51.6	53.3	1661140
9/6/2018	53.3	53.3	51.8	52.75	1864060
9/5/2018	53.4	53.5	52.05	53.5	3382800
9/4/2018	53.85	54	53.2	53.5	1105590
9/3/2018	54	54.05	53.55	53.8	941140
8/31/2018	53.3	54.3	52.6	53.45	3319470
8/30/2018	52.5	53.7	52.5	53.3	1270470
8/29/2018	54	54.25	52.5	52.5	2661060
8/28/2018	56.7	56.7	53.5	54	3307820
8/24/2018	56.65	57.5	56.5	56.7	1158630
8/23/2018	55.95	59	55.85	57	1033630
8/22/2018	56.1	56.85	54.1	55.95	1253880
8/20/2018	56.3	57	55.45	55.45	811990
8/17/2018	55.8	57	55.7	56	1193360
8/16/2018	57.85	58.6	56.1	56.35	1370940
8/15/2018	57.9	58.8	57.5	58.6	569790
8/14/2018	57.85	58.45	57.35	57.6	770090
8/13/2018	60.2	60.2	57.8	59.55	893080
8/10/2018	59.65	60.9	59.3	60.35	859050
8/9/2018	60.3	60.35	59	59.3	714100
8/8/2018	58.95	61.3	58.9	60.3	490550
8/7/2018	59.75	59.75	58.4	58.95	513530
8/6/2018	61.95	62	59.7	60.1	1571530
8/3/2018	59.75	61.55	58.5	61.55	1566350
8/2/2018	59.65	59.75	58.1	59.6	1044660
8/1/2018	57	59.7	56	59.7	2596260
7/31/2018	57.8	57.95	55.8	57.35	1708010
7/30/2018	55	57.8	55	57.75	1193150
7/27/2018	54.9	55	53.05	55	2068600
7/26/2018	53.3	55.3	52.95	54.95	1677310
7/25/2018	53.2	53.3	51.9	52.2	1133620
7/24/2018	51.8	53.2	51.5	53.2	453380
7/23/2018	50.8	52	50.8	51.7	589640
7/20/2018	53	53	50.55	50.8	1867240
7/19/2018	53.2	53.55	52.45	52.8	1111260
7/18/2018	52.95	53.55	52.95	53.2	657820
7/17/2018	53.55	54.15	53.1	53.15	1085610
7/16/2018	53.75	53.75	53	53.55	425820
7/13/2018	53.6	54.8	53.55	53.75	903390
7/12/2018	53	54.25	52.8	53.55	694220
7/11/2018	53.2	53.2	52.75	53.15	1092720
7/10/2018	52.8	52.8	52.75	52.75	1943530
7/9/2018	53.5	53.5	52.75	52.9	476380
7/6/2018	54	54	53	53.1	1469350
7/5/2018	54.9	54.9	54	54.35	596390
7/4/2018	54	56.1	53.3	54.9	1917420
7/3/2018	53.15	54.45	52.6	54.45	826900
7/2/2018	54.5	54.5	52.8	53	989630
6/29/2018	53.4	55.1	53.2	54.5	1591100
6/28/2018	54	54.4	53.8	54	4321450
6/27/2018	54	55.7	54	55.5	923940
6/26/2018	54	54.6	52.55	54.6	1380380
6/25/2018	57	57.35	52.65	53.95	1278260
6/22/2018	57.05	58.25	55.35	55.35	1295910
6/21/2018	59.8	61.4	57	57	1973810
6/20/2018	60.1	61.8	59.75	59.75	2177470
6/19/2018	60.15	62.2	58.05	62.2	2086140
6/18/2018	61.05	62.85	60.05	61	1380900
6/14/2018	61.15	63.75	60.8	62.6	3899210
6/13/2018	62.7	63.5	61.15	61.5	1176780
6/11/2018	62.6	64	62.6	64	602010
6/8/2018	63.5	64	62.05	64	650110
6/7/2018	61.95	64	61.95	63.5	1361420
6/6/2018	62.4	63.45	61.1	61.95	651040
6/5/2018	61.15	62.55	61.15	62.55	663830
6/4/2018	61.5	62.65	60.6	61.05	1309580
6/1/2018	58.95	63	58.15	63	1074120
5/31/2018	60	61	57.8	57.8	19072520
5/30/2018	61.5	61.8	59.3	59.45	2391030
5/29/2018	63.7	64	61.5	61.8	569740
5/28/2018	65	65	63.4	63.4	218300
5/25/2018	64.45	65	63.05	65	318480
5/24/2018	62.55	64.5	62.55	64.5	545390
5/23/2018	62.45	62.55	62.15	62.55	1012330
5/22/2018	62.75	63.5	62.4	62.5	721380
5/21/2018	62.45	62.75	62.45	62.45	1071440
5/18/2018	64	64	62.45	62.45	558830
5/17/2018	63.1	64.25	62.4	62.7	1697650
5/16/2018	63.1	64.5	62	64.5	923210
5/15/2018	62.85	64.9	61.4	64.5	1065950
5/11/2018	60.5	62.85	59.35	62.85	703190
5/10/2018	59.75	61.2	59.3	59.3	2071230
5/9/2018	61.15	61.6	59.7	59.7	2111910
5/8/2018	62.4	63.6	61.15	61.6	2838210
5/7/2018	63	63.8	62.3	62.4	1009190
5/4/2018	63.1	64	62.2	62.2	727340
5/3/2018	68.95	68.95	63	63	1280090
5/2/2018	68	69.85	67.7	67.7	1023420
4/30/2018	69	69.85	67.05	69.85	909760
4/27/2018	66.55	69.7	66	69.6	990520
4/26/2018	66.15	67.6	65.05	66.85	1221470
4/25/2018	66.7	68	66.65	67.4	421050
4/24/2018	67.5	69.7	65	67.95	420260
4/23/2018	68.7	69.8	67.25	69.8	726680
4/20/2018	68	69.1	65.5	68.65	781440
4/19/2018	67	69.2	63.4	68	4077420
4/18/2018	69.45	69.45	67.1	69.3	1017770
4/17/2018	68.2	69.5	68.1	69.5	475920
4/16/2018	68.3	68.55	68.1	68.2	702030
4/13/2018	68.95	70	68	68.3	1647060
4/12/2018	68	68.95	67.9	68.95	801480
4/11/2018	66.2	68	66.2	68	509480
4/10/2018	67	68	66	66	1420000
4/6/2018	69.6	70.4	67.25	67.95	762930
4/5/2018	69.35	69.5	68.1	69.5	1372380
4/4/2018	69.5	71.35	68.8	69.35	1343000
4/3/2018	68.95	69.5	68.5	68.55	675820
4/2/2018	68.6	69.35	67.85	68.5	1582450
3/28/2018	69.45	71.3	67.5	67.5	2044950
3/27/2018	68.1	70	68	69.45	1504980
3/26/2018	68.6	69.4	67.8	68	684530
3/23/2018	69.4	69.65	68.3	68.7	998660
3/22/2018	69.9	69.9	68.05	69.4	1634560
3/21/2018	71.85	71.85	68.05	68.05	1184360
3/20/2018	71.45	71.45	69	69.6	962520
3/19/2018	72	72.05	69.85	71.55	1568960
3/16/2018	75	75	72.05	72.05	8437330
3/15/2018	75	75.9	74.75	75.85	1787550
3/14/2018	76	76.25	74.95	76	856530
3/13/2018	75	76.1	75	76	1336390
3/12/2018	75	75.95	74.55	75.95	488460
3/9/2018	74	75	74	74.3	545720
3/8/2018	73	74.45	72.45	73.25	2017250
3/7/2018	73.1	73.35	72.5	73	986590
3/6/2018	73.4	74.9	73	73.25	937410
3/5/2018	74.05	75.95	73.5	73.65	787880
3/2/2018	74	75.5	73.8	75.5	904340
3/1/2018	76.5	76.5	74.75	75.5	802600
2/28/2018	76.9	77.5	74.5	77.4	2124190
2/27/2018	77	78	76.8	77.5	1023180
2/26/2018	75.6	79	74.25	79	992530
2/23/2018	76.5	76.9	74.2	75.8	1003220
2/22/2018	74	76.9	74	76.9	1217410
2/21/2018	75.4	76.35	74.05	74.8	1036850
2/20/2018	76.5	77	75	76.5	866860
2/19/2018	75	77	73	76.45	851610
2/15/2018	74.95	75	72.35	75	763540
2/14/2018	73.9	75	72.1	75	1861650
2/13/2018	72.4	73.95	71.95	73.95	451050
2/12/2018	72.7	72.7	71.4	72	778600
2/9/2018	73.45	74	71.3	71.3	1261370
2/8/2018	72.9	74.1	72	73.95	736050
2/7/2018	73.95	73.95	72.1	72.85	600790
2/6/2018	74.3	74.3	71.95	71.95	2269750
2/5/2018	75.05	75.05	73.5	75	1075440
2/2/2018	75.15	76.65	75.15	75.3	867190
2/1/2018	76.95	76.95	75.25	75.25	872690
1/31/2018	77.75	77.75	75.85	76.8	1370360
1/30/2018	77.9	77.9	75.55	77.8	1631300
1/29/2018	78.25	78.75	77.15	78	819080
1/26/2018	78.35	78.5	76.7	78.5	480680
1/25/2018	75.3	78.5	75.3	78.5	1170850
1/24/2018	77	77.25	75.25	75.25	841770
1/23/2018	75.4	77.5	75.4	77.5	893880
1/22/2018	78	78.8	75	75	967450
1/19/2018	77	78	77	78	740940
1/18/2018	78.15	78.15	76.55	77.8	1313160
1/17/2018	75	78.15	75	78.15	1105430
1/16/2018	75.5	77.25	74.95	75	2056760
1/15/2018	73.8	75.3	73.8	74.85	687670
1/12/2018	76.9	76.9	73.35	73.7	5356750
1/11/2018	75.95	76.7	72.8	75.4	714070
1/10/2018	77.45	77.45	75.25	75.95	488890
1/9/2018	75.95	77.5	75.65	77.5	1130000
1/8/2018	76.05	76.1	74.55	75.95	497880
1/5/2018	76	76	75.5	76	1116260
1/4/2018	74.5	76	74	76	1231740
1/3/2018	74.15	74.7	73.9	74.5	738030
12/29/2017	73	74	72	74	1106660
12/28/2017	72.5	73.15	71.5	73.15	850940
12/27/2017	72.2	72.7	70.1	72.5	371200
12/22/2017	70.65	72.7	69.7	72.7	437000
12/21/2017	69	71	68.5	71	622700
12/20/2017	68	69.5	68	68.9	205550
12/19/2017	69	69	68.05	68.9	852670
12/18/2017	67.55	69.5	67.55	69	555690
12/15/2017	70.2	70.2	67.5	67.5	3903320
12/14/2017	69.2	70.2	68.25	70.2	975240
12/13/2017	69.5	69.5	68	68.4	453840
12/12/2017	70.4	70.6	67.9	69.3	461690
12/11/2017	70.9	70.9	69.4	70.4	600390
12/8/2017	69	70.9	67.95	70.9	385020
12/7/2017	67	69	67	69	681560
12/6/2017	68.8	68.8	68	68	797710
12/5/2017	67.5	68.85	67.5	68.85	763210
12/4/2017	68	68.05	67.5	67.5	1201650
12/1/2017	70	70	67.9	68.3	1940140
11/29/2017	73	73.45	68.9	70	5011850
11/28/2017	72	73.45	71.1	73.45	1247590
11/27/2017	69.95	72.55	68.9	72.55	583060
11/24/2017	70.3	71.45	70.1	71	1366110
11/23/2017	70.5	71.8	68.8	71.8	571500
11/22/2017	69	70	68.4	68.8	970140
11/21/2017	70	70	69.3	69.5	1375990
11/20/2017	71.9	71.9	69.9	69.9	1104260
11/17/2017	71	72	69.5	70	593530
11/16/2017	70.7	72	70.05	70.05	2152090
11/15/2017	71.6	71.75	70.75	70.95	968210
11/14/2017	72.1	72.4	70.95	72	1272050
11/13/2017	72.55	74	72.1	72.1	780070
11/10/2017	73.9	74.3	72.6	72.6	1115030
11/9/2017	73.9	74	73.05	73.9	746630
11/8/2017	74.25	74.25	73.05	73.05	1175330
11/7/2017	74.1	74.3	73.1	74.3	412050
11/6/2017	72.3	74.2	72.15	74.2	1031460
11/3/2017	75	75	72	72	1745800
11/2/2017	74.95	75	73.95	75	965230
10/30/2017	74.6	74.9	73.2	74.9	367340
10/27/2017	74	74.9	72.55	74.9	1062330
10/26/2017	74	74.9	73.6	74	288910
10/25/2017	74	74.9	73.65	74	521020
10/24/2017	75.7	75.7	74	74.1	731640
10/23/2017	75	75.75	74.85	75.75	303210
10/20/2017	75.4	75.4	74.5	75	312670
10/19/2017	74.9	75.4	74.6	75.4	519450
10/18/2017	75	75	74	74.85	626330
10/17/2017	74.8	75.45	74.15	75	1308690
10/13/2017	75.75	75.75	74.4	74.8	1005670
10/12/2017	75.5	75.75	74.7	74.8	547860
10/11/2017	75.5	75.7	75.45	75.5	520410
10/10/2017	74.6	75.5	74.6	75.4	571000
10/9/2017	73.65	75.2	73.65	75.2	399560
10/6/2017	73.8	75.3	73.4	73.5	1194340
10/5/2017	75.3	75.5	73.45	73.45	575170
10/4/2017	75.2	75.3	74.35	75.2	900330
10/3/2017	74.95	75.2	74.25	75.2	1464040
10/2/2017	74	75	73.35	75	1411350
9/29/2017	73.4	74.05	73.3	73.3	2285270
9/28/2017	74.8	74.8	73.3	73.3	2227540
9/27/2017	74.2	74.5	73.3	74.5	2250220
9/26/2017	73.4	74.2	73.4	74.2	958890
9/25/2017	73.3	74	73.25	74	781250
9/22/2017	73.6	73.9	73.35	73.9	564440
9/21/2017	73.5	73.95	73.25	73.95	715970
9/20/2017	73.8	74	73.35	73.5	948780
9/19/2017	73.95	74	73.25	73.5	321900
9/18/2017	73.95	74.45	73.1	73.95	1208300
9/15/2017	73.6	74	72.75	74	2763280
9/14/2017	73	73.9	72.8	73.5	776920
9/13/2017	73.5	73.8	72.8	73	851840
9/11/2017	73.9	73.9	72.85	72.9	507250
9/8/2017	74	74	72.75	72.75	1612200
9/7/2017	74	74.1	73.5	73.55	906890
9/6/2017	74	74	73.55	74	750210
9/5/2017	73.85	74.15	73.5	74	924580
9/4/2017	74.45	74.45	73.7	74.2	803950
8/31/2017	74.3	74.45	73.2	74.45	27631689
8/30/2017	73.2	74.3	73.15	74.3	595020
8/29/2017	73.65	74.25	73.25	74	757370
8/25/2017	74.25	74.25	73.55	74.05	752500
8/24/2017	73.55	74.25	73.1	74.25	432380
8/23/2017	74	74	73.1	73.15	327320
8/22/2017	73.1	73.45	73.1	73.3	505990
8/18/2017	74.3	74.3	73.05	73.2	817100
8/17/2017	73.75	74.45	73.3	74	595100
8/16/2017	73.95	74.2	73.25	73.75	444080
8/15/2017	74.3	74.3	73.35	73.4	92800
8/14/2017	74.2	74.2	73.15	73.7	485490
8/11/2017	74.5	74.9	72.55	73	656130
8/10/2017	73.5	74.95	73.5	74.95	320590
8/9/2017	74.1	74.25	73.4	74.05	658470
8/8/2017	75.5	75.5	72.5	72.55	457540
8/7/2017	74.9	75.1	74.8	74.85	380940
8/4/2017	72.65	74.95	72.5	74.95	2639310
8/3/2017	72.5	74.3	72.25	72.5	1165140
8/2/2017	75	75.5	72.5	72.5	629380
8/1/2017	75.4	75.4	74.15	75.25	296450
7/31/2017	75	75.95	73.5	75.95	1377840
7/28/2017	75.6	75.6	73.1	74.8	718710
7/27/2017	75	75.75	74.8	75.6	783120
7/26/2017	74	74.9	73.3	74.6	835170
7/25/2017	74.3	75.05	73.25	74	667300
7/24/2017	75.7	75.7	74.3	74.3	597170
7/21/2017	74	75.7	72.65	75.7	1327490
7/20/2017	75.5	75.75	72.7	72.7	1945740
7/19/2017	76	76	74.9	74.9	678970
7/18/2017	74.9	75.9	74.9	75.7	375000
7/17/2017	75.75	75.75	75.05	75.4	650020
7/14/2017	75.75	75.75	74.6	75	1110910
7/13/2017	75.2	75.8	75.15	75.7	1352420
7/12/2017	74.35	75.5	74.3	75.1	538570
7/11/2017	74.35	75	74.2	74.35	1298080
7/10/2017	75.45	75.45	74.95	75	1189830
7/7/2017	75.85	75.85	75.3	75.35	354220
7/6/2017	75.85	75.9	75.8	75.85	465910
7/5/2017	75.9	75.9	75.2	75.9	1315460
7/4/2017	75.9	75.9	75.1	75.85	632010
7/3/2017	76.15	76.15	75.1	75.9	777740
6/30/2017	75.7	76.15	74.45	76.15	2011610
6/29/2017	75.8	75.8	75.4	75.7	1187760
6/28/2017	75.8	75.9	75.2	75.8	1310140
6/27/2017	75.6	76	75	75.8	594070
6/23/2017	75.85	75.85	74.2	75.85	681970
6/22/2017	75	75.5	74.9	75	685350
6/21/2017	75	75.8	74.2	75.8	1379120
6/20/2017	75	75.75	73.55	75	964320
6/19/2017	74.7	75.25	73.65	75	1018660
6/16/2017	75.8	75.85	73.55	73.55	2647990
6/15/2017	75.9	75.95	75.05	75.8	923040
6/14/2017	75.8	75.9	75.05	75.9	1323060
6/13/2017	75.3	75.9	75.3	75.9	832390
6/9/2017	72.75	75.4	72.75	75.3	1829720
6/8/2017	73.9	75	71.65	72.75	2034530
6/7/2017	75.95	76	73.9	73.9	6427200
6/6/2017	76	76.25	75.1	75.95	1443710
6/5/2017	76.2	77	75.8	75.95	1174000
6/2/2017	75.75	76	75.55	75.8	2345400
6/1/2017	76.25	76.25	75.7	76	1205390
5/31/2017	75.6	76.1	75.6	76.05	5038460
5/30/2017	76	76.3	75.65	76	3746230
5/29/2017	76	76	75.65	76	856700
5/26/2017	76	76	75.9	75.95	1329100
5/25/2017	76.2	76.25	75.6	76	753500
5/24/2017	76	76.45	75.6	76.2	1031020
5/23/2017	76	77.25	76	76.05	1760450
5/22/2017	76.8	76.8	75.75	76	4930970
5/19/2017	76.05	76.05	75	75.8	1213800
5/18/2017	76.1	76.1	75	76.05	1466880
5/17/2017	75.9	76.6	74.55	76.1	1257720
5/16/2017	76.4	76.4	75.45	75.95	1437270
5/15/2017	76	76	75.4	75.7	1280200
5/12/2017	75.35	76.25	74.8	76.05	1217660
5/11/2017	75.5	77	75.35	76.3	2252870
5/10/2017	76.4	76.9	75.5	75.5	2127370
5/9/2017	76.9	77	76.2	76.5	1894480
5/8/2017	75.5	76.9	75.45	76.9	1539260
5/5/2017	76.75	77.5	75.4	75.5	1722710
5/4/2017	76.6	77	75.85	76.75	1504540
5/3/2017	77.6	77.6	75.6	76.65	835890
5/2/2017	77.5	77.9	75.1	76.65	1434380
4/27/2017	76.9	77.5	75.9	76.8	599620
4/26/2017	77.65	77.9	75.35	76.9	1497720
4/25/2017	75.95	77.95	75.95	77.65	1780410
4/24/2017	75.5	76.1	75	75.35	403430
4/21/2017	76.5	76.5	75.25	75.35	1094640
4/20/2017	75.6	75.6	75	75.3	841360
4/19/2017	76	76	75.5	75.6	864800
4/18/2017	76.5	76.65	74.7	76.2	1612060
4/17/2017	75.4	76.4	75.35	76.3	1219320
4/12/2017	75.1	75.7	75.05	75.5	879610
4/11/2017	75.35	75.35	74.5	75.3	1107760
4/10/2017	75.4	75.4	74.75	75.3	1330470
4/7/2017	74.7	75.1	74	74.5	1211810
4/6/2017	74.5	75	73.7	74.7	853250
4/5/2017	75.45	75.5	73.55	74.7	1002510
4/4/2017	75.9	75.9	74.55	74.7	1030150
4/3/2017	74.5	75	74.4	74.55	340690
3/31/2017	75.1	75.1	73.6	74.45	1554270
3/30/2017	75.1	75.95	75.1	75.3	924940
3/29/2017	75.3	75.9	75	75.15	559000
3/28/2017	75.7	75.9	74.7	75.3	1343120
3/27/2017	75.3	75.75	75	75.15	363170
3/24/2017	75.7	75.7	74.45	75.3	1111220
3/23/2017	75.7	75.7	74.2	75	1196740
3/22/2017	74.5	75.85	74.25	75	1365700
3/21/2017	74.15	74.5	73.9	74.5	1525020
3/20/2017	73.8	74.4	73.2	74.3	940150
3/17/2017	74.85	75.2	72.9	72.9	4520900
3/16/2017	74	74.45	73.15	74.45	1018720
3/15/2017	72.75	74	72.75	74	3795760
3/14/2017	73.3	74	73.25	73.9	2940220
3/13/2017	74	74	73.1	73.3	1805670
3/10/2017	73.1	73.85	72.9	73.85	1123050
3/9/2017	73.8	73.8	73	73.1	635940
3/8/2017	73.45	74.2	73.2	73.2	676690
3/7/2017	73.5	73.9	73	73.9	1383390
3/6/2017	73	73.5	72.3	73.5	807900
3/3/2017	72.9	73	72.2	73	1109590
3/2/2017	72.4	73	72	72.25	1198000
3/1/2017	73.15	73.35	72.5	72.9	365620
2/28/2017	73.4	73.45	72.3	73.45	1785180
2/27/2017	73.15	73.15	73	73	659840
2/24/2017	73.7	73.7	72.8	73.15	1180750
2/23/2017	74	74	72.3	73.5	1722740
2/22/2017	73.2	73.8	73.2	73.8	742110
2/21/2017	72.95	73.8	72.75	73.8	480640
2/20/2017	72.8	73.1	72.75	72.8	223300
2/17/2017	73.15	73.6	72.45	73	1926640
2/16/2017	73.05	73.8	73	73.8	2184900
2/15/2017	73.25	73.85	72.95	73	776900
2/14/2017	74	74	72.75	73.2	1452520
2/13/2017	73.9	74	72.6	74	1290920
2/10/2017	74	74	72	72.65	1491820
2/9/2017	74	74.1	73.7	74	2435080
2/8/2017	74.1	74.2	73.65	74	2235110
2/7/2017	74.5	74.5	74	74.1	2363180
2/6/2017	74	74.5	73.7	74.5	1383390
2/3/2017	73.5	74.2	73.15	73.7	909110
2/2/2017	74.3	74.3	73.2	74.05	1239810
2/1/2017	74.8	74.8	73.05	74	1279420
1/31/2017	74.3	74.75	74	74.3	1253500
1/30/2017	74.8	75	73.85	74.3	952850
1/27/2017	75	75.65	74.8	74.8	1062450
1/26/2017	75	75.65	74.9	75	1735970
1/25/2017	74.95	74.95	74.75	74.9	1074770
1/24/2017	75	75	74.9	74.95	1093100
1/23/2017	74.9	75	74.8	75	1393330
1/20/2017	74.9	74.95	74.5	74.9	1280290
1/19/2017	74.8	74.8	74.6	74.8	881040
1/18/2017	74.3	74.85	74.3	74.7	865280
1/17/2017	74.5	74.85	74.2	74.3	1266710
1/16/2017	74.5	74.95	74.5	74.7	1065960
1/13/2017	74.85	74.85	74.75	74.8	421490
1/12/2017	75	75	74.75	74.85	1326940
1/11/2017	74.95	74.95	74.75	74.9	999850
1/10/2017	74.95	75	74.85	75	3825910
1/9/2017	74.8	75.25	74.5	74.95	1689700
1/6/2017	72.6	74.9	72.6	74.8	2794410
1/5/2017	71.85	74.9	71.85	72.5	2087820
1/4/2017	70.5	71.9	68.6	71.25	1390230
1/3/2017	70.7	70.7	68.5	70.55	613960
12/29/2016	70.9	71.25	70	70.8	1732590
12/28/2016	68.5	71	67.85	70.9	1289000
12/27/2016	67.9	68	66.75	67.6	966470
12/23/2016	66.5	67.15	66.5	66.95	1137640
12/22/2016	70.3	70.3	66.55	68	4455600
12/21/2016	70.5	70.75	70	70.15	2654740
12/20/2016	72.05	72.1	70	70.7	4667180
12/19/2016	74	74	72.5	72.6	1294880
12/16/2016	73.1	74	72.15	74	1266120
12/15/2016	74.75	74.75	73	73.1	667970
12/14/2016	73.8	74.2	72.15	73.75	2367320
12/13/2016	74.8	74.8	73.65	73.95	1879850
12/12/2016	74	74.3	72.6	74	759290
12/9/2016	75	75	73.3	74.3	816530
12/8/2016	74.9	74.9	72.9	74	2378980
12/7/2016	72	74.9	72	74.9	1504280
12/6/2016	72	72.6	71.55	72	763400
12/5/2016	73	73.2	71.55	72	987620
12/2/2016	73.25	73.6	70.35	73	2425520
12/1/2016	75	75	73.3	73.3	2356080
11/29/2016	73	75	73	73.25	5510770
11/28/2016	74.5	74.9	72.7	74	1348170
11/25/2016	73.4	75	72.9	75	855670
11/24/2016	73	73.95	73	73.4	791450
11/23/2016	73.25	74.5	72.7	74	1490800
11/22/2016	74.8	74.8	73	73.25	1005170
11/21/2016	76	76	75	75.25	1632540
11/18/2016	74.85	75.5	74	75	1052490
11/17/2016	72.7	75	72.7	73.55	2029700
11/16/2016	73.6	73.65	72.65	73.25	1882930
11/15/2016	72.15	73.95	72.15	73.6	1959100
11/14/2016	72.1	72.55	71.7	72.2	2229910
11/11/2016	74.65	75.85	72.1	72.55	3019910
11/10/2016	75.3	76.05	75.3	75.85	1353500
11/9/2016	77	77	75.1	75.85	971960
11/8/2016	76.45	77	74.1	77	3077430
11/7/2016	74.6	76.75	74.6	75.1	2648900
11/4/2016	74.45	76.9	74.1	76.9	2237180
11/3/2016	75.1	75.8	74.1	74.6	2684700
11/2/2016	76.7	76.7	75.1	75.8	2250470
10/28/2016	76.5	78	75	78	1887750
10/27/2016	76.55	77.5	75.5	76.7	1998360
10/26/2016	77.25	78	76	76.4	2233160
10/25/2016	78.5	78.5	76.7	77.25	1858150
10/24/2016	76.3	78.5	76.3	78.5	647960
10/21/2016	79.2	79.25	77	78.1	1224390
10/20/2016	79.5	79.5	78.05	79.2	1267830
10/19/2016	78.9	80	78.9	80	2491370
10/18/2016	75.25	79	74.5	79	2275930
10/17/2016	75.05	77	74.5	75.55	1034140
10/14/2016	75.2	76.5	74.95	76.5	1102550
10/13/2016	75.5	75.75	74.5	75.25	1315210
10/12/2016	76.1	76.1	75.1	75.75	1164230
10/11/2016	77	77.1	75.2	76.1	1392350
10/10/2016	77	77	76	76.8	295500
10/7/2016	75.65	77.4	75.65	77	1036780
10/6/2016	76.5	77.7	76.5	77.2	639220
10/5/2016	78	78	76.5	76.8	744590
10/4/2016	75	77.8	74.8	77.6	2312800
10/3/2016	76	76	75	75.2	1710850
9/30/2016	76.8	76.8	74.8	75.75	3446360
9/29/2016	77.3	77.3	76.55	76.9	1157980
9/28/2016	77.5	78.25	76.5	77.1	533870
9/27/2016	76.9	78.8	74.5	78.8	2397790
9/26/2016	78	78	76.05	77	471450
9/23/2016	79.2	79.25	76.8	78	1257890
9/22/2016	78.4	79.6	76.15	79.2	1742460
9/21/2016	75.8	78.4	75.6	78.4	787490
9/20/2016	77	77.3	75.6	76.3	1411060
9/19/2016	75.1	76	74.9	76	1576930
9/16/2016	77.45	77.45	75	75.1	3579240
9/15/2016	75	78	72.5	78	2406590
9/14/2016	74.55	74.6	72	74.6	3120890
9/13/2016	73	74.6	72	74.6	2025270
9/9/2016	73.5	74	73.4	73.6	1083550
9/8/2016	72.65	73.5	72.25	73.1	1771170
9/7/2016	73.8	74.9	72.7	72.85	2389770
9/6/2016	74	74	73.4	73.4	2078580
9/5/2016	73	74.5	73	73.6	1911450
9/2/2016	74.5	75.5	74.5	74.8	1948680
9/1/2016	74	74.9	72.5	74.5	1545440
8/31/2016	75.1	75.5	73	75	3736530
8/30/2016	76.85	76.85	74	75.1	2131460
8/26/2016	75.5	75.5	74.25	75.3	4571240
8/25/2016	76	76.5	75.25	75.5	1848320
8/24/2016	75.6	75.8	75	75.3	1853160
8/23/2016	75.75	75.9	75.4	75.8	1231160
8/22/2016	76	76.5	75.05	75.75	2089280
8/19/2016	75.65	76.5	75.5	75.65	1498090
8/18/2016	75	75.75	74.7	75	1958140
8/17/2016	75.95	77.1	74.9	75.1	2916890
8/16/2016	75.3	76	74.45	75	1798360
8/15/2016	75.1	75.1	74.7	74.8	2368580
8/12/2016	75.9	76	74.75	75	1667120
8/11/2016	75.95	75.95	74.7	75.1	3061600
8/10/2016	74.95	75.15	74.7	74.95	6030530
8/9/2016	76	76	75	75.15	2127480
8/8/2016	76.35	76.35	74.85	75.2	2126970
8/5/2016	75.5	76.35	75	75.45	1660880
8/4/2016	74.95	76.3	74.95	75.5	8129660
8/3/2016	78	78	74.35	74.95	6268880
8/2/2016	77.9	79.8	76	79.8	1497950
8/1/2016	79.55	79.55	77.4	77.9	1394600
7/29/2016	79	80	77.2	78	2055250
7/28/2016	81.45	81.45	77.4	78	2204600
7/27/2016	80.2	81.8	79.8	80.15	2002780
7/26/2016	82.55	82.55	78.5	80.2	7815180
7/25/2016	82.55	83	82.4	82.5	2353770
7/22/2016	83	83	82	82.5	1834270
7/21/2016	84.3	84.3	83	83	1382340
7/20/2016	83.3	84.4	83.3	84.4	1279770
7/19/2016	81.2	83.2	81.2	83.2	3675670
7/18/2016	80	80.5	79.3	80.5	1264860
7/15/2016	79	80	78.8	80	2246840
7/14/2016	78.85	78.85	77.7	78.85	1333360
7/13/2016	79	79	78.6	78.8	2234700
7/12/2016	79.4	79.4	78.5	79	1591570
7/11/2016	79.8	79.8	78.5	79.2	1884230
7/8/2016	78.05	79	78	78	920100
7/7/2016	77.25	78.8	77.25	78	1674220
7/5/2016	80.2	80.2	76	76.5	1873140
7/4/2016	79.45	80	78.8	79.1	855110
7/1/2016	77.95	80.3	77.95	79	609090
6/30/2016	77.95	80.9	77.95	77.95	3777230
6/29/2016	75.8	77.95	75.4	77.95	916890
6/28/2016	76.2	76.2	74.05	74.05	679980
6/27/2016	74.25	75	73.7	75	1222120
6/24/2016	76	76.2	74.35	74.35	1626510
6/23/2016	75.6	75.6	75.3	75.4	874150
6/22/2016	74.35	76	74.35	75.6	1008290
6/21/2016	73.9	75.4	73.5	75.1	2397580
6/20/2016	74	74	73.05	73.5	1912970
6/17/2016	73.5	73.7	73.4	73.7	2255190
6/16/2016	72.9	73	72.9	73	1618440
6/15/2016	72.9	73	72.75	72.9	1231870
6/14/2016	74.95	74.95	72.1	72.9	1300680
6/13/2016	74.5	75	72.7	75	1248670
6/10/2016	75.4	75.4	74.5	74.85	2430260
6/9/2016	77.65	77.75	74.3	75.4	1967840
6/8/2016	78.05	78.05	77.6	77.65	2054560
6/7/2016	78.2	78.2	77.9	78.05	2982490
6/6/2016	77.95	78.5	77.9	78	1593600
6/3/2016	76.45	78.15	76.45	77.9	1759740
6/2/2016	77.85	78.25	75	76.45	1930520
6/1/2016	78.7	78.7	75	77.85	1490660
5/31/2016	78	79	75.85	79	24814590
5/30/2016	75.9	78	75.9	78	1727010
5/27/2016	75.75	75.9	75.65	75.9	4421510
5/26/2016	74.5	75.7	74.05	75.5	3267780
5/25/2016	73.8	75.45	73.5	74.8	3564710
5/24/2016	73	73.9	73	73.5	3309460
5/23/2016	73	73.4	72	73	1876570
5/20/2016	71.2	73.5	71.15	72	4734720
5/19/2016	70.8	71.25	70.7	71.05	3310350
5/18/2016	71	71.2	70.7	70.9	2488230
5/17/2016	70.4	71.65	70.4	70.7	2251170
5/16/2016	68	70.45	68	70.35	2157350
5/13/2016	70.75	71.7	70.75	70.8	2095840
5/12/2016	71.4	71.4	70.5	70.5	1967980
5/11/2016	68	71.5	67.8	70	4871150
5/10/2016	64	67.5	63.1	67.5	2309780
5/6/2016	63.65	65	63.65	64.3	1903500
5/5/2016	64.5	66	63.5	64.3	1329920
5/4/2016	65.5	66.3	64	66.3	1471180
5/3/2016	65.5	66.15	65.3	65.5	838310
5/2/2016	65.6	66.4	65.25	66	1025180
4/29/2016	67	67	66.1	66.4	1285640
4/28/2016	66.8	67	66.6	67	1601750
4/27/2016	65	66.8	64.4	66.8	974150
4/26/2016	66.5	66.5	65.5	65.9	1153610
4/25/2016	65.05	66.5	64.75	66.5	497140
4/22/2016	63.95	65	63.95	65	886370
4/21/2016	63.9	64.15	63.6	64	2223320
4/20/2016	63.7	64	63.5	63.95	1218270
4/19/2016	64	64	63.4	63.7	790630
4/18/2016	64.4	64.5	63.5	64	1493640
4/15/2016	64.1	64.5	64.1	64.5	759800
4/14/2016	63.4	64.6	63.4	64.55	2286260
4/13/2016	64.4	64.5	63.9	64.45	1160860
4/12/2016	64.5	64.5	64.45	64.5	686840
4/11/2016	64.4	64.5	64.05	64.5	482420
4/8/2016	64.45	64.7	64.35	64.7	1432920
4/7/2016	64.45	64.45	64	64.45	699190
4/6/2016	64	64.2	63.4	64	1348020
4/5/2016	64.35	64.5	63.35	64	430910
4/4/2016	64.95	64.95	64.3	64.5	641470
4/1/2016	65	65	63.75	64.95	812480
3/31/2016	64.75	65	64.4	65	2816660
3/30/2016	65.3	65.3	64.3	64.55	2009750
3/29/2016	65	65	63.95	64.05	1933140
3/28/2016	63.05	65	63.05	65	288250
3/23/2016	62.75	63.3	62	63.05	1195360
3/22/2016	64.3	64.6	61.1	63.8	1620310
3/21/2016	64	64.65	64	64.25	1266720
3/18/2016	61.9	63.5	60.8	63.4	3005940
3/17/2016	60.8	61.5	60.8	61.5	925850
3/16/2016	61	62	60	60	2645570
3/15/2016	61.8	61.8	60.7	60.7	801010
3/14/2016	61.55	63.55	60.15	60.15	1988430
3/11/2016	60.3	61.1	60.3	61	1043240
3/10/2016	60.3	61.1	60.05	60.3	1334850
3/9/2016	60.15	60.3	60.05	60.2	1429880
3/8/2016	60.15	60.3	59.85	60.1	1189980
3/7/2016	60.15	60.15	59.7	60.15	926960
3/4/2016	61	61.2	59.9	59.95	594640
3/3/2016	59.05	61	59.05	60.2	4123130
3/2/2016	58.1	59	57.45	59	1198600
3/1/2016	57	58.1	56.9	58.1	1106920
2/29/2016	57.8	57.85	56.9	57	3653530
2/26/2016	57.55	58	57.45	57.8	695100
2/24/2016	57.85	58.05	57.55	58	733480
2/23/2016	58	58.25	57.5	57.95	852970
2/22/2016	57.7	57.8	57.4	57.45	1156860
2/19/2016	57.95	58.35	57	57.3	827230
2/18/2016	57.85	57.95	57.8	57.9	1716590
2/17/2016	57.95	57.95	57.75	57.85	1571890
2/16/2016	57.9	57.95	57.8	57.85	1765410
2/15/2016	57.2	57.95	57.2	57.9	1425010
2/12/2016	57.6	57.95	57.6	57.9	866780
2/11/2016	57.35	57.9	57.35	57.9	419370
2/10/2016	56.15	57.45	56.1	57.35	413340
2/9/2016	56.5	57.8	56.5	57.8	447920
2/5/2016	56.7	57.95	56.7	57.7	1199210
2/4/2016	56.2	57.25	56.2	57.25	742610
2/3/2016	58	58	55.9	56.2	1461940
2/2/2016	56.2	57	56.2	56.8	4037550
2/1/2016	58.65	58.65	55.05	58	2581230
1/29/2016	57	58.65	56.95	58.5	3826580
1/28/2016	57	57	56.25	57	890680
1/27/2016	54.5	57.3	54.5	57.3	1447450
1/26/2016	54.4	56.1	54.4	54.5	1052980
1/25/2016	54.7	56.95	54.35	56.95	1413280
1/22/2016	54.25	54.5	53.95	54.4	706710
1/21/2016	54.2	55	54.2	54.4	1847830
1/20/2016	55.8	56	55	55.45	993730
1/19/2016	55.4	55.4	55.05	55.15	486640
1/18/2016	55.05	55.8	55.05	55.4	1191180
1/15/2016	56.45	56.6	56.35	56.5	1036090
1/14/2016	55	56.6	55	56.45	1486200
1/13/2016	55.45	57.1	54.95	56.1	1237620
1/12/2016	55	55.65	55	55	1513960
1/11/2016	55.25	55.55	54.05	54.5	2299040
1/8/2016	56	56.7	55.1	56.3	1328710
1/7/2016	57.85	57.85	56	56	1400750
1/6/2016	57.85	58	57.8	57.9	1250340
1/5/2016	57.95	57.95	57.2	57.75	1345640
1/4/2016	58	58	57.2	57.2	691200
12/29/2015	57.85	57.95	57.75	57.95	1108950
12/28/2015	57.85	57.9	57.6	57.8	1289850
12/23/2015	58	58	57.8	57.9	1150010
12/22/2015	57.3	58	56.9	57.95	2460810
12/21/2015	56.85	57.25	56.5	56.5	1308360
12/18/2015	56	57.25	56	56.85	2397980
12/17/2015	56.3	57	56.25	56.95	884650
12/16/2015	56.3	56.3	55.35	56.1	1426340
12/15/2015	56.25	56.25	55.25	55.9	814780
12/14/2015	54.9	56.35	52.5	56.3	754580
12/11/2015	57	57.15	54.9	54.9	2299780
12/10/2015	56.7	57.6	56.35	57.6	1354870
12/9/2015	56.95	57.5	56.3	56.7	331290
12/8/2015	57.1	57.25	56.3	56.95	471050
12/7/2015	56.75	57.4	56.7	57.1	759680
12/4/2015	56.2	57.55	56.2	57.35	663990
12/3/2015	57.85	57.85	57.25	57.7	457350
12/2/2015	57.85	58	56.5	57.55	560080
12/1/2015	57.45	58	57.4	57.85	4106040
11/27/2015	57.05	58.3	56.6	56.6	12072370
11/26/2015	57.9	57.9	57.2	57.75	2044260
11/25/2015	57.75	57.9	56.95	57.85	1905350
11/24/2015	57.85	57.85	56.1	56.1	1205300
11/23/2015	57.85	57.85	57	57.85	1068360
11/20/2015	57.05	57.85	55.7	57.85	2516560
11/17/2015	55.25	57.2	55.25	55.7	1512280
11/16/2015	56	56.2	52.9	55.2	1232560
11/13/2015	56.75	57.3	55.9	57	1292470
11/12/2015	56.6	56.85	56	56.8	2059700
11/11/2015	56.05	56.6	56	56.6	2198990
11/10/2015	56.9	56.9	56	56.5	768960
11/9/2015	57	57	55.9	56.8	688350
11/6/2015	56.15	56.55	56.15	56.15	430280
11/5/2015	56.5	56.75	56.15	56.15	1309800
11/4/2015	57.35	57.35	56.3	56.5	1452640
11/3/2015	57.1	57.7	57.1	57.35	679700
11/2/2015	57.6	57.6	56.95	57.05	724850
10/30/2015	56	57.2	56	56	2051940
10/29/2015	57	58	56.35	58	1522320
10/28/2015	57	57.8	56.7	57.3	575570
10/27/2015	57.1	57.95	56.55	57	1456690
10/26/2015	58.2	58.2	57.1	57.1	1146840
10/23/2015	57.5	58.2	57.5	57.75	1763110
10/22/2015	57.8	57.8	57	57.4	434990
10/21/2015	56.6	57.8	56.6	57.7	924440
10/20/2015	57.8	57.85	56	57.5	1268130
10/19/2015	57	58	57	57.8	643620
10/16/2015	57.95	58	56.5	57	1379950
10/15/2015	56.2	57.5	55.9	57.4	981400
10/14/2015	56.05	56.7	55.7	55.9	660520
10/13/2015	57.9	57.9	56.05	56.05	4645210
10/12/2015	58.2	58.4	57.35	57.5	1734780
10/9/2015	58.1	58.1	57.2	57.5	1192620
10/8/2015	57.75	58	57.7	57.8	1009200
10/7/2015	58.1	58.1	56.6	57.5	2179870
10/6/2015	57.95	58.1	57.95	58.1	2129840
10/5/2015	56.9	57.9	56.9	57.25	2494980
10/2/2015	57	57.5	56.5	56.85	1522040
10/1/2015	57.8	57.85	56.6	56.6	1252950
9/30/2015	57.8	57.9	57.65	57.7	3262370
9/29/2015	57	57.9	56.6	57.6	1995180
9/28/2015	57.9	58.2	56.55	57.55	551420
9/24/2015	58.2	58.2	56.7	57.9	1471710
9/23/2015	58.45	58.45	56.5	58.2	2412530
9/22/2015	58.2	58.2	57.5	58	1365550
9/21/2015	58	58	57.3	57.95	1768230
9/18/2015	58.5	58.5	57.45	57.45	2485890
9/17/2015	57.6	58.4	57.6	58.2	1510300
9/16/2015	58.45	58.45	58	58	2249340
9/15/2015	58	58.1	57.1	57.55	591110
9/14/2015	57.95	58	56.5	58	955500
9/11/2015	58.1	58.1	56.05	57.95	1023450
9/10/2015	56.05	58	56	58	2171110
9/9/2015	57.6	57.8	57	57.25	1529590
9/8/2015	58.35	58.5	57.15	57.65	871070
9/7/2015	56.1	58.45	56.1	57.9	673470
9/4/2015	55.3	57.9	55.3	57.9	995670
9/3/2015	55.7	57.55	55.6	57.55	704590
9/2/2015	55	55.7	53	55.7	1198950
9/1/2015	54.5	55	54	54.8	2634270
8/28/2015	54	55.1	53.65	55.1	3280570
8/27/2015	53.1	53.9	53.1	53.5	3114150
8/26/2015	51.95	52.9	51.5	52.8	3180690
8/25/2015	52	52.1	50.05	51.95	3117800
8/24/2015	56.8	56.8	53	53.65	3287270
8/20/2015	57.55	57.55	57.05	57.5	3232720
8/19/2015	57.1	57.65	57	57.5	910550
8/18/2015	57.5	57.5	57.15	57.5	1158770
8/17/2015	57.25	57.5	57	57.5	1301940
8/14/2015	57.25	57.5	57.2	57.5	716650
8/13/2015	57.4	57.6	57.4	57.55	2993540
8/12/2015	57.5	57.6	57.45	57.45	1283400
8/11/2015	57.55	57.95	57.5	57.7	1261900
8/10/2015	57.5	58.5	57.5	58.05	598310
8/7/2015	58	58.5	57.6	58	755370
8/6/2015	58.8	58.8	57.7	57.7	1032090
8/5/2015	58.9	58.9	58.7	58.8	979070
8/4/2015	58.3	58.75	58.3	58.75	1308440
8/3/2015	59	59	57.2	58.3	1496890
7/31/2015	59	59	57.95	58.5	1655240
7/30/2015	58.95	59	58.6	58.9	1111590
7/29/2015	57.8	59	57.8	58.6	1312020
7/28/2015	57.2	58	56.1	57.8	940180
7/27/2015	57.8	57.85	57.2	57.45	935850
7/24/2015	59	59.05	57.75	57.75	602130
7/23/2015	58.5	59	58.05	59	754130
7/22/2015	58.65	58.65	57.9	58.65	868910
7/21/2015	58	58.6	57.2	58.6	931670
7/20/2015	57.45	58.5	57	58	428290
7/16/2015	57.8	58.5	57.65	58.5	675440
7/15/2015	57.4	57.5	57	57.3	325640
7/14/2015	57.5	57.75	57.05	57.1	1875020
7/13/2015	57	57.9	57	57.5	3571020
7/10/2015	56.3	57.45	56.3	57.25	1479620
7/9/2015	57.1	57.95	56.8	57.95	1506470
7/8/2015	57.05	57.2	57	57.1	2334670
7/7/2015	57.95	57.95	57.05	57.3	654080
7/6/2015	57.45	58	57	58	1129550
7/3/2015	57	57.2	57	57	625660
7/2/2015	57.1	57.1	56.4	57	1897740
7/1/2015	56.85	57.6	56.8	57.55	1130780
6/30/2015	56.65	58.2	56.6	58.05	12855630
6/29/2015	57.9	58	57	57.9	408160
6/26/2015	57.9	58	57.85	57.9	734820
6/25/2015	58.25	58.25	56.8	56.8	1449760
6/24/2015	57.1	58.3	56.65	58.3	1380520
6/23/2015	57.3	57.5	56.65	57	976620
6/22/2015	56.9	57.3	56.55	57.3	832320
6/19/2015	56.05	57.3	56.05	56.55	2405180
6/18/2015	57	57	56.2	57	738720
6/17/2015	56.1	56.35	56.05	56.3	867780
6/16/2015	56	56.35	55.55	56.1	1187180
6/15/2015	57.2	57.2	56	56.2	687570
6/11/2015	55.5	56.8	55.25	56.8	1063770
6/10/2015	54	55.4	54	55.4	1435750
6/9/2015	54.5	55.3	53	54.5	819960
6/8/2015	55.6	55.6	54.5	54.7	1000770
6/5/2015	55.55	55.9	55.5	55.6	640500
6/4/2015	56.5	56.5	55.5	55.8	2972790
6/3/2015	56	57	56	56.5	7142700
6/2/2015	56.3	57.2	55.95	57.05	1342110
6/1/2015	57.4	57.5	55.6	57.35	851000
5/29/2015	56.4	57.8	56	56	4860220
5/28/2015	57	57	55.6	56.95	778260
5/27/2015	57	57.5	56.5	57	1247460
5/26/2015	57.4	57.5	57	57.2	836100
5/25/2015	57.45	57.45	57.2	57.4	334350
5/22/2015	57.4	57.45	56.8	57.45	736800
5/21/2015	57.45	57.45	56.55	57	643130
5/20/2015	57.35	58.2	56.3	56.5	1766120
5/19/2015	57.8	57.95	57.5	57.6	861370
5/18/2015	57.6	57.7	57.5	57.5	1047120
5/15/2015	57.9	57.9	57.2	57.65	1073880
5/14/2015	56.9	57.95	56.2	57.25	1636690
5/13/2015	56.75	58	56.75	57.95	908500
5/12/2015	57.45	58	56.5	57.75	1394100
5/11/2015	57.65	57.9	57.55	57.9	658060
5/8/2015	57.3	57.9	57.3	57.65	1324140
5/7/2015	56.8	58	55.6	56.8	888300
5/6/2015	57.5	57.5	57	57.5	778200
5/5/2015	57.6	57.6	57.3	57.5	3634650
5/4/2015	57	57	56	57	1104010
4/30/2015	57.2	57.7	54.5	56.65	2126370
4/29/2015	58.05	58.05	57	57.2	1530750
4/28/2015	58.3	58.3	58	58.05	1057500
4/27/2015	58.4	58.4	57.8	58	2910670
4/24/2015	57.85	58.35	57.6	58	1296970
4/23/2015	57.8	58	57.3	57.95	996200
4/22/2015	57.8	57.85	55.25	57.85	929870
4/21/2015	57.9	58	57	57.85	721890
4/20/2015	58.5	58.5	56.1	57	1041420
4/17/2015	56.7	58.5	56.7	58.5	1155000
4/16/2015	57.45	57.45	55.1	56.7	2784470
4/15/2015	57.95	58	57	58	926030
4/14/2015	57.55	58	57.55	58	998630
4/13/2015	58.1	58.2	57.8	58.1	675120
4/10/2015	57.1	58.85	57.1	58.1	932230
4/8/2015	58	58.15	57.5	57.8	624750
4/7/2015	58.3	58.8	57.95	58	813750
4/6/2015	56.85	58.05	56.85	58.05	2217150
4/1/2015	58.2	58.45	56.85	57.5	1206570
3/31/2015	57.5	58.15	57.5	58	3812000
3/30/2015	57.5	59.2	57.1	57.1	2274720
3/27/2015	57.05	57.3	56.55	57.05	1635760
3/26/2015	56.9	57	55.6	57	493040
3/25/2015	56.95	56.95	55.05	56.9	952910
3/24/2015	56.4	56.95	55.55	56.95	1069240
3/23/2015	56.95	56.95	55.55	56.4	549030
3/20/2015	55.9	56.35	55.5	55.75	2099210
3/19/2015	56.95	56.95	56	56	1664250
3/18/2015	57.65	58	57	57.1	940770
3/17/2015	57.4	58.4	57	57.7	1140510
3/16/2015	57	58.5	56.8	57.4	1394890
3/13/2015	57.9	58.2	56.1	57	1286050
3/12/2015	58.8	58.8	57.8	58.3	1088080
3/11/2015	58.6	58.6	57.5	58.6	1676940
3/10/2015	58.5	59	58	58.6	683300
3/9/2015	59	59	58	58.5	750020
3/6/2015	58.1	59	58	59	722740
3/5/2015	58	58.2	57.3	58.1	1618120
3/4/2015	57.1	58.5	57.1	58	1201200
3/3/2015	58.2	58.2	57	57	956920
3/2/2015	56.85	58	56.8	58	1150510
2/27/2015	57.95	58.05	56	56.85	1634800
2/26/2015	57.05	58	57	58	1158790
2/25/2015	57.95	58	57.7	58	1199600
2/24/2015	57.8	58	57.7	57.95	1394960
2/23/2015	57.8	57.8	57	57.5	624920
2/20/2015	56.8	57.9	56.1	57.9	2207300
2/18/2015	57.35	57.4	56.8	56.8	436300
2/17/2015	57.65	57.65	57.05	57.35	626740
2/16/2015	57.6	57.6	57	57.1	585160
2/13/2015	58	58	57.1	57.8	1577400
2/12/2015	57.9	57.9	57.05	57.9	1375590
2/11/2015	58	58	56.4	57.9	784050
2/10/2015	57	58	57	57.9	5567260
2/9/2015	58	58	56.8	57.1	754390
2/6/2015	58	58.05	57.5	58	4209330
2/5/2015	58	58	56.5	57.5	2556050
2/4/2015	57.9	58	57.6	58	3089970
2/3/2015	57.9	57.9	56	57.55	1075370
2/2/2015	56.6	58.5	56.6	57.8	2288870
1/30/2015	56.7	56.85	56.45	56.6	2083570
1/29/2015	56.75	57.9	56.5	56.85	2143010
1/28/2015	56.2	56.7	56.2	56.55	6038820
1/27/2015	55.75	56.35	55.75	56	1688840
1/26/2015	55.45	55.75	55.35	55.75	1234830
1/23/2015	55.1	55.5	55.1	55.45	2780920
1/22/2015	55	55.2	54.85	55	1950290
1/21/2015	55	55.2	54.9	55	1972500
1/20/2015	54.4	54.6	54	54.4	6114520
1/19/2015	54.65	54.95	53.8	54.4	311970
1/14/2015	54.4	55	54.4	54.95	2552900
1/13/2015	54.3	54.45	54.2	54.4	3033140
1/12/2015	54.2	54.2	53.2	54.2	1277170
1/9/2015	54.15	54.25	54.15	54.2	3601290
1/8/2015	53.05	54.1	53.05	54	2228960
1/7/2015	53	53.7	52.65	53.55	2313510
1/6/2015	53.65	53.75	52.4	53.75	1917280
1/5/2015	53.7	53.7	53.45	53.65	1128190
