ALI 1216

12/27/2019	46.3	46.55	45.5	45.5	10432800
12/26/2019	46.5	47	46.2	46.4	3843700
12/23/2019	45.1	47.25	45.1	47.25	9842900
12/20/2019	45.4	46	43.7	46	17863301
12/19/2019	46.6	46.6	45	45.4	8737300
12/18/2019	46.5	46.5	45.6	45.75	10987000
12/17/2019	46.4	47	45.25	45.75	17599500
12/16/2019	47	47.9	45.75	45.75	11468500
12/13/2019	45.8	47	45	46.9	8712500
12/12/2019	45	45.5	44.55	45	5887500
12/11/2019	44.8	45.9	44.65	45.45	5165800
12/10/2019	44.8	45.4	44.3	45.25	6292400
12/9/2019	45.5	45.7	44.7	44.7	11827800
12/6/2019	45.4	45.7	45	45.5	5186200
12/5/2019	45.45	45.75	45.45	45.5	19353699
12/4/2019	46.3	46.45	45.95	46	13214100
12/3/2019	46.75	47.25	46	47.25	11096000
12/2/2019	45.45	47	45.1	47	5839400
11/29/2019	44.7	45.5	44.7	45.5	7226900
11/28/2019	44.05	44.7	44.05	44.7	9193300
11/27/2019	43.4	44.65	43.1	44.5	15035300
11/26/2019	43.95	44.2	42.55	42.55	37427398
11/25/2019	44.5	44.9	43.75	43.9	14704200
11/22/2019	44.65	44.8	43.85	44.5	13217800
11/21/2019	45.7	45.7	44.15	45.2	13189200
11/20/2019	45	45.7	44.65	45.7	11103300
11/19/2019	44.9	45.5	44.8	45	10232500
11/18/2019	45.95	46	44.8	44.9	9939500
11/15/2019	46.8	46.8	45.95	45.95	6893400
11/14/2019	46.2	47	45.9	47	5224700
11/13/2019	46.5	46.95	46	46.95	6290200
11/12/2019	46.8	46.85	46.25	46.5	4686800
11/11/2019	47.5	47.5	46.5	46.8	7175500
11/8/2019	47.05	47.1	46.35	47	7780900
11/7/2019	47.55	47.55	46.9	47	8608800
11/6/2019	49	49	46.75	47	13879600
11/5/2019	48.9	49.65	48.7	49	10078500
11/4/2019	49.4	49.9	48.9	49	8138000
10/31/2019	49.5	49.5	48.55	48.55	5560800
10/30/2019	49	49.55	48.8	49.55	5324000
10/29/2019	48.8	49	48.5	49	5701900
10/28/2019	48.5	48.8	48.1	48.8	5076900
10/25/2019	49.2	49.2	48.5	48.5	2815900
10/24/2019	48.65	49.05	48.65	48.95	6667200
10/23/2019	48.65	49	48.65	49	4139400
10/22/2019	48.8	49	48.65	48.8	8801700
10/21/2019	48.65	49.05	48.6	48.85	4310600
10/18/2019	49.2	49.2	48.9	49	4277500
10/17/2019	49.1	49.2	48.5	49.2	4017900
10/16/2019	48.05	49.2	48	49.1	6759600
10/15/2019	48.05	48.15	47.9	48	5128100
10/14/2019	47.9	48.2	47.75	48	3923000
10/11/2019	46.9	47.95	46.7	47.95	2754900
10/10/2019	46.95	47.2	46.55	46.8	3506700
10/9/2019	46.35	46.6	46	46.5	2011000
10/8/2019	46.5	46.9	46.2	46.5	7806600
10/7/2019	46.25	46.55	46	46.5	5971300
10/4/2019	45.65	46.35	45.3	46.2	4536400
10/3/2019	46.55	46.55	45	45	15387000
10/2/2019	48.15	48.15	47	47	9208500
10/1/2019	49.7	49.7	48.15	48.15	6863500
9/30/2019	49.65	49.7	49.1	49.45	12910500
9/27/2019	49.6	49.65	49.2	49.3	12529100
9/26/2019	49.2	49.65	49.05	49.35	10941400
9/25/2019	48.7	49.2	48	49.2	7921900
9/24/2019	48.4	48.95	47.25	48.95	3952600
9/23/2019	47.95	48.65	47.8	48.65	2947500
9/20/2019	48.6	48.8	47.9	47.9	16266000
9/19/2019	48.1	49	48.1	49	8494900
9/18/2019	48.8	49.1	48.05	48.05	8554600
9/17/2019	49.3	49.4	48.8	48.8	14082600
9/16/2019	49.9	49.9	48.85	49.9	7923900
9/13/2019	49.4	49.9	48.85	49.9	4671900
9/12/2019	49.5	49.5	49.05	49.3	6708360
9/11/2019	49	50	48.7	50	7999700
9/10/2019	49.1	49.2	48.4	49	7122300
9/9/2019	49.5	49.7	49	49.6	8360200
9/6/2019	48.8	49.6	48.7	49.5	12984700
9/5/2019	47.95	48.5	47.3	48.5	5748900
9/4/2019	47.7	47.8	47.05	47.4	9375400
9/3/2019	47.5	47.8	47.1	47.3	10370000
9/2/2019	47.35	47.8	47.35	47.4	6942800
8/30/2019	48.05	48.2	47.3	47.3	25166000
8/29/2019	48	48	47.4	47.7	12162700
8/28/2019	47.75	48	47.25	47.75	11207300
8/27/2019	48.05	48.3	47.25	47.25	30254801
8/23/2019	48.45	49	47.75	48.9	12861400
8/22/2019	49	49.15	48.35	49.15	15526900
8/20/2019	48.6	49.5	48.5	49.5	7877600
8/19/2019	48.5	49.4	48.2	49.4	12304900
8/16/2019	48.5	49.25	48.45	49.25	17231900
8/15/2019	47.4	49	47	48.85	17971500
8/14/2019	47.4	49.2	47.4	48.9	18209600
8/13/2019	48.4	48.4	46.3	47.25	25680900
8/9/2019	48.55	49.05	48.55	48.65	9555100
8/8/2019	49	49.4	48.7	48.9	8562600
8/7/2019	48.15	48.85	48.15	48.5	14069000
8/6/2019	48.4	48.4	47.55	48.05	22532500
8/5/2019	50.05	50.7	49.15	49.15	6635510
8/2/2019	50	51	49.45	51	5717040
8/1/2019	49.75	50.05	49.4	50.05	8275400
7/31/2019	50.8	51	49.75	49.8	11400370
7/30/2019	51.55	51.55	50.95	51.1	3898780
7/29/2019	51.4	51.65	50.95	51.3	2742030
7/26/2019	51.65	51.95	51.35	51.35	4935900
7/25/2019	51.55	52.55	51.5	52.55	3269150
7/24/2019	52.1	52.15	51.4	52	9303770
7/23/2019	52	52.45	51.9	52.1	5278510
7/22/2019	51.4	52.2	51.4	51.95	4289060
7/19/2019	52.5	52.85	52	52	8880370
7/18/2019	52.2	52.5	52.1	52.35	10337980
7/17/2019	52	52.75	52	52.2	10579870
7/16/2019	53.5	53.85	51.8	51.8	15736830
7/15/2019	53	53.6	52.8	53.5	9744540
7/12/2019	52.6	53	52.3	53	11368580
7/11/2019	51.8	53	51.55	53	10327970
7/10/2019	51.55	51.6	51	51.25	6420600
7/9/2019	52.05	52.4	51.25	51.45	8054490
7/8/2019	51.85	52.65	51.8	52.1	18957551
7/5/2019	51.5	52.45	51.5	52.2	12579070
7/4/2019	51.55	51.95	51.4	51.4	6029720
7/3/2019	51.75	52.35	51.55	51.75	8364750
7/2/2019	51.55	51.7	51.05	51.45	9924340
7/1/2019	50.95	51.7	50.7	51.7	5484330
6/28/2019	50.7	50.8	50.4	50.8	10811670
6/27/2019	50.65	50.9	50.45	50.6	10739880
6/26/2019	50.6	51	50.4	51	10266840
6/25/2019	51.8	51.9	50.5	50.55	9625940
6/24/2019	50.5	52	50.5	51.8	11312640
6/21/2019	50.7	51.2	50.55	50.75	15389290
6/20/2019	50.4	50.8	50.35	50.55	9349280
6/19/2019	50.5	51	50.4	51	6188500
6/18/2019	50.05	50.85	49.9	49.9	9667740
6/17/2019	50.55	50.95	50	50.5	6289810
6/14/2019	51.15	51.15	50.05	50.5	14160300
6/13/2019	51.15	51.5	49.75	51.5	15622940
6/11/2019	50.65	51.35	50.45	51	9236680
6/10/2019	49.85	50.7	49.7	50.65	13988300
6/7/2019	50.1	50.75	49.7	49.8	8418480
6/6/2019	51	51.25	50	50	22628230
6/4/2019	51.7	51.95	50.2	50.5	13833060
6/3/2019	49.75	52.5	49.65	52.45	26167400
5/31/2019	48.6	49.6	48.5	49.5	27118400
5/30/2019	48.5	49.45	48.2	48.2	11443900
5/29/2019	48.6	48.7	48.4	48.5	8398400
5/28/2019	48.1	48.65	47.4	48.65	27116699
5/27/2019	47.15	48.3	47.15	48.1	13000200
5/24/2019	48.45	48.45	47.4	47.7	8521800
5/23/2019	48	48.5	48	48.5	10520300
5/22/2019	47.75	48.3	47.6	48	9664900
5/21/2019	47.5	48	46.8	47.9	9615700
5/20/2019	46.75	47.6	46.75	47.5	4448100
5/17/2019	46.3	47.8	46.3	46.75	10989800
5/16/2019	47	47.85	46.4	46.6	12575700
5/15/2019	47.95	47.95	47	47	10143000
5/14/2019	47.2	48.3	47	47.95	20830600
5/10/2019	47	47.5	46.1	47	11832700
5/9/2019	46	46.95	46	46.8	12875700
5/8/2019	46.9	47	45.95	47	21210699
5/7/2019	46.3	47.5	46.3	46.95	9516200
5/6/2019	47.4	47.4	46.3	46.8	21637100
5/3/2019	48	48.05	47.4	47.4	12052600
5/2/2019	49.1	49.4	48	48	16279800
4/30/2019	48.5	48.95	48.4	48.95	10638500
4/29/2019	48.15	48.8	48	48.5	23440400
4/26/2019	49.5	49.6	48	48.5	20647000
4/25/2019	48	49.5	47.95	49.5	18473500
4/24/2019	47.4	48.1	47.1	48	19145699
4/23/2019	46.95	47	46.35	47	13110000
4/22/2019	46.6	47.1	46.6	47	14978400
4/17/2019	46.95	47.2	46.8	47	19386600
4/16/2019	46.7	47.45	46.7	47.3	24760301
4/15/2019	46.4	46.9	46.4	46.8	25336301
4/12/2019	46.7	46.75	46.4	46.6	14220900
4/11/2019	45.5	46.95	45.5	46.7	22570301
4/10/2019	45.1	45.5	44.95	45.35	41430398
4/8/2019	45	45	44.85	45	9190300
4/5/2019	44.5	45.1	44.5	45	7025000
4/4/2019	44.6	44.75	44.4	44.5	11193000
4/3/2019	44.6	44.85	44.5	44.6	4761300
4/2/2019	45	45	44.8	44.95	11397100
4/1/2019	44.85	45.15	44.7	45	17106900
3/29/2019	44.4	44.9	44	44.9	14318300
3/28/2019	44.55	44.6	43.7	44	15297400
3/27/2019	44.8	44.9	43.55	43.55	11748200
3/26/2019	44.4	44.95	44	44.5	12287800
3/25/2019	44.85	44.85	43.6	43.85	6083600
3/22/2019	44.7	45.75	44.7	45	18796301
3/21/2019	44	44.7	43.85	44.7	13282700
3/20/2019	43.25	43.7	43.25	43.7	12432300
3/19/2019	43.1	43.45	43	43.25	12974100
3/18/2019	43.1	43.45	43.1	43.45	8801200
3/15/2019	42.8	43.15	42.6	43.1	13077100
3/14/2019	42.85	43.45	42.65	42.8	9923800
3/13/2019	42.8	43	42.6	42.85	8636800
3/12/2019	43.15	43.55	42.8	42.9	6182100
3/11/2019	43.6	43.8	42.9	43.15	5778100
3/8/2019	43.1	43.85	43	43	7222600
3/7/2019	43.65	43.85	43.3	43.4	8307500
3/6/2019	43.3	44.4	43.25	44.25	8415100
3/5/2019	43	43.55	43	43.25	19086400
3/4/2019	43.2	43.65	42.8	42.9	7216400
3/1/2019	43.8	44.1	43	43.2	9124800
2/28/2019	44.65	44.9	44	44	14014800
2/27/2019	44.65	44.9	44.15	44.65	8828100
2/26/2019	44	45	44	44.95	17597900
2/22/2019	44	44.5	43.9	44.5	7967400
2/21/2019	43.9	44.05	43.6	44	17149000
2/20/2019	43.1	43.9	43.1	43.9	12209300
2/19/2019	44.65	44.9	42.5	43	17025600
2/18/2019	44.6	44.95	44.4	44.65	8435200
2/15/2019	44.95	44.95	44.2	44.5	6612900
2/14/2019	44.5	45	44.45	45	6798400
2/13/2019	44.85	44.9	43.9	44.4	13515400
2/12/2019	44.9	45	44.45	44.8	6118700
2/11/2019	45	45.2	44.8	44.9	5238400
2/8/2019	45.2	45.25	44.85	45	10289800
2/7/2019	45	45.25	44.85	45.25	12189700
2/6/2019	44.9	45.15	44.75	45	10605900
2/4/2019	44.55	44.95	44.55	44.85	2473700
2/1/2019	44.7	45.25	44.5	44.95	22515801
1/31/2019	43.75	44.75	43.75	44.4	20312100
1/30/2019	43.1	44.2	43.1	43.75	17467400
1/29/2019	44.2	44.45	42.85	43.1	25127000
1/28/2019	44.6	44.8	43.85	44.2	15793200
1/25/2019	44.35	44.9	44.2	44.6	8118100
1/24/2019	44.1	44.95	44.1	44.35	7146700
1/23/2019	44.05	44.5	43.85	44.1	11115000
1/22/2019	45.25	45.25	44.4	44.7	10702600
1/21/2019	44.6	45.75	44.15	45.3	7445000
1/18/2019	44.65	45.15	44.2	45	11539200
1/17/2019	43.3	45	43.25	45	25486100
1/16/2019	44.75	44.75	43.1	43.1	11804800
1/15/2019	44	45.1	43.95	45	14994800
1/14/2019	44	44.55	42.7	44.55	12455600
1/11/2019	45	45.05	44.2	44.35	16485000
1/10/2019	44.8	45.25	43.7	45	22832199
1/9/2019	43.9	45	43.9	45	20331600
1/8/2019	44.8	44.8	43.5	43.9	11078100
1/7/2019	43.8	45	43.8	44.8	16911801
1/4/2019	42.35	44.35	42.35	43.7	27004801
1/3/2019	41.25	42.5	40.75	42.45	14316500
1/2/2019	40.6	41.95	40.6	41.3	4850600
12/28/2018	41.1	42	40.6	40.6	11717100
12/27/2018	41.2	42.1	40.6	40.6	8096700
12/26/2018	40.9	41.25	40.7	41.25	4393400
12/21/2018	42.05	42.7	41.1	41.3	14895700
12/20/2018	42.5	42.9	41.75	42.05	9558300
12/19/2018	42.45	43.2	42.15	43.2	8144400
12/18/2018	41.9	42.5	41.55	42.5	4487500
12/17/2018	42	42.6	41.8	42.5	7611500
12/14/2018	42.3	42.5	41.6	42.3	7179500
12/13/2018	42	42.35	41.9	42.35	11485100
12/12/2018	41.9	42.2	41.35	41.8	14689900
12/11/2018	40.55	42	40.55	42	6822000
12/10/2018	40.75	41.2	40.1	40.3	7844400
12/7/2018	41.55	41.95	40.15	40.75	10825500
12/6/2018	42.45	42.45	41.55	41.9	8969300
12/5/2018	42.1	42.5	41	42.5	11548500
12/4/2018	41.8	42.65	41.15	42.65	21121301
12/3/2018	42.2	42.85	41.3	41.9	15998700
11/29/2018	41	41.75	40.7	41.65	27201699
11/28/2018	40.9	40.9	40.25	40.25	5826700
11/27/2018	41.45	41.5	40.5	40.9	10360500
11/26/2018	41.5	42	41.2	41.5	10524300
11/23/2018	40	41.5	39.9	41.5	11888600
11/22/2018	39.9	40.1	39.65	40	3159400
11/21/2018	40.05	40.05	39.5	40	7884800
11/20/2018	39.8	40.25	38.65	40.1	11868800
11/19/2018	39.35	39.9	39.3	39.9	12157000
11/16/2018	39	39.7	39	39.35	16213200
11/15/2018	38.8	39.25	38.3	38.5	9783500
11/14/2018	38.55	39.3	38.55	38.8	6012600
11/13/2018	38.55	38.95	38.05	38.5	9065100
11/12/2018	38	39	38	38.6	28139199
11/9/2018	38.5	38.6	38	38	7158200
11/8/2018	38.1	39.2	38.05	38.5	15168200
11/7/2018	38.35	38.85	38	38	15290300
11/6/2018	40	40.1	38	38	14767300
11/5/2018	39.8	40	39	40	14154500
10/31/2018	38.25	39.65	38.25	39.65	14799300
10/30/2018	38.35	39	38.3	38.3	7908500
10/29/2018	38.75	38.9	38.2	38.7	5718300
10/26/2018	38.3	38.85	38.3	38.75	6384500
10/25/2018	39	39.05	38	38	17933500
10/24/2018	40.05	40.2	39.1	39.1	9440400
10/23/2018	41.15	41.35	40	40.6	6853900
10/22/2018	40.9	41.4	40.8	41.15	9223600
10/19/2018	40.1	40.95	39.8	40.9	4918700
10/18/2018	40.95	40.95	40.2	40.6	4918100
10/17/2018	40.4	41	40.4	40.8	5888500
10/16/2018	39.4	40.2	39.2	40.2	7399000
10/15/2018	40	40.35	39.2	39.2	10730800
10/12/2018	38.1	39.5	38	39.3	10216900
10/11/2018	38.8	38.9	38.1	38.5	10250600
10/10/2018	39.7	39.7	38.45	39.5	6192700
10/9/2018	39.45	39.7	39	39.7	3197800
10/8/2018	39	39.5	39	39	9817000
10/5/2018	38.9	39.3	38.75	39	8894300
10/4/2018	40	40.1	38.6	38.6	8641500
10/3/2018	39.15	40.5	39	40.5	4483800
10/2/2018	40.6	40.6	39	39.3	11436200
10/1/2018	39.95	40.6	39.4	40.6	3343900
9/28/2018	40.65	41.25	40	40.05	9919200
9/27/2018	40.05	41.3	39.95	41.3	3588400
9/26/2018	40	40.45	40	40.45	4521200
9/25/2018	41	41.2	39.85	39.85	8418600
9/24/2018	41.15	41.85	40.6	40.9	4448800
9/21/2018	39.9	41.75	39.9	41.75	11311800
9/20/2018	40.5	40.65	39.8	39.8	9641700
9/19/2018	40.5	41.2	39.9	40	7033900
9/18/2018	41.4	41.55	40.05	40.5	11743000
9/17/2018	41	41.95	41	41.6	3996500
9/14/2018	42	42	41	41	7868000
9/13/2018	41.65	42	41	42	5948200
9/12/2018	41.6	42	41.6	41.75	6741000
9/11/2018	41.9	42.1	41.7	41.85	7072700
9/10/2018	42.1	42.8	41.5	42	12866000
9/7/2018	42.4	43.4	41	42.2	12822100
9/6/2018	43.4	43.4	42.35	43.1	9504000
9/5/2018	44.2	44.2	43.15	43.4	11636800
9/4/2018	43.9	44.4	43.75	44.2	8746500
9/3/2018	44.5	44.5	43.45	43.95	2772800
8/31/2018	44.05	44.5	43.9	44.5	12338700
8/30/2018	44.1	45	44.1	44.7	10569700
8/29/2018	43.75	44.8	43.7	44.8	18582801
8/28/2018	43.9	44.5	43.55	44	16531900
8/24/2018	43.8	44.05	43.6	43.9	13727700
8/23/2018	43.2	44.45	43.1	44.3	23261801
8/22/2018	42.2	43.15	42.2	43.1	15136500
8/20/2018	42.5	43	42	42.2	5692700
8/17/2018	41.15	42.5	41.15	42.5	6720900
8/16/2018	41.1	41.4	40.6	41.4	2435700
8/15/2018	40.5	41.35	40.5	41.1	5649600
8/14/2018	41	41.1	40.35	40.45	9994300
8/13/2018	42.35	42.35	41.05	41.25	10319700
8/10/2018	42.2	42.75	42.2	42.6	7886200
8/9/2018	42.95	43.2	41.6	42.9	11417400
8/8/2018	42.2	42.8	42	42.65	17054199
8/7/2018	41.9	42	41.6	42	27877500
8/6/2018	40.65	41.95	40.6	41.95	9404400
8/3/2018	40.85	41.25	40.4	40.5	9024200
8/2/2018	41.8	41.85	41	41.25	7692000
8/1/2018	40.8	41.95	40.75	41.95	13680700
7/31/2018	41.75	42.2	40.55	40.85	21267400
7/30/2018	41.2	42.2	40.9	42.2	9884400
7/27/2018	40.9	41.35	40.55	41.35	10536100
7/26/2018	40.6	41.2	40.4	40.85	21502699
7/25/2018	39.1	41	39.1	40.5	21175500
7/24/2018	38.75	39.1	38.6	39.1	7716100
7/23/2018	38.8	38.9	38.3	38.8	8337000
7/20/2018	38.7	38.9	38.1	38.9	4324300
7/19/2018	38.5	38.75	38.2	38.5	4808300
7/18/2018	37.7	38.5	37.5	38.5	7790700
7/17/2018	37.25	37.65	37.1	37.4	7792500
7/16/2018	37.2	37.5	36.95	37.1	4100100
7/13/2018	38	38.05	37.45	37.65	7883100
7/12/2018	37.05	38.25	37.05	37.5	7831000
7/11/2018	36.75	37.4	36.75	37.3	11230800
7/10/2018	37	37.15	36.55	36.55	12823100
7/9/2018	37	37.65	36.8	37	5250500
7/6/2018	37.4	37.4	36.7	36.7	10950300
7/5/2018	38.2	38.2	37.5	37.6	15923200
7/4/2018	38	38.4	37.7	38.2	6245900
7/3/2018	38.4	38.4	37.65	38	7991300
7/2/2018	37.9	38.75	37.85	38	14869000
6/29/2018	37	38	37	37.9	16840400
6/28/2018	37.4	37.45	36.9	37	9486600
6/27/2018	36.7	37.95	36.7	37.6	20511900
6/26/2018	36.3	36.85	36.25	36.6	12469000
6/25/2018	38	38	36.3	36.3	19976400
6/22/2018	37.05	38	36.05	37.55	16253800
6/21/2018	38.25	38.25	37	37.05	20689301
6/20/2018	38.45	38.75	38.15	38.25	14257400
6/19/2018	38.4	38.65	38	38.4	10940300
6/18/2018	39.05	39.1	38.3	38.6	12295700
6/14/2018	40.2	40.25	39.15	39.15	28545301
6/13/2018	40.6	40.8	40.15	40.15	9966100
6/11/2018	41	41.15	40.55	40.8	4461800
6/8/2018	41.6	41.65	40.8	40.8	5100200
6/7/2018	41.1	42	41.05	41.8	7595700
6/6/2018	40.4	41.4	40.4	40.9	13565200
6/5/2018	41	41	40	40.3	9805100
6/4/2018	40.65	41.15	40.2	41	5681600
6/1/2018	40	41.2	40	40.55	6500000
5/31/2018	40.6	41	39.8	39.8	28431500
5/30/2018	40.8	41.05	40.15	40.2	10633900
5/29/2018	41.2	41.5	41	41	7711100
5/28/2018	41.25	41.35	41	41.2	7396900
5/25/2018	42	42	41	41.3	4470700
5/24/2018	41.5	42	41.45	41.9	3834500
5/23/2018	41.9	42	41.1	41.5	6213100
5/22/2018	42	42	41.1	41.95	4611200
5/21/2018	42	42.35	41.9	41.9	3199600
5/18/2018	41.7	42.35	41.2	42	3545100
5/17/2018	42.9	43.1	41.7	41.7	10874100
5/16/2018	42.3	43.35	41.75	43.3	12606900
5/15/2018	41	42.3	40.55	42.25	17944600
5/11/2018	40.2	41	40.05	41	10095800
5/10/2018	40	40.5	39.95	39.95	6240500
5/9/2018	40.35	40.5	39.95	39.95	4370500
5/8/2018	40	41.05	40	40.1	9231700
5/7/2018	40.15	40.45	39.85	40	5362700
5/4/2018	40.75	40.8	40.05	40.15	5848200
5/3/2018	41.5	41.5	40.6	40.75	8901800
5/2/2018	41	41.55	40.8	40.85	11760500
4/30/2018	41.15	41.2	40.7	40.8	12208800
4/27/2018	40.8	41.2	40.6	41	9084900
4/26/2018	39.7	41	39.6	41	7088100
4/25/2018	40.1	40.4	39.7	39.8	8932500
4/24/2018	41.25	41.35	40.05	40.05	7793600
4/23/2018	41.35	41.35	40.6	41.25	6528700
4/20/2018	40.4	41.4	40.2	41.1	12296700
4/19/2018	40.5	40.95	39.5	40.1	24761600
4/18/2018	39.8	41	39.8	41	12264100
4/17/2018	40.15	40.15	39	39.75	10755700
4/16/2018	40.05	40.3	39.9	40	5661700
4/13/2018	40.65	40.85	39.8	39.9	14171300
4/12/2018	40.5	40.9	40.25	40.8	7016400
4/11/2018	41.25	41.55	40.3	40.5	10064600
4/10/2018	41.1	41.45	40	41.25	13894900
4/6/2018	41.65	41.75	40.45	41	5370200
4/5/2018	41.75	41.75	41.25	41.75	3838000
4/4/2018	41.75	41.85	41.2	41.6	10820700
4/3/2018	40.3	41.8	40.3	41.6	8699200
4/2/2018	41	41.15	40.25	41	5811400
3/28/2018	40.95	41.1	40.5	41.1	17430301
3/27/2018	40.3	41.15	40.3	41.1	13615400
3/26/2018	39.9	40.35	39.8	40.1	12468900
3/23/2018	40.5	41	40	40.35	20754199
3/22/2018	39.8	41.95	39.75	41.95	17057500
3/21/2018	41.3	41.3	39.75	39.75	20396000
3/20/2018	41.2	41.2	40.2	41	24845500
3/19/2018	41	41.5	40.85	41.5	14074200
3/16/2018	40.4	41.35	40.4	41	41936898
3/15/2018	41.55	41.55	40.3	40.3	15248700
3/14/2018	41.95	41.95	40.8	41.45	8404100
3/13/2018	42	42.2	41.55	41.55	6625600
3/12/2018	42	42.75	41.5	42	11630200
3/9/2018	41.5	41.9	41.5	41.75	9678300
3/8/2018	41.95	41.95	41.3	41.5	7557800
3/7/2018	41.5	41.55	41.35	41.45	18266100
3/6/2018	41.7	42.3	41.15	41.2	20631500
3/5/2018	41.45	41.85	41.3	41.65	11685900
3/2/2018	42	42.05	41.2	41.5	12627100
3/1/2018	41.4	42.85	41.4	42.2	17922000
2/28/2018	42.5	42.6	41.1	41.1	24035000
2/27/2018	42.65	42.9	42.45	42.5	23537699
2/26/2018	43.25	43.5	42.5	42.5	22452801
2/23/2018	44.25	44.3	43.7	43.9	11734800
2/22/2018	44.95	44.95	43.75	44.25	13163700
2/21/2018	45.8	45.8	44.7	45	11385100
2/20/2018	45.55	46	44.9	46	9788400
2/19/2018	44.5	45.6	44	45.6	6557400
2/15/2018	45.6	45.7	43.5	44.6	5949500
2/14/2018	43.7	45.2	43.1	45.1	12596600
2/13/2018	44	44.1	43.1	43.7	7501200
2/12/2018	44	44.45	43.55	43.55	8219600
2/9/2018	44.5	44.5	43.75	43.95	11284100
2/8/2018	45.3	45.4	44.7	45.2	8698200
2/7/2018	44.2	45.2	44.15	45.2	14773700
2/6/2018	44.4	44.45	43.5	44	22597900
2/5/2018	45	45.25	44.5	44.8	13541500
2/2/2018	45.5	45.85	45	45.85	9582700
2/1/2018	44.25	45.5	44.25	45.35	12665400
1/31/2018	44.8	45.4	44.25	44.25	22132500
1/30/2018	46.5	46.5	44.9	45.6	18764000
1/29/2018	47.5	47.5	46.15	46.5	12918900
1/26/2018	47	47.5	46.95	47.5	8978000
1/25/2018	46.25	47.3	46.25	47	16623301
1/24/2018	45.6	46.3	45.4	46.25	13342800
1/23/2018	45.3	45.9	45.2	45.6	14236500
1/22/2018	44.9	45.5	44.9	45.2	6698800
1/19/2018	44.9	44.95	44.45	44.9	9958900
1/18/2018	44.5	45.2	44.45	45	11166800
1/17/2018	45.25	45.25	44.4	44.6	12363800
1/16/2018	44.8	45.5	44.8	45.05	9383000
1/15/2018	44.35	45.5	44.3	44.8	4998200
1/12/2018	44.35	44.65	44.1	44.35	12227500
1/11/2018	45.4	45.4	44	44.35	23354699
1/10/2018	46.35	46.35	45.4	45.65	10036600
1/9/2018	45.2	46.4	45.2	46.4	14713900
1/8/2018	45.55	45.7	45.2	45.2	8511000
1/5/2018	44.4	45.6	44.4	45.5	11091100
1/4/2018	45.5	45.55	44.1	44.25	9590900
1/3/2018	44.7	45.5	44.6	45.5	10030500
12/29/2017	44.6	44.65	44	44.6	8039500
12/28/2017	43.8	44.8	43.8	44.65	14305700
12/27/2017	43.2	43.8	42.95	43.8	3929400
12/22/2017	43	43.25	42.85	43.25	6973700
12/21/2017	43.4	43.4	42.55	43	5558900
12/20/2017	43.6	43.65	43.05	43.3	2476800
12/19/2017	43.4	43.85	43.1	43.6	8946700
12/18/2017	42.85	43.3	42.5	43.3	7139600
12/15/2017	43.3	43.3	42.25	42.4	23136400
12/14/2017	43.9	43.9	43.05	43.3	10947300
12/13/2017	44	44.15	43.7	43.95	7221000
12/12/2017	43.25	44.35	43.25	44.15	13310700
12/11/2017	43	43.5	43	43.5	4521300
12/8/2017	42.4	43.05	42.3	43	7597800
12/7/2017	42.6	42.65	42.1	42.1	5628000
12/6/2017	42.65	43.15	42.5	42.6	7957300
12/5/2017	41.9	42.55	41.7	42.5	4444100
12/4/2017	42.1	42.3	41.7	41.75	10401800
12/1/2017	42.75	43.1	42.1	42.2	15202300
11/29/2017	43.95	43.95	42.8	42.8	23322100
11/28/2017	44	44	43.1	44	3600100
11/27/2017	44.5	44.55	43.65	44	6873900
11/24/2017	42.8	44.7	42.75	44.5	13550000
11/23/2017	42.7	43	42.65	42.9	3585500
11/22/2017	42.75	43.3	42.65	42.7	10400200
11/21/2017	42.9	42.9	41.9	42.05	7141900
11/20/2017	42.8	42.95	42.6	42.8	4637600
11/17/2017	41.9	42.75	41.9	42.75	7393300
11/16/2017	42.05	42.95	41.55	41.55	11441600
11/15/2017	42.6	43	42.15	42.2	6777100
11/14/2017	42.6	43	41.9	42.5	14194900
11/13/2017	43.85	44.5	42.5	42.5	14615800
11/10/2017	44.5	44.7	43.8	43.8	6282400
11/9/2017	44.45	45	44.3	44.4	5925200
11/8/2017	46	46	44.3	44.3	8485900
11/7/2017	45	45.8	44.7	45.6	8278800
11/6/2017	44.15	45	44.15	45	7484200
11/3/2017	44.45	45.2	43.9	44	16327600
11/2/2017	43.2	44.2	43.15	44	13770400
10/30/2017	43.75	43.75	43	43.2	5253900
10/27/2017	42.45	43.35	42	43.35	8532700
10/26/2017	43	43.3	42.4	42.8	7460300
10/25/2017	44	44	42.65	43.3	8650300
10/24/2017	44.05	44.45	43.9	44	7604500
10/23/2017	43.15	44.05	43.05	43.9	17393100
10/20/2017	43.35	43.35	42.7	43.15	8833500
10/19/2017	42.3	43.45	41.65	43.35	10952400
10/18/2017	43.2	43.2	41	42.45	21481000
10/17/2017	43.9	44	42.5	42.5	24146000
10/13/2017	42.85	43.6	42.85	43.35	15029700
10/12/2017	42.5	43.15	42.35	42.8	12152800
10/11/2017	43.45	43.45	42.3	42.5	30088900
10/10/2017	43.3	43.5	42.85	43.3	14737400
10/9/2017	42.9	43.45	42.9	43.3	10814700
10/6/2017	43.55	43.55	42.9	42.9	18604900
10/5/2017	43.9	43.9	43.15	43.15	13420700
10/4/2017	44.25	44.45	43.95	43.95	7775700
10/3/2017	43.4	44.4	43.4	43.8	9441300
10/2/2017	43.7	43.85	43.35	43.4	9823400
9/29/2017	43.6	43.8	43.35	43.5	16578801
9/28/2017	43.65	44.05	43.2	43.2	17768301
9/27/2017	43.5	43.9	43.1	43.6	15296600
9/26/2017	44.5	44.5	43.3	43.45	15811400
9/25/2017	45.05	45.05	44.25	44.5	9110700
9/22/2017	45.5	45.55	45.05	45.15	6417600
9/21/2017	45.5	46	45.4	45.5	16527199
9/20/2017	45.5	45.7	45.2	45.5	8414900
9/19/2017	46	46.05	45.05	45.05	9421500
9/18/2017	45	46.1	44.75	46	12354100
9/15/2017	44.25	45	44.1	45	21489600
9/14/2017	43.7	44.75	43.7	44.15	22951699
9/13/2017	43.7	43.8	43.45	43.65	12732700
9/11/2017	43.2	43.3	43	43.2	6378200
9/8/2017	42.9	43.5	42.9	43.2	10405000
9/7/2017	42.7	42.9	42.5	42.9	7140200
9/6/2017	42.8	42.9	42.6	42.75	9608000
9/5/2017	42.6	42.8	42.5	42.8	5814200
9/4/2017	42.8	42.95	42.65	42.8	10809700
8/31/2017	42.4	42.9	42	42	9539600
8/30/2017	42.45	42.45	41.85	42	5754100
8/29/2017	42.85	42.85	41.85	42	8519600
8/25/2017	42.6	42.8	42.3	42.6	4569600
8/24/2017	42.5	42.6	42	42.6	4048700
8/23/2017	42.95	42.95	42.2	42.2	4004400
8/22/2017	43.4	43.4	42.1	42.6	7727000
8/18/2017	42.9	43	42.6	42.95	2646400
8/17/2017	42.95	43.35	42.4	43.25	7189500
8/16/2017	42.4	43.25	42.1	42.5	11215400
8/15/2017	42.3	42.45	41.8	42.4	5675600
8/14/2017	41.95	42.3	41.95	42.2	4525000
8/11/2017	42.45	42.45	41.6	41.95	6117000
8/10/2017	42.95	42.95	42.1	42.5	2792800
8/9/2017	43	43.2	42.3	42.6	2590500
8/8/2017	42.25	43.4	42.2	43	16068300
8/7/2017	41.9	42.1	41.6	41.85	5681500
8/4/2017	42	42.15	41.7	41.9	8121000
8/3/2017	41.9	42.25	41.55	41.85	5505000
8/2/2017	41	42.2	40.95	41.9	7309300
8/1/2017	42	42	41	41	17967000
7/31/2017	42.85	43	41.8	42	12685700
7/28/2017	43.7	43.9	42.85	43	9408000
7/27/2017	44.4	44.6	43.3	43.3	9426600
7/26/2017	43.5	44	43.4	43.95	9531200
7/25/2017	43	43.3	42.85	43.2	8869900
7/24/2017	42.3	43	41.95	42.65	16882100
7/21/2017	41.95	42.15	41.8	42.15	13779500
7/20/2017	42	42	41.8	41.9	5984800
7/19/2017	41.9	42	41.55	41.7	7306300
7/18/2017	41.45	41.75	41.45	41.75	8692600
7/17/2017	41.2	41.6	41.2	41.45	5659900
7/14/2017	41.55	41.85	40.95	41.2	6753000
7/13/2017	42	42	41.05	41.55	11415900
7/12/2017	40.7	41.9	40.7	41.55	12411900
7/11/2017	40	40.6	39.95	40.4	8906400
7/10/2017	39.85	40.15	39.8	39.9	6289000
7/7/2017	40	40.05	39.8	40	9750900
7/6/2017	39.7	40.15	39.7	39.95	7228300
7/5/2017	39.95	40.1	39.6	39.9	5902300
7/4/2017	40.15	40.15	39.75	39.95	3895800
7/3/2017	39.6	40.4	39.1	40.4	5476700
6/30/2017	39	39.75	38.45	39.75	11355200
6/29/2017	40	40.05	38.85	39	10385400
6/28/2017	40.05	40.4	39.8	39.9	9315900
6/27/2017	39.5	40.15	39.5	40.05	10153500
6/23/2017	39.85	39.95	39.2	39.45	6720700
6/22/2017	40.5	40.5	39.65	40	11787800
6/21/2017	41.1	41.1	40.2	40.5	9394700
6/20/2017	41.5	41.5	41.05	41.1	11038000
6/19/2017	40.7	41.5	40.5	41.5	9958600
6/16/2017	40.9	41.15	40.3	41.15	185756609
6/15/2017	40.45	41.45	40.45	40.95	16356100
6/14/2017	41	41.2	40.1	40.45	20821199
6/13/2017	41.9	41.9	40.55	40.85	20088801
6/9/2017	41.9	42.15	41.3	41.9	15304000
6/8/2017	41.9	42.4	41.45	41.9	17371199
6/7/2017	41	41.95	40.95	41.95	15505600
6/6/2017	41	41.3	40.1	40.7	14462900
6/5/2017	41	41.2	40.85	40.9	13319500
6/2/2017	40.6	41.4	40.55	41.3	25367600
6/1/2017	39.5	40.7	39.5	40.55	21266801
5/31/2017	40	40	39.2	39.4	19201500
5/30/2017	40.4	40.45	40.05	40.15	8675900
5/29/2017	40.05	40.95	40.05	40.6	11417600
5/26/2017	39.9	40.15	39.8	40	16864500
5/25/2017	38.8	39.9	38.65	39.9	12025600
5/24/2017	37.85	38.95	37.6	38.95	7538600
5/23/2017	38.5	38.5	37.85	38.1	7757200
5/22/2017	37.55	38.25	37.55	38.1	13565700
5/19/2017	37.6	37.75	37.3	37.4	11699600
5/18/2017	38.3	38.3	37.5	37.55	17303500
5/17/2017	39	39	38.45	38.6	9451000
5/16/2017	38.2	39	38.05	38.9	11907200
5/15/2017	39	39.75	37.45	37.45	13964100
5/12/2017	39	39	38.45	39	18858801
5/11/2017	38.6	39.9	38.35	39.4	24586801
5/10/2017	38.35	38.75	38.25	38.6	20662801
5/9/2017	38.45	38.85	38.05	38.4	23907400
5/8/2017	36.4	38.45	36.4	38.4	23702500
5/5/2017	35.95	37	35.9	36.7	23233199
5/4/2017	36	36.1	35.5	35.9	18460301
5/3/2017	35.5	35.65	35.4	35.5	20158500
5/2/2017	35.3	35.65	35.25	35.4	8897200
4/27/2017	35.75	35.75	35.3	35.3	12417100
4/26/2017	35.55	36.2	35.55	35.8	12238700
4/25/2017	35.2	35.65	35.2	35.55	13094700
4/24/2017	35.6	35.6	35.1	35.2	4189500
4/21/2017	35.3	35.65	35.3	35.6	6704800
4/20/2017	34.85	35.3	34.8	35.2	4725000
4/19/2017	35	35.15	34.8	35	4622300
4/18/2017	34.85	35.45	34.85	35.3	3316500
4/17/2017	35	35.25	34.85	34.85	2906300
4/12/2017	35.4	35.4	34.85	35	7267700
4/11/2017	35.5	35.6	35.25	35.4	6340100
4/10/2017	35.4	35.9	35.35	35.6	5061300
4/7/2017	35.1	35.7	34.6	35.4	7417500
4/6/2017	35.7	35.7	34.95	35	9341000
4/5/2017	34.3	35.95	34.25	35.95	14179000
4/4/2017	33.55	34.25	33.35	34	7575600
4/3/2017	33.6	33.75	33.15	33.15	4329200
3/31/2017	33.8	33.8	33.05	33.05	12644500
3/30/2017	33.9	34.2	33.4	33.85	11427400
3/29/2017	34.05	34.3	33.5	33.8	6498800
3/28/2017	34	34.8	33.9	34	7111600
3/27/2017	34.7	34.8	33.9	34	28484199
3/24/2017	35.55	35.55	34.5	34.5	5197200
3/23/2017	35.7	35.75	35.3	35.55	7162800
3/22/2017	35.85	35.95	34.65	35.55	16857500
3/21/2017	35.95	36.4	35.85	36	6755600
3/20/2017	36.45	36.45	35.95	35.95	4283600
3/17/2017	36.3	36.6	35.85	36.55	44118898
3/16/2017	36	36.45	35.85	35.9	3589500
3/15/2017	36.05	36.3	35.4	35.7	7415300
3/14/2017	36.2	36.35	35.8	36	4527900
3/13/2017	35.65	36.2	35.5	36.2	5194100
3/10/2017	35.95	36.1	35.5	35.5	5354000
3/9/2017	36	36.25	35.8	35.85	2017800
3/8/2017	36.15	36.25	35.6	36	2375400
3/7/2017	36	36.35	35.6	35.9	27342100
3/6/2017	35.8	36.15	35.75	36	34765301
3/3/2017	36.1	36.1	35.3	35.8	11757400
3/2/2017	35.6	36.15	35.5	36.15	11473200
3/1/2017	35.1	35.75	35.1	35.55	3518100
2/28/2017	36	36.15	35	35.3	10065000
2/27/2017	36.05	36.4	35.8	36	6915000
2/24/2017	36.8	36.85	36.05	36.05	7782400
2/23/2017	37.45	37.95	36.85	36.95	16121300
2/22/2017	36.2	37.6	36.1	37.6	16481400
2/21/2017	36.3	36.45	35.9	36.35	13675300
2/20/2017	36.25	36.4	36.05	36.2	11723500
2/17/2017	36.45	36.75	36.2	36.25	13813900
2/16/2017	36	36.55	36	36.4	17341400
2/15/2017	35.8	36.2	35.8	36	13163300
2/14/2017	36.15	36.3	35.5	35.6	11148700
2/13/2017	36.2	36.4	36	36.2	13475400
2/10/2017	35.75	36.3	35.05	36.3	5128900
2/9/2017	35.25	35.8	35.1	35.75	7791900
2/8/2017	35.85	35.95	35.25	35.25	6726200
2/7/2017	35.6	36	35.35	35.85	7543900
2/6/2017	35.2	35.7	35.2	35.7	11116400
2/3/2017	35.3	35.4	34.9	35.15	5586400
2/2/2017	35.15	35.55	35.15	35.3	8065100
2/1/2017	35.5	35.5	34.8	35.05	7690900
1/31/2017	35.85	35.85	35.55	35.55	8208000
1/30/2017	35.4	35.95	35.4	35.85	6298200
1/27/2017	35.9	35.95	35.35	35.35	6298400
1/26/2017	35.9	36.1	35.6	35.9	7321900
1/25/2017	36	36.25	35.9	35.9	5537800
1/24/2017	36.1	36.2	35.3	35.95	10006500
1/23/2017	35.2	36.5	35	36.5	8211900
1/20/2017	34.8	35.2	34.35	35.2	12258100
1/19/2017	33.95	34.9	33.75	34.9	9213600
1/18/2017	33.75	34	33.65	33.9	4805300
1/17/2017	34.4	34.5	33.7	33.8	7713200
1/16/2017	34	34.6	33.8	34.3	5560900
1/13/2017	33.9	34	33.6	34	3922900
1/12/2017	34.2	34.4	33.75	34	4538100
1/11/2017	34.4	35.3	34	34.2	9239800
1/10/2017	34	34.5	33.95	34.4	8183600
1/9/2017	34.4	34.45	33.95	33.95	9267900
1/6/2017	34.3	34.8	34	34.5	15326500
1/5/2017	33.3	34.85	32.95	34.15	17414301
1/4/2017	32.15	33.3	32.1	33.3	7582000
1/3/2017	32	32	31.25	32	2362200
12/29/2016	31.65	32	31.3	32	10400700
12/28/2016	30.8	31.7	30.3	31.7	8059700
12/27/2016	30.2	30.7	30.15	30.15	3845100
12/23/2016	30.2	30.5	30.05	30.05	5647700
12/22/2016	31.45	31.45	30.1	30.2	9598100
12/21/2016	31.35	31.75	30.75	31	7499500
12/20/2016	31.2	31.4	30.3	31.3	11242100
12/19/2016	31.8	32	30.8	31.2	11127500
12/16/2016	31.85	32.25	31.55	31.55	41287898
12/15/2016	32.05	32.05	31.6	31.75	9495300
12/14/2016	32.6	32.85	32	32.35	12241200
12/13/2016	33.2	33.25	32.25	32.5	20688199
12/12/2016	34.8	34.8	32.95	33	19240400
12/9/2016	34.45	34.95	34.25	34.95	11954100
12/8/2016	32.95	34.45	32.95	34.45	13936800
12/7/2016	32.6	32.9	32.45	32.8	12359700
12/6/2016	32.1	32.9	31.6	32.9	7564600
12/5/2016	33	33.4	31.8	31.8	12414700
12/2/2016	33.35	33.35	32.4	33	10553700
12/1/2016	33	33.7	32.9	33.4	26799699
11/29/2016	32.6	32.9	31.85	32.9	18119000
11/28/2016	32.5	33.15	32	32.6	19758699
11/25/2016	31.25	32.4	31.25	32.35	19236301
11/24/2016	30.65	31.15	30.65	31	26866100
11/23/2016	31.75	31.75	30.2	30.6	22973000
11/22/2016	33	33	31.6	31.6	15945300
11/21/2016	34	34	32.35	33	12026100
11/18/2016	33.95	34.2	33.4	34	8982500
11/17/2016	33.1	33.95	33.1	33.95	14481800
11/16/2016	31.75	33.2	31.75	33	10400800
11/15/2016	32.15	32.75	31.15	31.5	16348400
11/14/2016	32.6	32.65	31.9	31.95	13867100
11/11/2016	34	34	32.6	32.8	25718199
11/10/2016	34.6	35	33.8	33.85	15647300
11/9/2016	35.8	35.95	33.75	34	22660801
11/8/2016	35.8	36	35.4	35.7	8067500
11/7/2016	34.85	35.75	34.85	35.3	11357300
11/4/2016	34.9	35.3	34.7	34.8	16729301
11/3/2016	35.95	36.05	34.9	34.9	19982000
11/2/2016	36	36.25	35.6	35.9	14886700
10/28/2016	37	37.1	36	36.25	18053000
10/27/2016	37	37	36.75	37	10340800
10/26/2016	37.6	37.6	36.8	37	17463301
10/25/2016	37.7	38.1	37.15	37.6	12626500
10/24/2016	37.7	38.1	37.35	37.7	9040500
10/21/2016	38.1	38.1	37.65	37.75	6830800
10/20/2016	37.95	38.25	37.65	38.15	9687100
10/19/2016	37.4	38.1	37.35	38.1	24229400
10/18/2016	36.2	37.35	36.15	37.25	15122200
10/17/2016	36.8	36.85	36.1	36.2	28734699
10/14/2016	36.45	37.1	36.45	36.85	23825900
10/13/2016	37.3	37.45	36.4	36.4	26663801
10/12/2016	37.9	38	37.25	38	25061100
10/11/2016	38.2	38.45	38.15	38.3	8930800
10/10/2016	38.2	38.3	38	38.2	9883000
10/7/2016	38.7	38.7	38	38.1	13612600
10/6/2016	39.1	39.35	38.55	38.75	19399400
10/5/2016	39.5	39.75	39.1	39.75	12872200
10/4/2016	39.15	39.5	39.05	39.5	6106000
10/3/2016	39.3	39.4	39.05	39.4	1453900
9/30/2016	39.85	39.85	38.85	39.25	9398700
9/29/2016	38.85	39.8	38.75	39.8	11299100
9/28/2016	38.25	38.8	38.2	38.7	2809200
9/27/2016	38.15	38.4	37.85	38.25	6579900
9/26/2016	38.65	38.8	37.9	38.25	14379100
9/23/2016	39.05	39.1	38.2	39	12427300
9/22/2016	38.9	39.3	38.75	39	9472000
9/21/2016	38	38.85	37.9	38.75	10709600
9/20/2016	37.8	38	37.75	38	9319600
9/19/2016	37.4	37.75	37.05	37.75	8736600
9/16/2016	37.8	37.95	36.65	37.05	80398094
9/15/2016	37.15	38	37	38	20957699
9/14/2016	37.6	37.65	37.1	37.15	26867199
9/13/2016	38	39	37.8	37.8	20968500
9/9/2016	38.6	38.95	38	38	13384600
9/8/2016	38.2	38.95	37.65	38.6	14233600
9/7/2016	39.05	39.2	38.25	38.35	10985100
9/6/2016	39.5	39.5	38.75	39.25	10239500
9/5/2016	39.1	39.65	38.6	39.5	5485000
9/2/2016	38.4	39.65	38.4	39.5	6891800
9/1/2016	38.85	39	38	38.4	14071900
8/31/2016	38.6	39.2	38.3	38.5	16172700
8/30/2016	38.95	38.95	38.2	38.5	16854000
8/26/2016	39	39.1	38.55	38.7	13760200
8/25/2016	39.8	39.85	39.25	39.3	11206300
8/24/2016	41	41.1	39.5	40	16153900
8/23/2016	41.1	41.15	40.55	40.8	5114100
8/22/2016	41	41.2	40.85	41.2	4295700
8/19/2016	41.2	41.2	41	41.1	6278900
8/18/2016	41.2	41.85	41.05	41.2	4879300
8/17/2016	42	42.15	41.2	41.2	7174500
8/16/2016	41.9	41.9	41.5	41.6	8312900
8/15/2016	41.2	42	41.1	42	8919200
8/12/2016	41.2	41.25	40.85	41.2	8370900
8/11/2016	41.2	41.2	40.9	41.05	7974400
8/10/2016	40.95	41.25	40.55	41.15	6109500
8/9/2016	40.2	41.3	40.2	41.05	23431000
8/8/2016	40.5	40.5	39.55	40.2	5161300
8/5/2016	40.7	40.7	40.35	40.5	4604600
8/4/2016	40	40.6	39.9	40.6	7983400
8/3/2016	40.4	40.4	39.6	39.85	12072100
8/2/2016	40	40.2	39.75	40.15	5603100
8/1/2016	39.55	40.1	39.5	40	6001100
7/29/2016	39.95	40.65	39.5	39.5	11642800
7/28/2016	40.95	40.95	39.85	40	9779800
7/27/2016	40.2	41	40.15	41	11022500
7/26/2016	40.05	40.4	39.9	40.2	8534600
7/25/2016	40	40.05	39.8	39.95	18026400
7/22/2016	40	40.4	39.8	39.8	7214800
7/21/2016	40.05	40.1	39.7	40	17016301
7/20/2016	40	40.1	39.85	40.05	18162400
7/19/2016	40.1	40.2	39.9	40.05	12608100
7/18/2016	40.5	40.6	40.1	40.25	16230900
7/15/2016	40.05	40.8	40	40.7	30442100
7/14/2016	40.1	40.1	39.7	40	16794600
7/13/2016	39.7	40.25	39.7	40	28023000
7/12/2016	39.15	39.7	39.15	39.7	15195900
7/11/2016	38.9	39.2	38.9	39.1	11443800
7/8/2016	37.85	38.35	37.6	38.2	29325500
7/7/2016	38.85	38.95	37.9	37.9	14986000
7/5/2016	39.1	39.35	38.95	39	5956900
7/4/2016	39.15	39.5	38.9	38.95	9396400
7/1/2016	38.8	39.65	38.8	39	4506100
6/30/2016	39	40.6	38.8	38.8	22861600
6/29/2016	39.1	39.35	38.7	38.7	6775000
6/28/2016	39.35	39.35	38.6	38.8	9665400
6/27/2016	38.15	39.4	37.65	39.4	7998300
6/24/2016	39.65	39.65	37.6	38.2	23581500
6/23/2016	39.5	39.55	38.8	38.95	8545900
6/22/2016	39.6	39.7	39.35	39.6	9549500
6/21/2016	39.55	40.3	39.5	39.6	15632300
6/20/2016	38.35	40.1	38.35	39.55	19404400
6/17/2016	38	38.6	37.55	38.35	23707000
6/16/2016	37.8	38.05	37.55	37.85	9002500
6/15/2016	37.05	37.95	37	37.95	7527700
6/14/2016	37	37.1	36.5	37.1	7829700
6/13/2016	37.3	37.3	36.4	37	10640500
6/10/2016	37.5	38	37.1	37.1	13074100
6/9/2016	38.3	38.5	37.05	37.05	8143800
6/8/2016	39	39.3	38.05	38.05	12791900
6/7/2016	37.95	39.3	37.9	38.95	16991400
6/6/2016	36.5	37.9	36.5	37.9	10324400
6/3/2016	36.9	37.15	36.5	36.5	8478900
6/2/2016	36.5	37.4	36.45	36.9	5842900
6/1/2016	36.1	37.5	36.1	36.7	8604100
5/31/2016	37	37.05	35.7	35.7	31437699
5/30/2016	36.8	37.1	36.65	36.8	6766900
5/27/2016	36.9	37.05	36.5	36.85	11239300
5/26/2016	37.5	37.8	36.5	36.9	14135000
5/25/2016	36.1	37.2	36.05	37.2	20330100
5/24/2016	34.9	36.15	34.9	35.8	12497300
5/23/2016	35.1	35.5	34.8	35	15771000
5/20/2016	35.3	35.9	34.85	34.9	12668800
5/19/2016	36.7	36.7	35.35	36	14857000
5/18/2016	36.5	36.7	36.1	36.3	21259400
5/17/2016	36	36.8	36	36.5	23552000
5/16/2016	35.3	36.45	35.1	35.85	13228800
5/13/2016	35.25	36.8	35.15	35.5	22126301
5/12/2016	35.25	35.4	34.8	35.25	13353600
5/11/2016	35	35.55	35	35.25	20752801
5/10/2016	33.85	34.4	33.85	34.35	24180100
5/6/2016	33.75	33.95	33.75	33.85	17950500
5/5/2016	33.7	34	33.65	33.8	11833600
5/4/2016	33.75	33.85	33.6	33.75	13643100
5/3/2016	33.85	34	33.75	33.75	8397900
5/2/2016	34.1	34.15	33.55	33.8	11577600
4/29/2016	34.25	34.65	34.1	34.65	9887000
4/28/2016	34.4	34.95	34.2	34.25	6407800
4/27/2016	34.3	34.35	34.1	34.2	10203300
4/26/2016	34.1	34.4	34.05	34.2	6463700
4/25/2016	34.65	34.7	34.1	34.15	10545200
4/22/2016	34.9	34.9	34.6	34.7	5904100
4/21/2016	34	35	34	35	7580900
4/20/2016	34.45	34.5	33.8	34	10473900
4/19/2016	34.9	35.05	34.25	34.45	17981000
4/18/2016	35.55	35.55	34.75	34.95	8832500
4/15/2016	35.85	35.85	35.3	35.5	16247000
4/14/2016	35.75	35.95	35.65	35.95	10854100
4/13/2016	35.8	36	35.6	35.7	10470400
4/12/2016	36.2	36.25	35.5	35.75	8594600
4/11/2016	36	36.5	35.95	36.15	14061800
4/8/2016	35.6	36	35.35	36	16912699
4/7/2016	35.1	35.85	35.1	35.85	3352100
4/6/2016	35	35.15	34.8	35	8516200
4/5/2016	35.4	35.45	34.9	35	6532000
4/4/2016	35.5	35.75	35.15	35.4	6317500
4/1/2016	35.5	35.7	34.65	35.4	5863800
3/31/2016	35.5	35.8	34.85	35.25	15675800
3/30/2016	34.8	35.7	34.8	35.2	14490800
3/29/2016	35.1	35.1	34.65	34.75	10741000
3/28/2016	36	36	34.95	35	12798200
3/23/2016	36	36.05	35.65	35.85	6727600
3/22/2016	36.8	36.85	35.65	36.2	11795800
3/21/2016	37.6	37.85	36.85	36.95	16132800
3/18/2016	35.15	36.8	35.15	36.6	26961199
3/17/2016	34.2	35.15	34.2	34.85	14927300
3/16/2016	35.1	35.1	34	34	9834100
3/15/2016	35.8	35.8	35.05	35.25	10959800
3/14/2016	35.95	36	35.65	35.65	9179500
3/11/2016	35.05	36	34.9	35.3	11236800
3/10/2016	33.8	35	33.75	34.95	6607400
3/9/2016	33.9	34.35	33.65	34.2	12983600
3/8/2016	33.95	34.05	33.3	33.7	6399100
3/7/2016	34.1	34.2	33.95	34.2	7149200
3/4/2016	33.7	34.15	33.7	34	12165400
3/3/2016	33.9	34.4	33.8	34	14130100
3/2/2016	32.85	33.85	32.8	33.8	15912700
3/1/2016	32.4	32.8	32.4	32.7	6872400
2/29/2016	32.25	32.8	32.1	32.8	11283000
2/26/2016	32	32.4	31.9	32.05	15295800
2/24/2016	32.85	32.85	32.2	32.5	6006000
2/23/2016	32.1	33.1	32.05	33	9341500
2/22/2016	31.55	32.05	31.5	31.9	8580100
2/19/2016	31.9	31.9	31.15	31.35	7551100
2/18/2016	31.95	32.05	31.5	32	8579200
2/17/2016	32	32.1	31.2	31.45	10360700
2/16/2016	31.4	32.2	31.4	31.75	8176400
2/15/2016	31.15	31.4	31	31.15	2807300
2/12/2016	30.85	31.45	30.8	31	5536900
2/11/2016	31.6	31.6	30.85	31	4218600
2/10/2016	31.1	31.5	31	31.5	1818700
2/9/2016	31.95	31.95	31	31	7281900
2/5/2016	32.2	32.4	32.05	32.15	7718700
2/4/2016	31.35	32.15	31.35	32	20308801
2/3/2016	31.4	31.5	31.1	31.25	9676600
2/2/2016	31.45	32	31.4	31.9	12156200
2/1/2016	31.6	31.9	31.15	31.4	15044200
1/29/2016	30.9	31.4	30.75	31.4	18207900
1/28/2016	30.3	30.85	30.05	30.5	9506400
1/27/2016	30.6	30.7	30.25	30.3	13603900
1/26/2016	30.35	30.85	29.55	30.2	15274200
1/25/2016	29.2	30.75	29.15	30.75	23656801
1/22/2016	27.5	29	27.2	28.6	13035200
1/21/2016	28.45	28.65	27.2	27.2	25974301
1/20/2016	29.9	29.9	28.45	28.5	15135700
1/19/2016	29.9	30.3	29.9	29.95	8195700
1/18/2016	29.95	30	29.45	29.9	13539900
1/15/2016	30.85	31.2	30.6	30.75	8953100
1/14/2016	30	30.5	30	30.3	15821500
1/13/2016	30.65	31.1	30.25	30.6	19714000
1/12/2016	30.5	31.2	30	30	14117500
1/11/2016	31.4	31.4	30	30	23486000
1/8/2016	32.15	32.55	31.65	31.75	19741699
1/7/2016	33.05	33.1	31.6	32.25	24189100
1/6/2016	33.85	34.1	33.1	33.1	14576500
1/5/2016	34	34.35	33.8	33.95	5335000
1/4/2016	34.5	34.55	33.95	34.1	4823200
12/29/2015	34.55	34.8	34.2	34.45	4251700
12/28/2015	34.85	35.6	34.5	34.55	5106400
12/23/2015	35.85	35.9	35.15	35.7	6318900
12/22/2015	35.4	35.9	35.05	35.8	5096900
12/21/2015	34.45	35.6	34.1	35.6	5132800
12/18/2015	34.8	34.95	33.85	34.55	15329900
12/17/2015	36	36.2	34.9	34.9	17814500
12/16/2015	35.1	36	35.1	35.9	14415800
12/15/2015	34.05	35.45	34.05	34.85	5314400
12/14/2015	34.7	34.85	33.8	34.35	7633200
12/11/2015	34.65	35.5	34.25	35.5	19140500
12/10/2015	33.8	34.8	33.8	34.6	21705400
12/9/2015	33.6	34	33.6	33.8	7178200
12/8/2015	33.95	33.95	33.6	33.85	5632800
12/7/2015	34.1	34.5	33.8	33.95	6000100
12/4/2015	34.5	34.7	33.9	34.1	4196700
12/3/2015	34.5	34.65	34.1	34.65	5022800
12/2/2015	34.7	35.05	34.35	34.8	32910398
12/1/2015	33.2	34.7	33.1	34.7	17090400
11/27/2015	34.65	34.65	33.7	33.85	26958801
11/26/2015	35	35.15	34.5	34.65	5337800
11/25/2015	35	35.1	34.6	35	7033900
11/24/2015	35.2	35.2	34.65	35	4522600
11/23/2015	35	35.25	34.8	35.1	4175400
11/20/2015	34.25	35.2	34.2	35.2	5101100
11/17/2015	33.8	34.6	33.8	33.95	6638700
11/16/2015	33.35	34.25	32.8	33.6	6643300
11/13/2015	34	34.2	33.3	33.4	8337300
11/12/2015	35.4	35.5	33.85	33.85	4099000
11/11/2015	35	35.1	34.7	34.8	22711801
11/10/2015	35.55	35.55	35.05	35.15	13427000
11/9/2015	36.6	36.6	35.55	35.85	2942500
11/6/2015	36.5	36.9	36.25	36.65	7311800
11/5/2015	36.5	37	36.05	36.5	7599600
11/4/2015	36.5	36.55	35.85	36.55	8164100
11/3/2015	35.95	36.5	35.9	36.5	10404400
11/2/2015	35.9	36.1	35.65	35.95	8318000
10/30/2015	35.8	36.15	35.35	35.85	9122100
10/29/2015	36.55	36.8	35.55	35.7	10227500
10/28/2015	37.15	37.15	36.15	36.6	17063801
10/27/2015	36.5	37.25	35.8	37.25	7110800
10/26/2015	36	36.9	36	36.55	14197000
10/23/2015	35.2	35.5	35	35.3	31276000
10/22/2015	35.15	35.15	34.85	35	7686400
10/21/2015	34.8	35.3	34.8	35.15	5582000
10/20/2015	35.45	35.75	34.85	34.85	8410900
10/19/2015	35.7	35.75	35.35	35.4	5303100
10/16/2015	36	36.15	35.15	35.7	10181500
10/15/2015	35.75	35.95	35.1	35.95	4997700
10/14/2015	36.2	36.2	35	35	4742500
10/13/2015	36.65	36.8	35.9	36.2	15316300
10/12/2015	37.55	37.55	36.4	36.8	6192100
10/9/2015	36.45	37.6	36.4	37.6	15520600
10/8/2015	36	36.5	35.55	36.35	9616600
10/7/2015	35.2	35.95	35	35.95	9707400
10/6/2015	34.9	35	34.5	35	11142200
10/5/2015	33.5	34.8	33.2	34.1	15180300
10/2/2015	34.05	34.05	33.4	33.7	5400300
10/1/2015	33.95	34.3	33.7	34.05	6138000
9/30/2015	33.25	34	33	34	16427100
9/29/2015	33.1	33.7	32.4	33.6	10633500
9/28/2015	34	34.65	33.15	33.15	7425900
9/24/2015	33.8	34	33.75	34	8618100
9/23/2015	34	34.15	33.8	34	15422800
9/22/2015	34.3	34.3	33.8	34.15	7688700
9/21/2015	35	35	33.95	34.25	13661300
9/18/2015	35	35.3	34.85	35.05	22691500
9/17/2015	35.4	35.4	34.25	34.5	15215300
9/16/2015	36	36.5	34.9	35.2	16607100
9/15/2015	35.85	36.15	35.45	35.9	7065800
9/14/2015	34.6	35.95	34.15	35.95	8648000
9/11/2015	33.8	34.5	33.8	34.3	4952600
9/10/2015	34.2	34.2	33.2	33.65	15143300
9/9/2015	34.75	35.05	34	34.2	14542200
9/8/2015	34.75	34.85	34.05	34.35	7584800
9/7/2015	35.5	35.55	34.4	34.65	5588800
9/4/2015	36	36.1	35	35.8	11307600
9/3/2015	36.4	36.8	35.85	36	4828500
9/2/2015	35.9	36.6	35.1	36.4	12726800
9/1/2015	36	36.95	36	36.65	20553900
8/28/2015	35.4	36.25	35.4	35.95	17835600
8/27/2015	35.2	35.7	34.6	34.8	28771900
8/26/2015	33.8	34.95	33.5	34.4	25731500
8/25/2015	33.5	35.2	33.2	33.5	26389600
8/24/2015	36	36	32.5	33.75	34368000
8/20/2015	37.8	37.8	37.1	37.1	15253800
8/19/2015	37.85	37.85	37.55	37.8	6804500
8/18/2015	37.65	38.1	37.55	38	5555200
8/17/2015	37.5	38	37.4	37.65	4730300
8/14/2015	38	38.05	37.5	37.5	9127200
8/13/2015	38.5	38.55	37.6	38	10846500
8/12/2015	39	39	38.3	38.3	8534800
8/11/2015	38.3	39.3	38.2	39	12440000
8/10/2015	38.5	38.65	38.15	38.15	3158800
8/7/2015	38.1	38.7	37.5	38.7	7633300
8/6/2015	38	38.65	37.95	38.15	9224700
8/5/2015	36.8	38.25	36.75	37.9	10623800
8/4/2015	37.05	37.2	36.75	36.85	16223100
8/3/2015	37.55	37.55	36.9	37.05	13085700
7/31/2015	37.5	37.5	36.8	37.4	14248600
7/30/2015	37.3	37.8	37.05	37.2	7583400
7/29/2015	37.5	38	37	37	6825300
7/28/2015	37.75	37.85	37.3	37.45	8263900
7/27/2015	38.9	38.9	37.8	37.8	7025600
7/24/2015	38.5	39.05	38.1	38.9	5009900
7/23/2015	38.05	38.9	38.05	38.5	5876700
7/22/2015	38.5	39	38.35	38.9	4798700
7/21/2015	38	38.5	37.8	38.5	11788800
7/20/2015	38.2	38.3	37.85	38	3347000
7/16/2015	38.3	38.35	38	38.3	9208200
7/15/2015	38.5	38.5	37.95	38.3	5564800
7/14/2015	38.2	38.5	38	38.3	7187800
7/13/2015	36.85	38.15	36.4	38.15	6659000
7/10/2015	36.9	37.05	36.6	36.85	4118900
7/9/2015	36	36.8	35.7	36.55	17596500
7/8/2015	36.3	36.4	36	36.4	13350000
7/7/2015	36.3	36.8	36.3	36.4	7229400
7/6/2015	36.8	36.9	36.2	36.3	9955900
7/3/2015	37.6	37.7	36.8	36.8	12070200
7/2/2015	37.2	38.3	37.2	37.65	14527100
7/1/2015	37.2	37.3	37	37.1	8862100
6/30/2015	37.3	37.8	37.2	37.3	13358200
6/29/2015	37.75	37.9	37.45	37.65	5361500
6/26/2015	37.9	38.1	37.8	37.95	5108700
6/25/2015	38	38	37.7	37.9	7621600
6/24/2015	37.85	38.05	37.7	38	12121100
6/23/2015	38.1	38.6	37.85	37.85	7178500
6/22/2015	38.25	38.5	37.8	38	12522100
6/19/2015	39.1	39.2	38.25	38.25	10176200
6/18/2015	38.95	39.05	38.85	38.9	3757800
6/17/2015	38.9	38.95	38.05	38.6	10006800
6/16/2015	38.8	38.9	38.5	38.85	6598900
6/15/2015	38.95	39.2	38.65	38.95	6970100
6/11/2015	37.6	39	37.6	39	8349200
6/10/2015	36.9	37.75	36.8	37.5	9193400
6/9/2015	38.65	38.65	36.5	37	18582000
6/8/2015	38.75	39.05	38.7	38.75	7722300
6/5/2015	38.9	39.1	38.8	38.8	10332300
6/4/2015	39.05	39.4	38.9	39.2	13883400
6/3/2015	39	39.5	39	39.35	5317300
6/2/2015	39.9	39.9	39.2	39.5	14622400
6/1/2015	40	40.5	39.35	40.3	6323800
5/29/2015	38.75	40.2	38.55	40.05	16184800
5/28/2015	39.25	39.3	38	38.7	14817300
5/27/2015	39.9	39.9	38.6	39.25	13237300
5/26/2015	39.65	40.3	39.2	40.3	3917500
5/25/2015	40	40	39.4	39.65	5554100
5/22/2015	40.8	40.85	39.65	40	6941900
5/21/2015	40.95	41.1	40.05	40.2	9098800
5/20/2015	40.5	41.2	40.4	40.95	3549200
5/19/2015	41	41	40.2	40.65	5406600
5/18/2015	40.8	41.4	40.8	41	5913500
5/15/2015	40.5	40.8	40.2	40.7	6424200
5/14/2015	40.1	40.45	39.95	40.2	7167200
5/13/2015	39.7	40.15	39.7	40.05	7374000
5/12/2015	39.65	40.5	39.65	40.35	2968400
5/11/2015	40	40.4	39.65	40.35	2933900
5/8/2015	40.4	40.4	39.55	39.8	5640000
5/7/2015	39.55	40.55	39.35	40.4	4591600
5/6/2015	40.3	40.3	39.8	40	4883800
5/5/2015	40	40.65	39.5	40.45	7730100
5/4/2015	38.75	40.05	38.55	40	14065800
4/30/2015	39.75	39.9	38.3	38.65	29616301
4/29/2015	39.55	39.75	39	39.7	10298600
4/28/2015	39.7	39.75	39.1	39.5	7862300
4/27/2015	39.5	39.9	39.45	39.7	9047400
4/24/2015	39.6	39.8	39.5	39.6	27481801
4/23/2015	39.6	39.7	39.5	39.7	4660100
4/22/2015	39.9	39.95	39.3	39.5	11790200
4/21/2015	39.7	40	39.55	39.9	5755000
4/20/2015	39.8	40.05	39.05	39.65	9764700
4/17/2015	40.25	40.25	39.75	40	4450300
4/16/2015	39.55	40.35	38.5	40.35	11450400
4/15/2015	40.7	40.7	39	39.45	16944801
4/14/2015	41.05	41.2	40.45	40.6	11979800
4/13/2015	40.8	41.4	40.1	40.6	8456400
4/10/2015	40	41.05	40	40.75	17755301
4/8/2015	39.9	40.1	39.4	40	12877400
4/7/2015	40.1	40.15	39.6	40	16597600
4/6/2015	39.7	40.2	39	39.65	4875700
4/1/2015	38.9	40	38.75	40	16007200
3/31/2015	38.35	38.85	37.8	38.5	19586699
3/30/2015	37.85	38.8	37.6	37.6	12711100
3/27/2015	37.2	37.8	37.2	37.6	7873400
3/26/2015	36.95	37.7	36.75	37.6	6841100
3/25/2015	37.15	37.25	36.65	36.95	14214600
3/24/2015	37.55	37.55	37.05	37.15	19535900
3/23/2015	37.85	37.95	37.5	37.6	3502800
3/20/2015	37.85	37.9	37.25	37.85	17985100
3/19/2015	37.6	38.1	37.6	38.1	21895301
3/18/2015	37.7	37.95	37.25	37.4	14523100
3/17/2015	37.1	37.95	37.1	37.95	9451000
3/16/2015	37.4	37.7	36.85	37	12456100
3/13/2015	38.6	38.6	37.45	37.45	15923200
3/12/2015	37.65	38.75	37.55	38.6	11422400
3/11/2015	37.2	37.75	37.2	37.75	11479300
3/10/2015	37.5	37.7	37.4	37.55	5372700
3/9/2015	38	38.05	37.3	37.5	7609000
3/6/2015	37.6	38.5	37.6	38.25	5819300
3/5/2015	38	38.05	37	37.7	4735100
3/4/2015	36.7	38.8	36.7	38.15	16940900
3/3/2015	37	37	36.65	36.7	4936800
3/2/2015	36.25	37	36.2	37	7739700
2/27/2015	37.1	37.1	36.1	36.25	17596301
2/26/2015	37.45	37.5	36.8	36.9	6757900
2/25/2015	37.1	37.7	37.1	37.65	15770700
2/24/2015	36.5	37	36.5	37	11778500
2/23/2015	36.1	36.95	35.95	36.5	23246900
2/20/2015	36	36	35.8	35.95	7307800
2/18/2015	35.55	35.9	35.55	35.6	28301000
2/17/2015	35.5	35.9	35.4	35.55	6197400
2/16/2015	35.3	35.65	35.1	35.35	6412400
2/13/2015	35.4	35.65	35.2	35.3	8024200
2/12/2015	35.95	35.95	35.35	35.4	14288300
2/11/2015	36	36.1	35.55	35.7	8318800
2/10/2015	36.4	36.4	35.45	35.5	4819300
2/9/2015	36	36.25	35.95	36.05	5529800
2/6/2015	35.7	36	35.65	36	9422900
2/5/2015	36	36.05	35.25	35.7	12667400
2/4/2015	35.9	36.35	35.9	36	19711301
2/3/2015	35.5	35.75	35.2	35.4	7938400
2/2/2015	36.1	36.1	35.15	35.95	6126200
1/30/2015	35.3	36.1	35.2	36.1	20657600
1/29/2015	35.1	36.5	35.1	35.2	12593600
1/28/2015	35.6	35.7	34.9	35.7	10592800
1/27/2015	35	35.6	34.8	35.5	12316700
1/26/2015	35.6	35.6	34.65	35	13168600
1/23/2015	35.1	35.65	35.1	35.65	17545100
1/22/2015	34.7	34.95	34.7	34.85	16437801
1/21/2015	34.6	35.15	34.6	34.95	10705900
1/20/2015	34.55	34.7	34.5	34.55	20547000
1/19/2015	35.05	35.2	34.25	34.5	16071700
1/14/2015	34.05	35.4	34	34.9	21095199
1/13/2015	34.1	34.2	33.75	34.15	24090900
1/12/2015	33.7	34.3	33.55	34	47085500
1/9/2015	35.25	35.65	35	35	9225200
1/8/2015	34	35.3	34	35.25	22669400
1/7/2015	33.5	34.1	33.5	33.75	7744600
1/6/2015	34	34	33.5	33.5	11225100
1/5/2015	34	34.15	33.7	34	20650400
