BDO 1216

12/27/2019	131.167	131.667	129.417	131.667	2694984.066
12/26/2019	127.75	131.167	127.75	131.167	431112.0105
12/23/2019	131.5	133.167	127.583	130.833	2249568.055
12/20/2019	129.25	130.667	124.333	129.5	5489280.134
12/19/2019	133.25	133.25	125.833	129	2491296.061
12/18/2019	133.333	133.333	130.833	131.667	3496428.085
12/17/2019	130.167	134.167	128.833	134.167	1903476.046
12/16/2019	132.917	133.083	130.833	130.833	2111556.052
12/13/2019	131.417	134.833	130.917	133.417	2991324.073
12/12/2019	131.583	133.25	130.417	132.333	2072904.051
12/11/2019	133.25	133.25	130.833	131.583	1245084.03
12/10/2019	133.333	133.333	132.333	133.25	1316136.032
12/9/2019	131.583	133.333	131.5	133.333	3113988.076
12/6/2019	131.25	131.833	130.417	130.417	1896924.046
12/5/2019	132.5	132.5	130.833	131.667	2515800.061
12/4/2019	132.083	132.75	130.917	132.083	1751532.043
12/3/2019	132.75	132.75	129.5	132.083	1836708.045
12/2/2019	127.5	131.667	126.5	131.667	1469556.036
11/29/2019	129	129	125.917	126.5	1298316.032
11/28/2019	128.5	130.833	128.333	128.333	1732344.042
11/27/2019	125.167	131.667	125.167	130.833	3085128.075
11/26/2019	125	128.333	124.25	125	12937164.32
11/25/2019	126.75	127.417	124.25	125	2986368.073
11/22/2019	128.333	128.333	126.083	126.667	3858912.094
11/21/2019	131.5	131.5	128.583	128.583	2193204.054
11/20/2019	130	131.5	129.417	131.5	1138920.028
11/19/2019	129.167	131.167	128.917	131.167	1159884.028
11/18/2019	129.333	129.917	128.583	129.167	1045236.026
11/15/2019	130	130.833	129.333	130	822612.0201
11/14/2019	129.417	130	128.333	130	893484.0218
11/13/2019	129.167	130	128.75	129.417	1652700.04
11/12/2019	129.167	130.333	127.5	130.333	2608392.064
11/11/2019	132.917	132.917	128.5	129.167	2834604.069
11/8/2019	129.917	132.917	129.917	132.917	1126644.027
11/7/2019	131.667	132.917	128.75	132.917	966108.0236
11/6/2019	133.333	133.333	130.417	131.667	816648.0199
11/5/2019	130.833	133.333	130.167	133.333	2841264.069
11/4/2019	128.417	133.25	128.417	133.25	2537268.062
10/31/2019	129.167	129.333	128.417	129.083	2643024.064
10/30/2019	128.167	130	125.917	129.75	2489136.061
10/29/2019	126.667	127.5	125.75	126.75	2395032.058
10/28/2019	124.417	126.667	123.667	126.667	3939408.096
10/25/2019	124.333	124.333	122.583	123.167	1465008.036
10/24/2019	122.333	124.417	121.833	124.417	1425468.035
10/23/2019	122.917	122.917	120.833	122.333	1335996.033
10/22/2019	122.917	124	122.333	123.667	1535304.037
10/21/2019	121.583	124.083	121.5	124.083	746376.0182
10/18/2019	124.583	124.583	121.333	121.333	767568.0187
10/17/2019	123.75	124.583	122.75	124.583	853416.0208
10/16/2019	123.667	124.167	121.667	124.167	1516920.037
10/15/2019	122.75	123.75	121.667	123.75	589344.0144
10/14/2019	122.5	123.5	122.5	122.75	701592.0171
10/11/2019	120.833	122.5	119.75	122.5	1446120.035
10/10/2019	119.5	120.833	119.5	120.833	712656.0174
10/9/2019	119.083	119.667	118.333	119.5	766308.0187
10/8/2019	118.333	121.167	116.917	119.167	2343120.057
10/7/2019	119.167	119.667	116.667	116.667	895356.0218
10/4/2019	115	119.583	115	119.583	1304052.032
10/3/2019	114.583	116.167	114.333	115	1728060.042
10/2/2019	119.75	119.75	114.167	114.167	2378316.058
10/1/2019	119.167	120	117.5	119.583	1250412.031
9/30/2019	120.833	120.833	117.917	119.167	1887732.046
9/27/2019	121.667	121.667	117.583	120.833	1579632.039
9/26/2019	119.167	121.75	118.333	121.667	1749420.043
9/25/2019	118.75	119	116.833	119	1607160.039
9/24/2019	118.333	119.167	118.083	118.833	1284156.031
9/23/2019	117.5	118.833	116.667	117.917	1086768.027
9/20/2019	116.833	117.5	116.667	117	6931296.169
9/19/2019	116.417	117.25	116.333	116.833	784416.0191
9/18/2019	115.417	116.5	115.417	116.417	1796460.044
9/17/2019	118.333	118.667	114.5	114.5	3477240.085
9/16/2019	118.75	118.917	117.75	118.667	1389360.034
9/13/2019	118.417	119.583	117.75	118.833	2717244.066
9/12/2019	119.167	119.667	118.167	118.167	1383324.034
9/11/2019	120	120	118	119.167	2876472.07
9/10/2019	118.75	119.417	118.5	119.167	1639320.04
9/9/2019	119.583	120	118.75	118.75	1867284.046
9/6/2019	120.833	120.833	118.75	118.75	1815528.044
9/5/2019	120.917	122.083	120.167	120.833	2681928.065
9/4/2019	119.5	121.583	119.417	120.833	1901724.046
9/3/2019	121.667	122.417	118.333	118.333	1756752.043
9/2/2019	123.333	123.333	120.833	120.833	664356.0162
8/30/2019	122.333	124.583	121.333	124.167	2999880.073
8/29/2019	120.833	122.5	118.75	122.5	2203872.054
8/28/2019	120.667	122	120.5	120.833	2198892.054
8/27/2019	123.667	123.667	120	121.25	6074628.148
8/23/2019	122.5	123.5	120.25	123.5	2783688.068
8/22/2019	120.833	122.5	119.417	122.5	2794428.068
8/20/2019	122.5	122.5	120.083	120.833	1265772.031
8/19/2019	119.167	123.75	118.5	122.333	2307468.056
8/16/2019	120	122.083	118.333	118.333	1841820.045
8/15/2019	119.25	121.667	117.083	120.833	2579868.063
8/14/2019	118.333	123.75	118.333	123.75	2180772.053
8/13/2019	121.833	121.917	117.5	120.167	2363232.058
8/9/2019	121.667	123.25	121.667	122.083	2436876.059
8/8/2019	124.833	124.833	121.667	121.667	2085996.051
8/7/2019	120.167	124.833	120.167	124.833	2001528.049
8/6/2019	120.833	121.833	116.917	120	2733420.067
8/5/2019	124.167	124.417	121.333	121.667	2823648.069
8/2/2019	124.833	125	123.333	125	2699376.066
8/1/2019	122.083	125.333	121.667	125	2632632.064
7/31/2019	123.333	124.917	122.083	122.5	2540952.062
7/30/2019	124.167	124.167	122.833	123.667	1668504.041
7/29/2019	123.75	124.75	122.5	123.75	1556100.038
7/26/2019	125	127.083	122.667	123.5	2390844.058
7/25/2019	122.75	126.583	121.167	126.583	2695284.066
7/24/2019	125	125.75	122.5	122.917	1584096.039
7/23/2019	124.167	126.667	121.833	125.833	2510904.061
7/22/2019	121.5	124.5	121.333	124.5	1982760.048
7/19/2019	123.25	124.583	122.583	123.333	1508844.037
7/18/2019	123.25	125	123.083	123.167	1336644.033
7/17/2019	122.75	123.583	122.667	122.667	1391328.034
7/16/2019	128.333	128.333	121.667	121.833	4670916.114
7/15/2019	123.5	128.333	123.417	128.333	4225620.103
7/12/2019	120.917	124.25	120.917	123.5	2603340.064
7/11/2019	118.417	120.833	117.583	120.833	3026832.074
7/10/2019	118.75	119.083	117.917	118.583	1845132.045
7/9/2019	117.583	119.167	117.583	118.75	968160.0236
7/8/2019	119.167	119.167	117.583	117.583	881232.0215
7/5/2019	115.833	119.167	115.833	119.167	2979768.073
7/4/2019	116.167	118.25	116.167	117.833	2793048.068
7/3/2019	115.833	116.667	115.667	116.167	4880460.119
7/2/2019	116.25	116.667	115.333	116.25	2951400.072
7/1/2019	116.667	117.333	115.833	116.25	2700408.066
6/28/2019	117.917	117.917	115.75	116.667	10965744.27
6/27/2019	118.333	119	118	118.75	2670000.065
6/26/2019	117.5	118.5	117.5	118.333	3893016.095
6/25/2019	118.167	119.333	115.333	117.5	2990172.073
6/24/2019	117.75	119.5	116.75	117.917	3522972.086
6/21/2019	116.833	117.75	115.917	117.75	4400412.107
6/20/2019	116	116.667	115	116.667	1715292.042
6/19/2019	115.167	116.583	115.167	116.333	1901976.046
6/18/2019	115	115.583	114.5	115.167	2875392.07
6/17/2019	116.667	116.667	114.583	114.917	2274312.055
6/14/2019	116.667	116.667	115.083	116.667	2226036.054
6/13/2019	116.417	117.25	116.417	116.667	4238604.103
6/11/2019	116.25	116.833	116.25	116.583	4083444.1
6/10/2019	116.5	117.167	115.833	116.25	5576280.136
6/7/2019	115.833	116.5	115.167	116.5	1612332.039
6/6/2019	114.583	116	112.917	115	2703348.066
6/4/2019	115	116.5	112.917	114.583	1707060.042
6/3/2019	114.167	115.833	112.583	114.583	3550536.087
5/31/2019	113.333	115.333	113	115	6138828.15
5/30/2019	112.5	115.25	111.5	113.917	3228624.079
5/29/2019	110.5	111.667	110.5	111.25	2631060.064
5/28/2019	109.667	112.5	109.25	110	9503556.232
5/27/2019	111.417	111.667	109.25	110	1481940.036
5/24/2019	111	113.167	109.167	111.417	3257820.079
5/23/2019	111.75	112.083	110.583	112.083	1177620.029
5/22/2019	110.833	112.083	110	112.083	1197744.029
5/21/2019	108.75	111.083	108.333	110.833	1150212.028
5/20/2019	108.417	109.5	106.667	109.083	1117140.027
5/17/2019	108.417	110.333	108.417	109.083	7878948.192
5/16/2019	108.333	108.417	105.083	107.083	4496892.11
5/15/2019	108.583	110.417	108.583	109.583	2245716.055
5/14/2019	110.417	110.833	107.083	108.5	5977128.146
5/10/2019	111.833	113.333	110.833	113.167	1786836.044
5/9/2019	114.167	115.75	111.583	111.667	8589996.21
5/8/2019	112.417	116.583	109.917	116.583	3380820.082
5/7/2019	114.083	114.167	112.417	113.25	2187192.053
5/6/2019	115.583	115.583	112.5	112.5	1230204.03
5/3/2019	113.833	117.917	113.75	115.833	3920280.096
5/2/2019	111.667	113.75	111.333	113.25	3066360.075
4/30/2019	111.5	111.667	111	111.667	1604748.039
4/29/2019	111.5	111.75	110.833	111.5	966024.0236
4/26/2019	111.667	111.667	110	111.667	2427168.059
4/25/2019	111.667	111.833	111.5	111.667	2470116.06
4/24/2019	111.333	111.5	111.167	111.333	2911524.071
4/23/2019	111.583	111.667	110.5	111.333	2270100.055
4/22/2019	109.75	111.667	109.583	110.833	1966440.048
4/17/2019	108.333	110.917	108.333	110	1680348.041
4/16/2019	110.167	110.167	108.333	108.333	1625136.04
4/15/2019	110.25	111.167	109.75	110.167	1829664.045
4/12/2019	110.333	110.333	109.333	110	624636.0152
4/11/2019	109.583	110	109.333	109.667	1541472.038
4/10/2019	109.917	109.917	108.333	109.083	3229524.079
4/8/2019	109.167	110	108.333	108.75	1409112.034
4/5/2019	108.75	110.083	108.75	109.417	2534496.062
4/4/2019	110.167	110.167	108.167	108.75	1640304.04
4/3/2019	109.917	110.167	109.417	109.75	1955580.048
4/2/2019	109.083	110.667	108.667	109.583	1621848.04
4/1/2019	111.667	111.667	108.333	108.333	2648088.065
3/29/2019	110.25	111.583	110.25	111.5	2597016.063
3/28/2019	110.833	110.833	110.167	110.5	1540692.038
3/27/2019	110	110.833	109.333	110	1998288.049
3/26/2019	110.333	110.833	109.667	110	1743360.043
3/25/2019	111.5	111.5	107.917	110.333	1853184.045
3/22/2019	110.833	111.667	110.417	111.583	3271812.08
3/21/2019	110.667	110.833	109.667	110.833	2430876.059
3/20/2019	109.167	110.417	109.167	110	3232044.079
3/19/2019	109.167	110.417	108.833	109.583	2893044.071
3/18/2019	110	110.833	108.667	110	4318284.105
3/15/2019	109.833	110	108.75	110	5686932.139
3/14/2019	110.333	110.667	109.333	110	1363500.033
3/13/2019	110.833	110.833	110	110.667	1703916.042
3/12/2019	109.75	111.667	108.417	111.667	1523688.037
3/11/2019	110.833	110.833	108.333	109.75	2256780.055
3/8/2019	111.5	111.5	109.583	110.833	1003032.024
3/7/2019	108.417	111.25	106.75	111.25	1952076.048
3/6/2019	106.25	108.417	105.833	108.417	1993248.049
3/5/2019	104.75	106.667	104.667	106.25	1711056.042
3/4/2019	103.333	104.667	103.167	104.667	2640804.064
3/1/2019	107.5	108.083	101.25	103.083	6601608.161
2/28/2019	111.667	111.667	106.333	106.333	4010436.098
2/27/2019	110.25	112.25	109.167	111.25	6904524.168
2/26/2019	108.833	109.417	108.167	109.167	8956692.219
2/22/2019	107.417	107.667	107.083	107.5	2310408.056
2/21/2019	108.167	108.75	107.5	107.5	2802000.068
2/20/2019	107.083	108.5	106.917	107.917	5150700.126
2/19/2019	111.083	111.083	107.083	107.667	5525844.135
2/18/2019	111.417	111.75	111	111.25	3603276.088
2/15/2019	113.333	115.667	111.083	111.333	10190856.25
2/14/2019	114.583	117.833	114.417	117.167	3776568.092
2/13/2019	115.833	116.167	113.667	114.583	3277428.08
2/12/2019	114.833	115.833	113.333	115.833	1844652.045
2/11/2019	116.583	117.083	115	115	4255068.104
2/8/2019	116.583	116.667	115	116	3153888.077
2/7/2019	116.667	118.167	116.417	116.833	2765124.067
2/6/2019	116.917	118.917	116.5	116.5	2570088.063
2/4/2019	115.833	117.083	115.083	115.417	1681464.041
2/1/2019	114.333	116.667	114.25	116.667	4081872.1
1/31/2019	113.417	116.667	112.5	112.5	6652560.162
1/30/2019	115.333	116	112.25	113.333	6203676.151
1/29/2019	115	116.5	114.583	116.167	3454056.084
1/28/2019	113.75	116.083	113.5	115	4487184.109
1/25/2019	112.667	114.917	112.583	113.75	3947520.096
1/24/2019	109.833	112.833	109.833	112.5	4530012.111
1/23/2019	109.333	110.75	108.25	110.75	1171464.029
1/22/2019	109.75	109.833	108.333	109.833	2118384.052
1/21/2019	110.417	110.667	108	108.333	1429476.035
1/18/2019	109.583	112.5	109.5	110	8444700.206
1/17/2019	107.667	109.167	106.75	109.167	2702016.066
1/16/2019	109.083	109.583	107.917	107.917	1299936.032
1/15/2019	109.667	109.667	107.583	109.083	3191016.078
1/14/2019	106.917	110	106.917	109.667	2490732.061
1/11/2019	108.75	109.417	106.5	109.417	3689484.09
1/10/2019	109.75	110.417	109	109.417	4822152.118
1/9/2019	108.75	109.833	108.417	108.583	5596236.137
1/8/2019	108.333	109.167	107.5	107.5	1578504.039
1/7/2019	110.833	111.083	107.917	107.917	1823940.045
1/4/2019	107.833	110.667	106.75	110.667	2191164.053
1/3/2019	106.667	107.917	105.667	107.917	3558084.087
1/2/2019	108.833	110.833	105.833	105.833	1347096.033
12/28/2018	108.083	110.333	107.917	109	4870248.119
12/27/2018	105.833	108.333	105.833	108.083	1759392.043
12/26/2018	105	106.333	101.667	105.833	3136176.077
12/21/2018	107.917	107.917	106.5	107.5	5955120.145
12/20/2018	106.75	107.75	105.917	107.75	1700976.042
12/19/2018	104.667	108.75	104.667	108.75	2338152.057
12/18/2018	106.917	107.167	104.583	104.583	3364644.082
12/17/2018	108.083	109.167	106.5	108.167	2582076.063
12/14/2018	107.5	108.75	105.917	108.083	1485708.036
12/13/2018	107.5	109.167	105.917	108.75	3394008.083
12/12/2018	108.417	109.333	105.417	105.583	3160608.077
12/11/2018	107.917	108.917	107.917	108.333	1196160.029
12/10/2018	110.833	110.833	106.667	106.667	1507152.037
12/7/2018	110.833	111.417	109.333	111	3609924.088
12/6/2018	112.25	112.25	109.167	111.5	2172816.053
12/5/2018	112.5	112.917	111.667	112.333	2918064.071
12/4/2018	111	113.667	111	113.333	4635456.113
12/3/2018	111.25	112.417	110.833	111	4842888.118
11/29/2018	107	108.75	107	108.5	11316060.28
11/28/2018	108.5	108.667	106.25	107.583	2067984.05
11/27/2018	106.667	108.5	105.417	108.5	3370860.082
11/26/2018	107.5	108	104.583	106.667	2039904.05
11/23/2018	105	107.917	104.833	106.667	2709192.066
11/22/2018	104.917	106.333	103.167	105.833	1722636.042
11/21/2018	105.5	107.417	105	105.833	1888608.046
11/20/2018	106.833	108.333	105.083	107.75	3047568.074
11/19/2018	102.917	108.083	102.75	108.083	3276792.08
11/16/2018	98.333	103.333	98.333	103.333	3489264.085
11/15/2018	95.833	99.167	95.833	98.333	1001664.024
11/14/2018	95	96.167	94.75	95.5	1352412.033
11/13/2018	96.667	97.083	94.917	94.917	2056368.05
11/12/2018	98.333	99	96.667	96.667	577776.0141
11/9/2018	99.167	99.167	97.583	98.333	1177908.029
11/8/2018	98.75	100.167	95.833	99.167	2018556.049
11/7/2018	100.833	100.833	98.75	99.167	964368.0235
11/6/2018	101.917	103.333	100.417	101.333	1404660.034
11/5/2018	103.333	104.083	101.833	101.833	10725084.26
10/31/2018	101.667	102.5	100.25	102	3709752.091
10/30/2018	97.583	102.5	97.583	102.5	1912872.047
10/29/2018	96.833	99.833	96.75	98.583	1140516.028
10/26/2018	95.917	97.333	95.667	96.667	787032.0192
10/25/2018	98.333	98.333	94.25	95.833	2852688.07
10/24/2018	101.667	102.083	99.417	99.417	852720.0208
10/23/2018	102.417	102.5	100.917	102.25	2107104.051
10/22/2018	100	102.583	98.75	102.417	2220960.054
10/19/2018	98.583	100.833	97.833	99.833	2208768.054
10/18/2018	97.333	98.667	95.917	98.667	867864.0212
10/17/2018	94.167	97.333	94.167	96.75	2020236.049
10/16/2018	91.75	93.667	91.167	93.333	2504100.061
10/15/2018	92.5	94.5	91.583	91.583	2624352.064
10/12/2018	90.75	91.917	89.5	91.667	2170764.053
10/11/2018	91.667	93.667	88.833	90.75	6876960.168
10/10/2018	94.583	95.833	91.333	91.667	5077248.124
10/9/2018	95	95.833	93.917	94.167	1658796.04
10/8/2018	96.167	97.5	95	95	1725696.042
10/5/2018	97.5	97.5	95.833	96	1265292.031
10/4/2018	100	100	96.75	97.5	1531416.037
10/3/2018	99.583	100.833	98.75	100	1028268.025
10/2/2018	100.667	100.833	98.5	99.583	2984148.073
10/1/2018	99.083	100.25	97.917	100	1471272.036
9/28/2018	96.667	99.833	96.667	99.833	2802324.068
9/27/2018	96.75	97.333	95	96.417	1258416.031
9/26/2018	97.75	98.333	95	95	2350656.057
9/25/2018	100.833	100.833	97.917	99.167	552552.0135
9/24/2018	100.5	100.833	97.917	100.833	2172372.053
9/21/2018	93.417	100.5	93.417	100.5	4703340.115
9/20/2018	93.333	94.167	92.083	93.417	1630284.04
9/19/2018	93.5	94.833	93.167	93.333	1530348.037
9/18/2018	95.833	95.917	93.167	93.333	4195344.102
9/17/2018	97.5	97.667	94.167	95.833	2400648.059
9/14/2018	98.667	98.833	96.667	97.5	2592012.063
9/13/2018	95.167	97.5	95.167	97.5	4510284.11
9/12/2018	98.333	98.917	95	95	3163476.077
9/11/2018	99.167	99.167	97.167	98.333	2162688.053
9/10/2018	100.167	100.167	97.167	99.417	2717052.066
9/7/2018	100.417	101.25	98.75	100.167	2613780.064
9/6/2018	103	103.333	98.333	100.25	6224448.152
9/5/2018	108.333	108.333	102.5	102.75	4330824.106
9/4/2018	108.167	108.583	108	108.25	6397188.156
9/3/2018	109.167	109.25	107.917	108.167	3130020.076
8/31/2018	108.75	108.75	106.917	108.417	3637908.089
8/30/2018	108.333	109.75	107.583	108.333	4646544.113
8/29/2018	108.333	108.75	107.5	107.917	2213856.054
8/28/2018	106.75	109	106.667	109	2916432.071
8/24/2018	106.667	107.5	105.417	106.667	983076.024
8/23/2018	105.5	107.25	104.75	106.5	3469632.085
8/22/2018	108.25	108.25	104.167	105.417	2295876.056
8/20/2018	108.083	109.5	105.083	105.417	1087632.027
8/17/2018	109.5	109.917	106.75	106.75	1646700.04
8/16/2018	107.25	109.583	107.25	109.333	1913652.047
8/15/2018	106	107.5	105.833	107.25	1088688.027
8/14/2018	106.5	106.75	105.083	105.833	981288.0239
8/13/2018	107.917	107.917	106.333	106.417	1134360.028
8/10/2018	108.417	109	106.5	107.917	2287992.056
8/9/2018	108.667	108.75	107.083	108.167	1717608.042
8/8/2018	108.083	109.75	107.5	108.667	2999088.073
8/7/2018	112.5	112.5	107.917	107.917	2177220.053
8/6/2018	114	114	112.5	112.5	1889724.046
8/3/2018	113.083	114	110.333	114	1954116.048
8/2/2018	113.75	113.75	112.417	112.917	1935132.047
8/1/2018	110	114	110	114	3251424.079
7/31/2018	112.25	112.333	107.917	110	5687952.139
7/30/2018	114	114	111.667	111.667	4150164.101
7/27/2018	114.583	114.583	110.5	114.167	2668476.065
7/26/2018	112.5	115	112.5	114.583	3871164.094
7/25/2018	108.167	114	108.167	112.5	3582636.087
7/24/2018	109.083	109.083	107	107.5	1344168.033
7/23/2018	109.583	109.75	108.5	109.083	1478160.036
7/20/2018	109	110	107.333	110	906204.0221
7/19/2018	109.167	109.167	107.167	108	756120.0184
7/18/2018	107.583	108.333	106.667	108.333	1011804.025
7/17/2018	106.583	109.583	106.083	107.5	1304556.032
7/16/2018	107.417	107.5	106.5	106.583	857652.0209
7/13/2018	107.5	108.083	106.917	107.417	2079576.051
7/12/2018	108.333	108.583	106.667	107.5	1125972.027
7/11/2018	109.167	110.167	107.917	107.917	1318596.032
7/10/2018	108.417	109.333	108	109.167	3052596.074
7/9/2018	107.083	107.917	106.667	107.917	915804.0223
7/6/2018	106.667	107.083	105.833	107.083	2612388.064
7/5/2018	106.667	106.667	105.75	106.667	3783552.092
7/4/2018	105.583	107.167	104.167	107.167	2582256.063
7/3/2018	105	108.167	105	105	1160820.028
7/2/2018	104.583	105.833	104.083	105	1619124.04
6/29/2018	103.5	105	103.25	104.583	4214904.103
6/28/2018	103	104.417	102.583	104.167	2403480.059
6/27/2018	102.75	104.417	102.417	103.333	4319508.105
6/26/2018	103.917	105	103	103.333	5451396.133
6/25/2018	107.5	107.5	103.5	104.167	3694752.09
6/22/2018	104.917	106.667	104.167	104.583	4705656.115
6/21/2018	106.917	107.5	105	105	4316028.105
6/20/2018	108.333	109.583	106.667	107.5	2191356.053
6/19/2018	110	110.083	108.333	108.75	6828300.167
6/18/2018	109.167	111.667	105.833	111.667	4164156.102
6/14/2018	111.667	114.833	110.833	113.333	5914512.144
6/13/2018	114.583	114.583	110	113.333	3355512.082
6/11/2018	113.333	114.583	112.5	114.583	913032.0223
6/8/2018	113.75	114.25	111.833	114.25	1845048.045
6/7/2018	108.917	114.167	108.917	114.167	2845848.069
6/6/2018	108.333	109.75	107.667	108.917	3045252.074
6/5/2018	106.917	108.083	106.667	107.5	2251428.055
6/4/2018	109.083	110	105.833	106.667	2214468.054
6/1/2018	108.333	111.667	106.667	109.167	1922292.047
5/31/2018	107.667	108.75	105.833	108.75	7919880.193
5/30/2018	108.167	108.167	104.167	106.667	4211004.103
5/29/2018	109	109	107.5	108.25	1421580.035
5/28/2018	108.667	109	105.5	109	852588.0208
5/25/2018	107.5	108.5	106.25	108.167	1383888.034
5/24/2018	105.083	107.25	105	107.083	1279500.031
5/23/2018	106.667	106.667	105	105	1762680.043
5/22/2018	108.333	108.833	106.333	106.333	1480788.036
5/21/2018	110	110	107.833	107.833	1318128.032
5/18/2018	110.75	110.75	108.333	110.25	1121484.027
5/17/2018	112.917	113.75	109.583	109.583	2453280.06
5/16/2018	111.917	114.083	111	114.083	1705116.042
5/15/2018	110.833	115	110.417	111.583	3859248.094
5/11/2018	108.25	112.5	108.25	110.833	2511348.061
5/10/2018	105	108.083	105	107.25	1949652.048
5/9/2018	105.833	105.833	103.917	105.083	1965840.048
5/8/2018	106.833	108.083	105.417	106.25	3827940.093
5/7/2018	108.333	108.333	106.75	107.083	3331476.081
5/4/2018	105.833	106.667	105.583	106.667	3606192.088
5/3/2018	110.167	110.167	105.667	105.667	2608680.064
5/2/2018	109.75	111.167	109	110.25	3741792.091
4/30/2018	108.75	110.333	108.75	109.75	3151140.077
4/27/2018	107.5	110.083	107.25	108.333	2262972.055
4/26/2018	108.333	109.167	107	107.5	1851888.045
4/25/2018	108.75	110.333	106.75	108.333	2453844.06
4/24/2018	109.083	109.667	108.333	109	4130244.101
4/23/2018	111.667	111.833	108.333	109.083	7591236.185
4/20/2018	111.333	114.333	109.917	111.667	6034164.147
4/19/2018	110.833	114.333	109.167	111.333	5422020.132
4/18/2018	111	114.167	111	114.167	2116608.052
4/17/2018	114.75	114.75	110.25	110.833	2116152.052
4/16/2018	115.833	115.833	114.417	114.917	1370952.033
4/13/2018	115.833	116.583	115.083	115.25	1503276.037
4/12/2018	115	115.833	114.5	115.833	1927080.047
4/11/2018	114.083	115.833	112.5	114.417	4918932.12
4/10/2018	111.667	115.417	111.583	113.917	3241872.079
4/6/2018	116.25	116.583	111.583	112.167	2092464.051
4/5/2018	115.833	117	115	115.667	999444.0244
4/4/2018	117.167	117.5	115.5	115.75	2134032.052
4/3/2018	115	117.75	115	117.083	2286096.056
4/2/2018	114.167	116.833	113.5	116.833	1748592.043
3/28/2018	116.5	116.583	115	115.833	2929440.071
3/27/2018	115.417	117.5	115.417	116.667	2932236.072
3/26/2018	116.333	116.5	114.333	115	4675848.114
3/23/2018	118.333	118.333	115.417	116.667	6119952.149
3/22/2018	119.833	121	118.25	119.583	2695788.066
3/21/2018	120.083	120.25	115.417	118.333	4939356.121
3/20/2018	124	124	120	120.833	4659516.114
3/19/2018	123.333	125	121.667	124.167	1556316.038
3/16/2018	121.583	123.333	118.583	122.167	6046440.148
3/15/2018	123.333	124.917	119.833	121.167	3657012.089
3/14/2018	124.583	125	122.75	125	1924752.047
3/13/2018	127.083	127.083	124.25	124.583	2456436.06
3/12/2018	126.583	127.75	124.167	127.75	1774896.043
3/9/2018	127.333	127.333	124.167	124.167	1120092.027
3/8/2018	128.333	128.333	124.917	125	1561896.038
3/7/2018	125	129	124.583	129	1746072.043
3/6/2018	125.167	127.5	124.583	125	1918632.047
3/5/2018	129.167	129.167	125.75	125.833	1533396.037
3/2/2018	127.5	129.167	125.167	129.167	1692276.041
3/1/2018	129.583	129.583	126.917	127.667	773544.0189
2/28/2018	130	130	127.583	129.833	2954052.072
2/27/2018	125.833	130.833	125.833	130.833	3279468.08
2/26/2018	123.75	125	122.5	125	2706456.066
2/23/2018	125.833	127.417	122.5	122.5	2768436.068
2/22/2018	125	125.417	123.75	125	3705636.09
2/21/2018	126.667	126.75	125	125	3199116.078
2/20/2018	129.833	129.833	126.333	127.25	2417604.059
2/19/2018	125	131.667	125	130	4384032.107
2/15/2018	127.5	127.5	125.083	125.25	1275564.031
2/14/2018	125	127.5	123.667	127.5	915708.0223
2/13/2018	125	127	124.25	125	1449492.035
2/12/2018	129	129	123.667	125	1277640.031
2/9/2018	125.833	127.25	124.167	125	2035116.05
2/8/2018	127.5	128.75	126.917	128.083	2185092.053
2/7/2018	125.417	127.5	124.917	127.5	3865740.094
2/6/2018	123.333	125	121.75	125	5273256.129
2/5/2018	126.833	126.833	124.917	125.417	6059436.148
2/2/2018	127.083	129.167	127.083	127.917	2658060.065
2/1/2018	126.25	128.5	125.417	127.083	3115320.076
1/31/2018	129.5	129.5	126.333	127.5	5826696.142
1/30/2018	130	130	128.75	129.583	4468212.109
1/29/2018	131.25	132.083	129.5	130.417	5257140.128
1/26/2018	131.25	131.75	130.333	131.25	3335988.081
1/25/2018	131.583	131.667	130.417	130.833	3279144.08
1/24/2018	132.917	132.917	130.75	131.583	4021356.098
1/23/2018	132.5	133.333	131.833	132.917	3842568.094
1/22/2018	132.917	133.5	131.667	132.5	2567784.063
1/19/2018	131.833	135	131.667	132.917	3802608.093
1/18/2018	133.167	133.167	130.75	130.833	6556344.16
1/17/2018	134.25	135.083	132.083	133.333	4242828.104
1/16/2018	137.5	137.5	134.167	134.167	2810028.069
1/15/2018	138.333	138.75	135.833	135.833	1948416.048
1/12/2018	137.917	139.75	136.667	137.417	3774432.092
1/11/2018	137.667	138.25	136.5	137.5	4200288.102
1/10/2018	137.167	137.75	136.167	137.333	1653204.04
1/9/2018	131.667	137.167	131.25	137.167	2001744.049
1/8/2018	133.417	133.417	129.333	130.25	4066020.099
1/5/2018	133.333	133.917	133	133.333	5425404.132
1/4/2018	134.167	134.333	132.583	133.333	4099632.1
1/3/2018	136.25	136.5	133.417	134.167	4783104.117
12/29/2017	131.833	138.75	131.667	136.667	5449272.133
12/28/2017	130	132.083	129.333	131.833	3669708.09
12/27/2017	127.917	129.917	127.5	129.833	2155044.053
12/22/2017	125.083	128	125.083	128	870240.0212
12/21/2017	126.25	126.667	124.667	125.083	2231376.054
12/20/2017	125.333	127.333	125.333	126.167	2523276.062
12/19/2017	128.25	128.333	125.25	125.25	4359528.106
12/18/2017	130.833	130.833	128.75	129	1953480.048
12/15/2017	129.167	130.833	128.917	130.833	2999856.073
12/14/2017	127.917	129.167	126.667	129.167	2072496.051
12/13/2017	127.5	127.917	125.417	127.917	2471160.06
12/12/2017	127.5	127.5	124.583	127.5	2045604.05
12/11/2017	122.5	127.5	121.667	127.5	2949672.072
12/8/2017	120	123.333	120	123.333	1955868.048
12/7/2017	121.25	121.667	119.583	121.667	1321992.032
12/6/2017	121.083	122.5	120.917	121.25	2116656.052
12/5/2017	120.917	122.417	119	122.083	2958900.072
12/4/2017	121.667	121.667	118.833	121.5	4587900.112
12/1/2017	123.167	125.333	122	122.5	4402320.107
11/29/2017	120.667	122	119.167	121.667	6396420.156
11/28/2017	119.167	120.833	119.167	120.75	1577100.038
11/27/2017	120.917	121.25	119.917	120.583	1429056.035
11/24/2017	121.667	121.75	120.833	120.917	1034316.025
11/23/2017	122.083	122.083	121.083	121.583	1278684.031
11/22/2017	124.167	124.583	120.417	120.417	1024896.025
11/21/2017	124.167	124.583	122.083	124.167	1000080.024
11/20/2017	122.083	124.25	122.083	123.917	1796184.044
11/17/2017	122.083	122.5	121.167	121.833	3771492.092
11/16/2017	117.5	123.417	117.5	121.75	4164120.102
11/15/2017	118.333	119.917	117.083	117.5	2334864.057
11/14/2017	120.75	120.833	118.167	118.833	1827264.045
11/13/2017	122.917	122.917	120.25	120.833	1825836.045
11/10/2017	122.5	123.833	122.083	123	3389040.083
11/9/2017	121.667	122.417	120.083	120.833	1581144.039
11/8/2017	119.75	121.667	119.75	121.667	1643292.04
11/7/2017	121	121.417	117.5	120.833	1811856.044
11/6/2017	120	122.25	119.25	120.417	3208848.078
11/3/2017	120	123.417	119.833	120	3810792.093
11/2/2017	115	122.333	114.583	120	5038428.123
10/30/2017	115	115	112.167	114.583	2732664.067
10/27/2017	112.583	115	111.333	115	1710156.042
10/26/2017	111.75	112.5	110.083	112.5	2509560.061
10/25/2017	113.333	115	110.833	111.667	4916640.12
10/24/2017	117.417	117.417	113.333	113.333	5670996.138
10/23/2017	118.833	118.833	115.917	117.417	1265268.031
10/20/2017	121	121.667	118.333	119.167	3940416.096
10/19/2017	118.917	123.25	118.833	122.5	1811688.044
10/18/2017	119.667	120.833	118.083	120.667	3611688.088
10/17/2017	120.083	124.167	119.583	119.583	7661220.187
10/13/2017	115.833	119.417	115.583	119.417	3544644.086
10/12/2017	116.167	116.25	114.667	115.583	2281836.056
10/11/2017	114.167	116.583	113.75	116.583	3122460.076
10/10/2017	112	113.75	111.667	113.75	1608528.039
10/9/2017	111.667	112.5	111.25	112	1351212.033
10/6/2017	112.5	112.917	111.083	111.083	2256840.055
10/5/2017	112.5	112.583	111.667	112	4123824.101
10/4/2017	110.5	112.917	110.5	112.5	4590636.112
10/3/2017	108.333	111.667	108.333	110.167	4978668.121
10/2/2017	109.167	109.583	108.333	108.333	1526076.037
9/29/2017	108.583	109.5	108.333	108.917	2124456.052
9/28/2017	108.333	110	108.167	108.333	4573548.112
9/27/2017	107.917	108.417	107.5	108.083	3758100.092
9/26/2017	107.917	107.917	107.5	107.917	3195804.078
9/25/2017	107.75	107.917	107.417	107.833	905700.0221
9/22/2017	108.167	108.167	107.417	107.75	2125692.052
9/21/2017	108.25	108.333	107.667	108.167	2317512.057
9/20/2017	108.333	108.583	108.083	108.25	4264032.104
9/19/2017	108.583	108.583	107.833	108.167	4592340.112
9/18/2017	107.417	108.833	107.417	108.417	3612312.088
9/15/2017	108.167	108.167	107.083	107.417	5454912.133
9/14/2017	107.417	108.333	107.167	108.167	2984124.073
9/13/2017	106.917	107.5	106.833	107.333	6284436.153
9/11/2017	106.583	107	106.417	106.667	2686908.066
9/8/2017	106.667	106.667	106.25	106.417	2452572.06
9/7/2017	106.667	106.75	106.25	106.583	2794116.068
9/6/2017	106.667	106.833	105.833	106.25	5092044.124
9/5/2017	106.667	107.083	106.667	107.083	2930424.072
9/4/2017	106.667	107.667	105.917	107.083	3501192.085
8/31/2017	106.667	106.75	105.833	105.917	2882556.07
8/30/2017	106.667	107	106.167	106.667	2562528.063
8/29/2017	106.667	107.167	106.25	106.5	2472780.06
8/25/2017	106.167	106.167	105.583	105.917	4338888.106
8/24/2017	106.5	106.833	105.583	106.25	1635948.04
8/23/2017	107.167	107.833	106.583	106.583	1965756.048
8/22/2017	108.5	108.5	107.167	107.167	2403636.059
8/18/2017	108.333	108.75	107.917	108.5	1619652.04
8/17/2017	107.417	109.25	107.333	108.833	4318380.105
8/16/2017	107.333	108.5	107.083	107.333	2783652.068
8/15/2017	107.917	108.333	107.167	107.333	1441344.035
8/14/2017	107.75	108.75	107.5	107.5	977100.0238
8/11/2017	108.25	108.25	107.583	107.75	1676640.041
8/10/2017	108.333	109.167	107.583	108.333	1515108.037
8/9/2017	108.333	108.667	106.583	108.333	1542972.038
8/8/2017	108.333	110.083	108.25	109.167	7304148.178
8/7/2017	106.667	108.167	106.25	107.5	5133468.125
8/4/2017	106.333	107.5	105.833	106.25	1821624.044
8/3/2017	105.833	107.583	105.75	105.833	3182136.078
8/2/2017	104.167	109.75	104.167	105	5760312.141
8/1/2017	104.583	104.583	103.5	103.75	2801352.068
7/31/2017	104.25	104.917	103.167	104.917	2354208.057
7/28/2017	102.417	104.167	102.333	104.167	3223500.079
7/27/2017	102.917	103.583	102.167	102.417	2643216.064
7/26/2017	101.833	103.083	101.75	102.75	1848768.045
7/25/2017	102.917	102.917	101.667	101.833	777468.019
7/24/2017	102.5	103.167	101.667	102.917	715716.0175
7/21/2017	101.75	103.25	100	103.25	3447288.084
7/20/2017	102	102.5	101.25	101.25	8023476.196
7/19/2017	101.75	102	101.583	101.833	3953928.096
7/18/2017	102.5	102.667	101.417	101.75	2584248.063
7/17/2017	103.333	103.333	101.833	102.333	2005392.049
7/14/2017	103.75	103.75	102.5	102.917	7855860.192
7/13/2017	103.75	104.167	102.833	103.75	2334024.057
7/12/2017	103.583	103.667	103	103.5	3098748.076
7/11/2017	103.25	103.667	103	103.667	1540452.038
7/10/2017	103.25	104.083	103.25	103.25	1486884.036
7/7/2017	103	103.333	102.917	103.167	1559880.038
7/6/2017	102.583	103.25	102.25	103	1385736.034
7/5/2017	103.167	103.167	101.75	102.583	805284.0196
7/4/2017	103.333	103.5	102.5	102.5	1227756.03
7/3/2017	102.917	103.333	101.667	103.333	1247160.03
6/30/2017	100.833	103.333	100.167	103.333	2887596.07
6/29/2017	101.667	101.833	99.75	100.833	1226892.03
6/28/2017	101.667	102.083	101.417	101.75	1880508.046
6/27/2017	100.5	101.917	100.5	101.917	1658496.04
6/23/2017	100.917	101	100.333	100.5	2626884.064
6/22/2017	100.333	100.833	100.25	100.833	3065004.075
6/21/2017	100.583	100.833	99	100.333	2531700.062
6/20/2017	101.25	101.5	100.417	100.833	2041368.05
6/19/2017	101.833	101.833	100.75	101.083	3186456.078
6/16/2017	102.917	103	101.667	101.667	7766628.19
6/15/2017	102.667	104.167	102.667	103.083	1527804.037
6/14/2017	102.833	103.5	102.667	103.167	1654056.04
6/13/2017	103.167	103.167	102	102.833	3678312.09
6/9/2017	102.917	103.667	102.75	103.167	1657536.04
6/8/2017	103.75	104	102.5	102.917	1973064.048
6/7/2017	103.583	104	103.417	103.75	1676664.041
6/6/2017	103.75	103.833	103.083	103.583	1439052.035
6/5/2017	103.25	104.167	103.25	103.833	2690292.066
6/2/2017	102.5	103.75	102.5	103.25	2418516.059
6/1/2017	102.083	102.75	102	102.5	3618660.088
5/31/2017	101.667	102.167	101.667	102.083	5085612.124
5/30/2017	101.667	101.917	101.417	101.667	1083888.026
5/29/2017	100.667	101.833	100.583	101.833	1955124.048
5/26/2017	100.333	101	100.333	100.75	1834260.045
5/25/2017	100.917	101	100.417	100.417	1658088.04
5/24/2017	100	101.167	100	100.833	1662576.041
5/23/2017	101.167	101.417	100	100.667	1620588.04
5/22/2017	101.25	101.75	100.833	101.167	1264800.031
5/19/2017	100.083	101.25	100.083	101	1774524.043
5/18/2017	101.583	101.583	100	100.667	2542860.062
5/17/2017	101.667	102.25	101.333	102.083	2168556.053
5/16/2017	101.75	101.75	101.5	101.5	2102124.051
5/15/2017	101.833	102.167	101.083	101.5	2305764.056
5/12/2017	101.417	101.917	101.25	101.833	1809120.044
5/11/2017	100	101.5	100	101.417	2394588.058
5/10/2017	102.333	102.917	99.583	99.583	3022356.074
5/9/2017	103.25	104	101.833	102.417	3073320.075
5/8/2017	102.5	103.25	102.5	103.25	3718200.091
5/5/2017	100.917	102.75	100.917	102.5	4841520.118
5/4/2017	100.833	101.5	100.667	100.917	3313584.081
5/3/2017	100.667	101.333	100.417	100.667	1465872.036
5/2/2017	99.917	101.667	99	100.833	4879800.119
4/27/2017	100.5	100.583	99.667	99.917	2120052.052
4/26/2017	100.25	100.833	100.083	100.5	3052320.074
4/25/2017	99.083	100.583	98.833	100.25	4558356.111
4/24/2017	98.833	99.167	98.417	99.167	1607124.039
4/21/2017	99.167	99.25	98.167	98.75	4751448.116
4/20/2017	99.167	99.167	97.667	99	6558276.16
4/19/2017	99	99.917	97.583	99.917	6324156.154
4/18/2017	99.833	100.25	99.167	99.167	2755800.067
4/17/2017	100	100.167	99.583	99.917	1319856.032
4/12/2017	100.417	100.833	100.167	100.833	2754504.067
4/11/2017	100.833	101.5	100.167	100.417	1762248.043
4/10/2017	100.5	101.167	100.5	100.917	4781208.117
4/7/2017	100.833	102.083	100.5	100.5	5025384.123
4/6/2017	102.5	102.5	100.833	101.667	3073248.075
4/5/2017	100	102.917	99.917	102.5	6464016.158
4/4/2017	97.333	100.333	96.667	100	6163800.15
4/3/2017	97.5	98	96.75	97.333	2523036.062
3/31/2017	98.75	98.833	98	98	5030136.123
3/30/2017	99.75	99.75	98.583	98.75	2709516.066
3/29/2017	101.25	101.667	99.167	99.833	4532532.111
3/28/2017	101.5	102.083	100.75	101.25	2193384.054
3/27/2017	100.417	101	99.667	100	2228856.054
3/24/2017	101.917	103.333	100	100	2463780.06
3/23/2017	102.583	102.583	102	102.083	1754400.043
3/22/2017	103.75	103.75	101.667	102.083	3012336.074
3/21/2017	103.417	105.083	103.417	104.167	3340668.082
3/20/2017	104	104.25	101.667	103.333	2368980.058
3/17/2017	102.75	106.25	102.5	104.167	10736208.26
3/16/2017	101.833	102.833	101.833	102.333	5305140.129
3/15/2017	101.917	101.917	100.833	101.667	2468244.06
3/14/2017	100.833	102.583	100.833	101.917	2126892.052
3/13/2017	100	101.583	99.75	101.583	2655936.065
3/10/2017	102.333	102.583	99.833	100.333	3751056.092
3/9/2017	102.333	103.417	102.25	102.5	3004428.073
3/8/2017	101.25	103.083	101.25	102.5	2708592.066
3/7/2017	99.167	103.333	98.75	101.333	4863504.119
3/6/2017	98	100	97.667	99.583	3289080.08
3/3/2017	97.917	98.25	97.5	98	4130028.101
3/2/2017	96.833	98.667	96.833	97.917	3705828.09
3/1/2017	95.917	97.833	95.917	96.667	1182216.029
2/28/2017	97.917	98.333	95.5	96.25	3037248.074
2/27/2017	98.333	99.167	97.333	98.333	1015272.025
2/24/2017	99.167	99.333	98	98.333	2252868.055
2/23/2017	96.667	99.25	95.667	99.25	5139324.125
2/22/2017	96.167	96.667	94.583	96.5	2064048.05
2/21/2017	97	97	95	96.083	3251076.079
2/20/2017	96.917	97.583	96.833	97	2170188.053
2/17/2017	95.583	97.833	95.417	96.833	3844476.094
2/16/2017	94.167	96.167	94.167	95.833	2842080.069
2/15/2017	94.5	94.5	94	94.167	1682076.041
2/14/2017	95	95.167	93.667	94.333	2874876.07
2/13/2017	95.167	95.833	94.833	95.333	2233368.054
2/10/2017	95.667	96.333	95.417	95.5	2297808.056
2/9/2017	94	95.667	93.917	95.667	1706376.042
2/8/2017	94.5	95.25	94	94.667	3685656.09
2/7/2017	94.333	95.417	94.167	95.25	2263308.055
2/6/2017	95.417	95.417	94.583	95	1961892.048
2/3/2017	92.5	95.417	92.5	95.417	2329644.057
2/2/2017	91.917	94.167	91.917	93.333	3821568.093
2/1/2017	93.75	94.167	90.417	92.083	4007604.098
1/31/2017	94.167	95.25	93.333	93.833	3380988.082
1/30/2017	95.333	96.25	95.25	95.667	1304952.032
1/27/2017	95.25	96	95.25	95.417	619572.0151
1/26/2017	93.833	95.833	93.333	95.833	3401472.083
1/25/2017	94.167	94.333	93.333	93.333	2099160.051
1/24/2017	95.417	95.417	93.75	94.167	2250888.055
1/23/2017	92.083	95	91.667	95	3272400.08
1/20/2017	92.333	92.917	92	92.5	2600076.063
1/19/2017	92.333	92.75	92.167	92.333	3320544.081
1/18/2017	93	93	92.083	92.333	1996704.049
1/17/2017	92.917	93.417	92.833	92.917	2104872.051
1/16/2017	93.25	93.833	92.333	93.083	1836084.045
1/13/2017	93.333	93.917	93.25	93.75	853380.0208
1/12/2017	93.333	94	93.083	94	2527176.062
1/11/2017	94.833	95.833	93.333	94.167	1935708.047
1/10/2017	95.417	96.25	94.583	94.833	3303312.081
1/9/2017	94.75	95.667	94.167	95.667	2011152.049
1/6/2017	93.667	95.833	93.333	94.75	3670668.09
1/5/2017	92.083	93.333	90.833	93.333	5889684.144
1/4/2017	89.261	92.526	88.386	91.491	9400243.285
1/3/2017	89.899	89.978	87.589	89.182	1109691.116
12/29/2016	89.182	89.261	88.386	89.261	1342314.202
12/28/2016	85.439	89.182	85.439	89.182	1491736.514
12/27/2016	85.201	85.758	84.404	85.439	2367347.744
12/23/2016	82.493	83.767	82.493	83.608	5497191.342
12/22/2016	83.847	84.245	82.334	83.528	4687990.028
12/21/2016	83.767	85.599	83.688	85.201	2422203.742
12/20/2016	85.201	85.997	83.528	83.688	5018494.901
12/19/2016	88.386	88.624	85.201	85.997	4352926.38
12/16/2016	88.704	89.58	87.828	88.386	4392975.779
12/15/2016	90.376	90.456	88.386	88.704	7079048.423
12/14/2016	90.774	90.774	88.465	90.695	1280136.536
12/13/2016	88.943	90.774	87.589	90.774	1541104.4
12/12/2016	91.411	91.411	89.023	89.182	4682790.764
12/9/2016	91.571	91.73	90.137	91.411	3225615.538
12/8/2016	91.571	91.571	90.615	91.571	3162646.68
12/7/2016	90.058	91.411	89.182	91.411	2386587.531
12/6/2016	90.774	91.093	89.341	89.978	2021182.288
12/5/2016	91.969	91.969	90.297	90.774	1349974.952
12/2/2016	90.774	91.73	90.615	91.73	6180015.389
12/1/2016	91.173	91.173	89.341	90.695	2277704.404
11/29/2016	90.058	91.013	89.182	89.182	6604220.033
11/28/2016	89.182	89.261	88.704	89.182	976105.2078
11/25/2016	89.182	89.421	88.306	89.182	697806.466
11/24/2016	89.023	89.261	88.704	89.182	1950339.183
11/23/2016	88.306	88.943	87.987	88.465	2861164.749
11/22/2016	88.386	88.863	87.589	88.306	3021626.077
11/21/2016	88.704	89.182	88.147	89.023	2420947.881
11/18/2016	88.784	89.023	88.624	88.704	941719.7405
11/17/2016	88.784	90.058	88.306	88.784	4031400.911
11/16/2016	87.51	89.261	87.51	88.784	1998137.243
11/15/2016	86.156	89.102	86.156	88.147	3230475.719
11/14/2016	85.997	87.987	85.997	87.51	4618000.908
11/11/2016	86.793	87.987	86.634	87.987	4737282.562
11/10/2016	88.784	89.899	87.749	87.828	3108531.641
11/9/2016	88.863	89.182	86.236	87.669	3249966.678
11/8/2016	88.624	89.261	87.987	89.182	2373061.911
11/7/2016	88.147	89.182	86.315	88.147	3403809.62
11/4/2016	88.784	88.784	87.589	88.147	3415577.035
11/3/2016	86.793	88.226	84.643	87.987	6327089.241
11/2/2016	87.589	88.306	87.51	87.749	4242774.834
10/28/2016	89.819	89.819	87.589	89.819	2027662.529
10/27/2016	89.102	90.695	88.226	89.819	1587935.447
10/26/2016	89.58	90.695	87.669	89.102	2794026.434
10/25/2016	88.784	91.81	88.784	91.491	4213890.037
10/24/2016	89.182	89.978	88.863	89.182	1401239.188
10/21/2016	91.65	91.65	89.182	89.182	2561214.968
10/20/2016	90.297	92.208	89.66	91.65	3292691.061
10/19/2016	87.669	90.854	87.589	90.774	6971860.708
10/18/2016	85.599	87.589	85.439	87.589	4988592.856
10/17/2016	85.599	85.997	85.041	85.599	4062357.879
10/14/2016	85.997	86.395	85.439	85.599	2470604.615
10/13/2016	85.599	85.838	84.006	84.404	2091334.669
10/12/2016	87.032	87.032	85.201	85.599	1542347.702
10/11/2016	86.873	87.669	86.873	87.271	10291841.62
10/10/2016	86.952	87.669	86.713	86.873	1340179.239
10/7/2016	87.589	87.749	85.519	86.793	3159255.856
10/6/2016	87.669	87.669	87.43	87.589	1194863.591
10/5/2016	87.987	87.987	87.112	87.669	1543050.984
10/4/2016	87.828	87.987	87.589	87.987	3061713.152
10/3/2016	87.589	87.749	87.35	87.669	2983962.813
9/30/2016	86.236	87.43	85.758	87.43	6031786.145
9/29/2016	85.121	86.315	83.847	85.997	3577105.844
9/28/2016	82.812	83.847	82.812	83.608	7146048.594
9/27/2016	85.121	85.121	82.254	82.414	3838563.493
9/26/2016	88.386	88.386	84.484	85.201	3149874.576
9/23/2016	88.386	89.023	87.828	88.465	1875904.317
9/22/2016	87.987	88.704	87.987	88.067	1134419.014
9/21/2016	88.624	88.624	87.589	87.987	1242699.327
9/20/2016	88.147	89.182	88.067	88.784	797546.9266
9/19/2016	88.386	88.545	87.749	87.987	1585549.312
9/16/2016	88.624	89.023	86.395	88.386	3093599.456
9/15/2016	87.191	89.978	85.519	89.978	3825992.327
9/14/2016	87.112	87.828	86.554	86.793	2657916.246
9/13/2016	88.704	89.5	87.112	87.112	4235792.248
9/9/2016	88.624	89.899	88.226	88.784	1998488.884
9/8/2016	87.828	89.58	87.032	88.624	2599568.955
9/7/2016	89.023	89.102	87.191	87.828	3614128.619
9/6/2016	89.102	89.102	87.51	89.023	3681342.286
9/5/2016	89.421	89.5	88.624	89.182	2644830.177
9/2/2016	89.819	89.899	88.863	89.421	2389626.714
9/1/2016	89.978	90.774	88.147	90.774	2578307.233
8/31/2016	89.182	91.013	88.306	91.013	3006229.224
8/30/2016	90.615	90.615	88.704	89.182	3816071.027
8/26/2016	89.978	90.934	89.66	90.615	1733163.184
8/25/2016	91.013	91.013	89.261	89.978	2501360.645
8/24/2016	91.571	91.571	89.66	91.013	1838052.674
8/23/2016	91.252	91.571	90.456	91.571	1595533.405
8/22/2016	90.217	91.571	90.217	91.332	1008029.188
8/19/2016	90.695	90.695	88.624	90.137	2872856.813
8/18/2016	90.536	91.571	90.536	90.695	1254516.977
8/17/2016	90.774	90.934	90.137	90.774	2081011.494
8/16/2016	90.774	91.571	90.615	91.571	1788546.643
8/15/2016	92.447	92.447	89.899	90.774	3590769.609
8/12/2016	94.756	94.756	92.367	92.845	1687964.756
8/11/2016	95.154	95.154	93.88	94.198	3317067.318
8/10/2016	93.163	95.154	92.367	95.154	3023811.275
8/9/2016	92.765	93.561	92.208	92.924	2029697.024
8/8/2016	91.571	93.004	91.491	91.969	1891263.493
8/5/2016	91.411	91.81	91.332	91.571	1343230.98
8/4/2016	90.854	92.367	90.854	91.411	1533757.614
8/3/2016	93.163	93.163	90.376	90.774	3620822.357
8/2/2016	91.571	93.482	91.491	93.163	4018942.773
8/1/2016	91.889	91.889	90.376	91.332	2748124.723
7/29/2016	91.173	91.889	90.137	90.137	2710486.577
7/28/2016	90.774	91.013	90.376	91.013	2177951.385
7/27/2016	91.173	91.332	90.854	91.013	1053503.906
7/26/2016	91.093	91.491	90.456	91.173	5237542.132
7/25/2016	90.934	91.969	90.774	91.093	1942402.143
7/22/2016	91.491	92.128	90.774	90.934	2736708.949
7/21/2016	92.208	92.208	91.252	91.571	2510553.546
7/20/2016	91.81	92.208	91.571	92.208	1836018.179
7/19/2016	91.013	91.969	90.774	91.81	1698300.49
7/18/2016	90.774	91.173	90.376	91.093	1368863.098
7/15/2016	89.978	91.491	89.899	90.774	2281760.834
7/14/2016	90.297	90.774	89.739	89.978	2404395.636
7/13/2016	91.969	92.048	90.217	90.297	3816410.11
7/12/2016	91.73	91.969	91.173	91.411	2049363.803
7/11/2016	90.456	91.81	90.456	91.73	2740790.496
7/8/2016	89.819	90.376	89.66	89.819	1299778.198
7/7/2016	89.978	90.217	89.023	89.819	3156417.611
7/5/2016	91.173	91.571	89.102	89.182	2422065.597
7/4/2016	90.774	91.173	90.137	91.173	2544085.027
7/1/2016	89.819	91.73	89.819	90.774	2284699.549
6/30/2016	88.226	92.845	88.226	89.182	8069256.947
6/29/2016	86.793	88.226	86.793	88.067	2905484.075
6/28/2016	87.589	87.669	85.917	86.554	1106375.643
6/27/2016	84.802	87.589	83.289	87.589	1514844.351
6/24/2016	87.589	87.987	84.245	85.201	2358556.719
6/23/2016	87.191	87.271	86.952	87.191	1786901.465
6/22/2016	87.589	87.589	86.793	87.191	2090593.711
6/21/2016	86.793	87.669	86.554	87.589	4473124.812
6/20/2016	86.554	86.713	85.838	86.475	2304052.363
6/17/2016	85.678	86.713	84.802	86.554	2605609.646
6/16/2016	82.812	85.041	82.732	84.484	1846052.507
6/15/2016	81.936	83.21	81.936	82.812	2280806.38
6/14/2016	82.812	83.051	81.856	81.936	1981949.198
6/13/2016	82.414	82.812	80.503	82.812	3373756.872
6/10/2016	85.201	85.519	82.015	82.414	1988982.018
6/9/2016	86.793	87.032	83.528	83.528	2468946.879
6/8/2016	86.793	87.589	86.634	86.793	4629127.834
6/7/2016	84.484	86.793	84.404	85.997	6407125.247
6/6/2016	83.608	84.404	83.051	84.165	3583159.093
6/3/2016	82.812	83.21	82.175	82.812	2699912.229
6/2/2016	82.732	83.847	81.617	81.617	2498007.497
6/1/2016	81.06	82.971	81.06	82.732	1748597.712
5/31/2016	82.015	83.13	79.627	80.423	10304224.41
5/30/2016	82.812	82.971	80.184	81.777	2048070.266
5/27/2016	82.732	83.051	82.334	82.812	2183414.379
5/26/2016	82.812	82.812	81.299	82.732	1167460.71
5/25/2016	82.015	83.051	82.015	82.732	2469172.934
5/24/2016	81.617	82.175	81.538	82.015	1744365.462
5/23/2016	81.299	82.015	80.184	81.617	1247898.591
5/20/2016	82.015	82.971	81.14	81.219	2561240.085
5/19/2016	83.608	84.006	83.369	83.608	2018733.359
5/18/2016	82.812	83.927	82.812	83.608	6543298.228
5/17/2016	82.493	83.051	82.095	82.812	3140543.531
5/16/2016	82.015	82.891	81.219	82.573	1386156.301
5/13/2016	82.015	83.369	81.936	82.812	4919281.902
5/12/2016	82.095	82.095	80.821	81.538	1284331.111
5/11/2016	79.308	82.812	79.268	82.015	4475134.189
5/10/2016	79.069	79.229	78.432	79.229	6242419.11
5/6/2016	78.83	79.627	78.432	79.229	4664204.025
5/5/2016	78.552	79.866	78.472	79.866	2435691.686
5/4/2016	79.348	79.627	78.034	79.627	4204709.695
5/3/2016	79.587	79.627	78.83	79.348	2957388.8
5/2/2016	78.83	79.587	77.238	79.587	1433828.775
4/29/2016	79.149	79.627	78.671	79.627	3601645.363
4/28/2016	79.229	79.587	78.83	79.229	4353855.717
4/27/2016	78.83	79.229	78.392	79.229	3626084.414
4/26/2016	80.423	80.423	78.432	79.229	7023037.034
4/25/2016	82.493	82.493	80.741	80.821	3408544.215
4/22/2016	82.812	83.21	82.015	82.573	1922094.875
4/21/2016	82.095	82.812	81.617	82.812	2462918.747
4/20/2016	82.015	82.812	81.856	82.095	996236.6556
4/19/2016	81.538	82.015	81.458	81.936	1589153.632
4/18/2016	82.015	82.414	81.219	81.538	1131944.968
4/15/2016	83.13	83.13	82.414	82.414	534268.2794
4/14/2016	83.21	83.608	82.971	83.13	1990451.375
4/13/2016	82.414	83.608	81.936	83.608	3176209.976
4/12/2016	81.617	82.254	81.458	82.015	2537140.118
4/11/2016	81.378	81.936	81.378	81.617	1403788.586
4/8/2016	81.14	81.617	80.343	81.219	2786240.097
4/7/2016	80.503	81.856	80.503	81.219	2709984.232
4/6/2016	80.821	80.98	79.786	80.503	2130718.462
4/5/2016	81.219	81.378	80.582	80.821	2442649.155
4/4/2016	81.299	81.378	80.582	80.98	3552453.298
4/1/2016	82.015	82.175	80.343	81.219	2266175.603
3/31/2016	84.245	84.245	81.378	81.458	3185189.381
3/30/2016	83.608	84.404	83.289	83.369	3497308.452
3/29/2016	83.608	83.608	82.971	83.051	2736922.445
3/28/2016	84.643	84.643	83.608	83.608	2049690.327
3/23/2016	83.528	85.201	83.369	84.643	3811060.143
3/22/2016	83.528	84.245	83.21	83.608	3044834.384
3/21/2016	84.245	84.404	83.528	83.528	3537960.665
3/18/2016	83.21	84.006	82.414	82.812	7104027.493
3/17/2016	82.812	84.325	82.732	83.051	2991924.97
3/16/2016	82.812	84.006	82.414	82.812	1012901.928
3/15/2016	82.812	84.006	82.493	82.812	2715660.723
3/14/2016	83.608	84.643	83.051	83.051	3102428.157
3/11/2016	81.617	83.608	80.423	83.608	4947752.265
3/10/2016	80.741	82.015	80.741	81.617	5015430.6
3/9/2016	80.025	81.458	80.025	80.423	3907472.573
3/8/2016	80.184	80.184	79.627	80.025	1749162.85
3/7/2016	79.627	80.184	79.388	80.184	5347894.616
3/4/2016	78.472	79.348	78.472	78.83	3528516.592
3/3/2016	79.786	79.786	78.432	78.432	3234494.474
3/2/2016	80.025	80.821	79.467	79.547	5590752.968
3/1/2016	79.229	79.587	78.751	79.189	2583192.531
2/29/2016	78.631	79.547	78.512	78.83	3583397.707
2/26/2016	78.671	78.83	77.278	78.83	3142063.123
2/24/2016	79.627	79.627	77.835	78.791	858443.6143
2/23/2016	79.627	79.786	78.87	79.627	2198070.274
2/22/2016	80.343	80.343	79.229	79.627	956802.6281
2/19/2016	81.219	81.219	79.587	80.423	2797316.789
2/18/2016	79.786	80.821	79.348	80.821	2967711.975
2/17/2016	79.069	79.467	78.592	79.229	3223744.306
2/16/2016	78.83	79.229	78.512	78.87	3023635.454
2/15/2016	79.348	79.627	78.034	78.193	3083188.371
2/12/2016	79.189	79.786	78.273	79.229	4364618.444
2/11/2016	79.627	79.627	78.751	79.229	842582.0931
2/10/2016	77.158	79.627	77.158	79.229	3721931.706
2/9/2016	80.343	80.343	76.601	76.601	430546.7402
2/5/2016	80.741	80.741	78.91	80.423	3943553.452
2/4/2016	78.034	79.547	77.755	78.83	4634666.18
2/3/2016	79.189	79.348	77.596	77.636	3587943.923
2/2/2016	80.901	80.901	79.149	79.627	3786935.058
2/1/2016	81.219	82.015	80.184	81.697	3388889.994
1/29/2016	79.627	81.219	79.507	81.219	6557841.095
1/28/2016	78.91	79.507	78.034	79.229	3460888.491
1/27/2016	76.043	79.069	76.043	78.95	2354073.296
1/26/2016	77.915	78.592	75.964	76.043	2842351.955
1/25/2016	76.521	78.99	76.521	78.99	1029102.531
1/22/2016	75.247	77.397	75.247	76.84	1932983.188
1/21/2016	74.451	75.168	74.093	75.168	3484448.438
1/20/2016	76.243	76.442	74.769	76.043	3111395.003
1/19/2016	76.362	77.079	75.645	76.282	1097760.438
1/18/2016	77.278	77.278	75.247	76.362	1902453.213
1/15/2016	78.114	78.273	77.875	78.034	3553357.518
1/14/2016	77.238	78.114	75.725	78.034	2818804.566
1/13/2016	76.601	78.751	76.442	78.034	2426925.778
1/12/2016	75.685	78.353	75.685	76.362	914367.0934
1/11/2016	79.229	79.229	75.247	75.645	4214944.96
1/8/2016	81.06	81.06	79.229	79.229	3008113.015
1/7/2016	82.652	82.652	81.219	81.219	1674037.26
1/6/2016	82.652	82.732	81.299	82.334	2036453.555
1/5/2016	81.14	82.493	80.343	82.414	2045571.104
1/4/2016	84.404	84.404	81.14	81.14	691979.2721
12/29/2015	82.812	83.608	81.697	83.608	3194997.653
12/28/2015	80.264	83.528	80.264	83.528	1700247.074
12/23/2015	83.608	84.006	83.449	83.608	1805299.825
12/22/2015	82.414	83.449	82.175	83.449	1842988.206
12/21/2015	82.015	82.971	81.777	82.414	1120868.276
12/18/2015	83.21	83.21	80.901	82.015	3636244.327
12/17/2015	80.343	83.21	80.343	83.21	2365941.18
12/16/2015	79.627	80.184	79.467	79.627	1294139.384
12/15/2015	79.388	80.343	78.273	79.627	2294495.262
12/14/2015	79.786	79.786	77.955	78.034	4252382.169
12/11/2015	80.423	80.423	78.91	79.786	3110541.018
12/10/2015	80.184	80.423	79.547	80.184	1628637.894
12/9/2015	79.467	80.423	79.467	80.025	833213.3719
12/8/2015	80.025	80.025	78.91	78.91	1877009.474
12/7/2015	81.219	81.936	79.945	80.741	937638.1931
12/4/2015	81.219	82.095	80.264	80.821	2193184.976
12/3/2015	81.856	81.856	80.582	81.219	2239538.796
12/2/2015	83.608	84.165	82.095	82.095	1994671.067
12/1/2015	83.608	84.564	81.856	84.006	4681346.524
11/27/2015	82.812	82.812	80.184	80.423	6226469.678
11/26/2015	82.812	83.369	82.015	82.971	3248648.024
11/25/2015	81.219	82.812	80.98	82.812	1661340.508
11/24/2015	79.308	81.06	79.308	80.821	2005006.801
11/23/2015	79.029	79.547	78.99	79.069	3498174.996
11/20/2015	80.423	80.423	79.029	79.029	3008540.008
11/17/2015	80.025	80.741	78.99	79.229	3203236.1
11/16/2015	79.627	79.945	78.83	78.95	3255517.583
11/13/2015	79.627	80.821	79.189	80.821	3774690.416
11/12/2015	80.582	81.219	79.627	79.627	2536574.98
11/11/2015	80.025	80.423	79.229	80.025	3821559.139
11/10/2015	80.503	80.582	79.786	80.025	3399150.376
11/9/2015	81.617	81.617	80.423	81.219	1738123.834
11/6/2015	80.264	82.095	80.184	81.219	2960980.561
11/5/2015	80.901	80.98	79.308	79.786	9513258.194
11/4/2015	81.697	81.697	79.467	80.741	5735578.829
11/3/2015	82.015	82.414	81.617	82.015	2461725.68
11/2/2015	80.98	82.015	80.98	82.015	3195022.77
10/30/2015	81.219	81.617	80.264	80.98	4406652.103
10/29/2015	82.812	83.608	80.821	81.14	4377001.231
10/28/2015	82.812	83.21	82.175	82.812	3653562.647
10/27/2015	82.652	84.404	82.095	82.812	3561269.44
10/26/2015	86.634	86.793	82.414	82.652	3666309.633
10/23/2015	84.006	86.395	83.608	85.599	3523279.653
10/22/2015	82.015	83.051	81.617	82.812	2864090.905
10/21/2015	81.777	82.334	81.617	81.856	3562424.832
10/20/2015	81.856	82.334	81.378	81.777	2805605.47
10/19/2015	82.812	83.289	82.095	82.573	3037135.957
10/16/2015	84.006	84.245	81.299	82.095	3119532.981
10/15/2015	82.414	84.006	82.015	83.449	2093356.605
10/14/2015	82.095	83.369	81.856	82.015	1317058.842
10/13/2015	84.802	84.802	82.015	82.015	3116380.77
10/12/2015	86.475	86.793	84.245	84.802	2109356.271
10/9/2015	86.793	86.793	85.201	86.395	841803.4594
10/8/2015	86.793	86.793	85.917	86.793	1125238.672
10/7/2015	84.962	86.793	84.404	86.793	2900824.832
10/6/2015	84.802	86.713	84.723	86.713	3695320.017
10/5/2015	83.528	84.882	82.812	84.404	4292042.251
10/2/2015	83.608	84.325	82.812	83.608	4021291.232
10/1/2015	82.414	83.608	81.936	83.608	3532585.581
9/30/2015	81.856	82.414	80.741	82.414	4006070.2
9/29/2015	79.627	81.219	78.034	81.219	4877499.414
9/28/2015	82.175	82.254	80.423	81.219	3540949.613
9/24/2015	82.095	82.493	79.587	82.015	3086880.601
9/23/2015	81.219	82.414	80.423	81.219	5636742.588
9/22/2015	82.175	83.369	82.175	82.493	3669147.879
9/21/2015	82.175	82.175	81.299	82.015	10866435.59
9/18/2015	81.219	82.334	81.06	82.015	3103169.115
9/17/2015	79.786	80.901	79.507	80.901	3962592.301
9/16/2015	79.189	80.025	79.149	79.507	3142276.619
9/15/2015	78.034	79.029	77.477	78.432	4912914.688
9/14/2015	76.641	77.955	76.641	77.397	3238010.884
9/11/2015	77.198	77.198	76.123	76.521	1735913.519
9/10/2015	76.282	77.198	75.287	77.198	3778282.178
9/9/2015	75.645	76.083	74.73	75.367	2714995.117
9/8/2015	74.451	74.849	72.062	74.451	3633795.399
9/7/2015	75.168	75.168	74.053	74.451	3725824.874
9/4/2015	77.198	77.317	74.969	75.168	3256057.603
9/3/2015	78.353	78.472	76.442	77.238	3957845.147
9/2/2015	77.238	78.114	75.645	78.034	3200460.647
9/1/2015	77.238	78.392	76.919	77.755	6247769.077
8/28/2015	77.636	78.751	77.437	78.432	5767666.071
8/27/2015	74.451	77.238	74.451	77.238	12706635.79
8/26/2015	73.655	74.172	72.978	74.053	8432426.758
8/25/2015	72.46	75.645	72.46	74.929	8015393.079
8/24/2015	77.636	77.636	72.381	75.645	7978420.539
8/20/2015	79.467	79.587	78.034	78.791	3320998.162
8/19/2015	79.388	80.343	79.229	79.627	3411583.398
8/18/2015	79.547	80.423	79.388	80.423	2726310.422
8/17/2015	82.015	82.015	79.149	79.547	3909532.184
8/14/2015	80.423	82.175	79.627	82.015	2290727.68
8/13/2015	82.015	82.015	79.229	82.015	6973932.878
8/12/2015	82.732	82.732	80.503	81.219	5103642.259
8/11/2015	81.219	82.812	81.219	82.812	4616544.11
8/10/2015	81.219	82.891	81.219	82.493	3019855.313
8/7/2015	82.493	82.732	80.423	81.219	1205350.029
8/6/2015	82.812	82.971	81.219	82.493	3655810.637
8/5/2015	81.617	83.528	81.617	82.812	5751377.557
8/4/2015	80.104	82.732	79.786	81.617	2169411.532
8/3/2015	80.343	81.378	79.786	80.104	1950841.527
7/31/2015	79.587	79.945	79.189	79.945	4149891.373
7/30/2015	79.627	79.786	79.229	79.229	1627344.357
7/29/2015	78.751	79.229	78.193	79.229	6452474.379
7/28/2015	80.423	80.503	78.512	78.512	4391355.719
7/27/2015	83.528	83.528	80.503	80.821	7110218.887
7/24/2015	83.608	83.608	83.21	83.528	2037345.216
7/23/2015	83.608	83.767	82.812	83.608	3794281.844
7/22/2015	83.608	83.688	83.13	83.688	2457732.042
7/21/2015	82.493	84.006	82.493	83.608	5477436.652
7/20/2015	83.608	83.688	82.175	82.414	87303838.65
7/16/2015	82.812	83.767	82.812	83.608	3656451.126
7/15/2015	82.812	83.688	82.414	83.608	9993185.378
7/14/2015	82.573	84.564	82.573	82.812	4973974.637
7/13/2015	82.573	82.971	81.378	82.175	4190669.171
7/10/2015	82.812	83.528	82.095	82.095	4145834.943
7/9/2015	82.414	83.369	81.617	82.812	4659180.582
7/8/2015	84.006	84.325	82.493	83.608	4050314.174
7/7/2015	84.882	85.121	83.369	84.006	4329441.784
7/6/2015	85.997	86.395	84.484	84.802	3529207.315
7/3/2015	85.997	87.35	85.997	85.997	1665836.489
7/2/2015	86.236	87.589	86.076	86.236	2621358.139
7/1/2015	85.201	86.634	84.404	86.236	3610901.057
6/30/2015	85.201	86.873	84.882	86.315	3613186.724
6/29/2015	86.793	86.873	85.439	86.076	1430827.267
6/26/2015	85.838	87.987	85.838	86.713	2424476.85
6/25/2015	87.191	87.191	85.201	85.838	3738684.888
6/24/2015	88.147	88.386	86.713	87.589	3325481.585
6/23/2015	87.669	88.704	87.669	88.147	3510005.205
6/22/2015	87.271	88.306	86.793	87.589	3419005.535
6/19/2015	87.589	87.908	87.112	87.43	6074661.231
6/18/2015	86.315	87.669	86.315	87.51	2632598.093
6/17/2015	85.28	86.873	84.564	86.315	5667134.418
6/16/2015	85.201	85.917	85.121	85.28	4804019.002
6/15/2015	86.395	86.395	84.325	85.121	4340958.027
6/11/2015	85.997	86.873	85.997	86.395	1945102.244
6/10/2015	84.484	86.236	84.484	85.997	2090267.188
6/9/2015	84.962	85.201	84.006	84.404	4238266.294
6/8/2015	84.643	86.793	84.564	86.475	1203591.824
6/5/2015	85.439	85.599	84.802	85.201	4421320.556
6/4/2015	85.997	85.997	84.643	85.439	1514279.214
6/3/2015	85.201	85.997	84.404	85.997	2792758.014
6/2/2015	86.793	88.386	85.041	86.076	3865602.175
6/1/2015	87.589	88.386	85.201	88.386	3241276.122
5/29/2015	85.201	87.669	84.723	85.997	9479450.422
5/28/2015	88.863	89.182	84.086	84.404	7581631.336
5/27/2015	89.978	90.376	88.545	88.863	3790313.324
5/26/2015	90.854	90.854	88.863	90.695	3428198.435
5/25/2015	92.765	92.765	90.695	91.013	1714526.21
5/22/2015	93.084	93.163	91.73	92.287	1620185.951
5/21/2015	91.571	92.606	91.491	92.367	4728554.33
5/20/2015	93.084	93.163	91.571	91.571	6612383.128
5/19/2015	93.004	93.561	90.774	92.924	3256497.154
5/18/2015	91.571	93.084	91.332	93.004	2646286.975
5/15/2015	90.774	91.889	90.137	91.571	3352721.205
5/14/2015	89.66	90.774	88.863	90.774	7395374.628
5/13/2015	87.749	89.899	87.749	89.66	3259900.537
5/12/2015	88.386	88.943	87.987	88.386	1449376.331
5/11/2015	88.465	89.102	88.386	88.943	2514911.382
5/8/2015	87.191	88.545	87.191	88.545	2298300.52
5/7/2015	87.589	88.067	86.475	87.749	13539371.93
5/6/2015	89.58	89.58	87.669	88.386	4578001.743
5/5/2015	88.386	89.978	87.908	89.58	5593942.854
5/4/2015	86.873	88.784	84.723	87.908	3510947.1
4/30/2015	88.704	88.704	84.484	86.793	11227784.4
4/29/2015	89.182	89.182	86.076	87.589	7759210.045
4/28/2015	91.969	92.048	88.306	89.182	7486537.56
4/27/2015	93.561	93.641	91.571	91.969	6862387.327
4/24/2015	92.447	93.641	92.447	93.561	5127968.282
4/23/2015	91.571	93.88	91.332	92.367	3128298.889
4/22/2015	92.367	92.367	90.376	91.252	5957916.416
4/21/2015	93.561	93.561	92.128	92.685	6337588.237
4/20/2015	92.765	93.561	92.606	93.163	3675037.865
4/17/2015	93.959	94.358	92.526	94.358	4631878.169
4/16/2015	93.959	94.358	91.969	93.959	5261918.389
4/15/2015	95.074	95.074	91.571	93.959	3648262.914
4/14/2015	95.552	95.791	94.358	94.358	3489584.909
4/13/2015	95.393	95.552	93.8	95.552	3709398.216
4/10/2015	94.358	95.632	93.721	95.393	6024313.774
4/8/2015	95.472	95.472	94.119	94.358	4850083.974
4/7/2015	96.587	97.543	94.835	95.472	2683900.005
4/6/2015	97.941	97.941	96.03	96.348	3593067.834
4/1/2015	98.737	98.737	96.906	97.941	2818138.96
3/31/2015	97.941	99.056	97.702	98.498	5631455.415
3/30/2015	97.543	98.339	96.906	97.224	2840367.695
3/27/2015	95.313	96.746	95.313	96.746	3420864.209
3/26/2015	95.95	96.109	95.154	95.472	4336009.936
3/25/2015	95.552	97.941	95.552	96.746	4998803.004
3/24/2015	93.561	95.552	93.561	95.552	3044193.895
3/23/2015	93.561	94.278	93.163	94.278	2553717.479
3/20/2015	93.163	93.8	92.685	93.322	3336357.339
3/19/2015	91.81	93.959	91.81	93.561	4508452.175
3/18/2015	91.571	91.889	91.173	91.571	3874958.338
3/17/2015	90.058	91.252	90.058	90.934	4520244.708
3/16/2015	91.173	91.969	87.749	89.819	1988215.943
3/13/2015	90.774	91.571	90.615	91.173	2951649.516
3/12/2015	90.774	90.854	90.536	90.774	4189639.366
3/11/2015	90.695	90.695	90.217	90.695	3288596.955
3/10/2015	91.013	92.287	90.854	90.934	7743248.055
3/9/2015	90.934	91.491	90.217	91.013	6359289.511
3/6/2015	90.774	90.774	89.978	90.774	4737270.003
3/5/2015	90.297	91.332	90.297	90.695	6691376.769
3/4/2015	89.739	90.137	89.182	89.978	3367038.017
3/3/2015	87.669	89.5	87.669	88.943	2112634.068
3/2/2015	88.067	88.386	86.713	87.589	5897007.17
2/27/2015	90.774	90.774	86.793	88.386	3263756.029
2/26/2015	90.774	91.571	89.421	89.978	5184795.981
2/25/2015	90.536	90.774	89.978	90.774	993235.1484
2/24/2015	90.695	90.774	90.376	90.774	7411298.942
2/23/2015	89.58	90.058	89.261	89.899	2312265.692
2/20/2015	89.421	89.978	89.102	89.58	1986018.187
2/18/2015	90.774	90.774	89.66	89.66	787073.048
2/17/2015	90.536	90.774	89.5	90.774	858920.8414
2/16/2015	90.376	90.774	89.819	90.376	1640556.012
2/13/2015	90.695	90.774	90.058	90.774	2692289.154
2/12/2015	89.182	90.774	88.465	90.774	1789413.187
2/11/2015	90.376	90.376	88.863	88.863	1278654.621
2/10/2015	91.411	91.571	90.058	90.376	4567201.341
2/9/2015	89.421	91.571	89.421	89.899	5218930.276
2/6/2015	89.341	89.978	89.102	89.421	2255952.896
2/5/2015	89.421	90.456	89.421	90.137	2895349.279
2/4/2015	90.376	91.173	90.137	90.774	3532309.291
2/3/2015	88.943	89.182	87.589	88.784	2657828.335
2/2/2015	92.367	92.367	88.784	89.182	2738253.658
1/30/2015	92.367	92.367	90.695	91.173	5063806.356
1/29/2015	91.491	92.287	89.978	90.774	5349677.939
1/28/2015	92.128	92.208	90.376	90.695	4152503.563
1/27/2015	89.978	92.128	89.739	92.128	5209473.645
1/26/2015	89.182	89.5	87.589	89.023	4546894.073
1/23/2015	88.386	89.58	88.147	89.182	4983594.53
1/22/2015	88.306	88.386	87.669	88.386	2041363.97
1/21/2015	88.784	89.341	87.43	88.784	3813421.161
1/20/2015	88.386	90.058	88.386	88.784	5428307.38
1/19/2015	87.749	88.386	87.271	87.749	3272496.82
1/14/2015	87.112	89.978	87.112	88.386	6054027.439
1/13/2015	86.315	87.191	85.201	86.952	2025389.421
1/12/2015	84.404	84.802	83.608	84.564	3249414.099
1/9/2015	84.643	85.201	84.006	84.404	8468068.086
1/8/2015	84.404	84.802	84.006	84.245	9296258.015
1/7/2015	87.191	87.51	84.882	84.882	4582836.807
1/6/2015	85.997	86.952	85.121	86.395	3474765.752
1/5/2015	87.669	87.669	86.952	87.589	1964944.844
