BLOOM 1216

12/27/2019	11	11.34	11	11.3	1918200
12/26/2019	11.1	11.3	10.9	11.3	1393100
12/23/2019	11.04	11.2	10.9	11.1	1161300
12/20/2019	11.28	11.28	10.84	11.26	5790100
12/19/2019	11.12	11.3	10.9	11.3	3561400
12/18/2019	10.7	11.12	10.62	11.12	2691900
12/17/2019	10.6	10.9	10.54	10.7	2203300
12/16/2019	10.98	11.06	10.8	10.8	2814200
12/13/2019	10.98	11.16	10.96	11	2080500
12/12/2019	10.86	10.94	10.56	10.9	4283000
12/11/2019	10.4	10.98	10.4	10.9	3894600
12/10/2019	10.58	10.58	10.4	10.5	391400
12/9/2019	10.32	10.62	10.28	10.36	3306800
12/6/2019	10.34	10.5	10.12	10.12	4219400
12/5/2019	10.88	11.08	10.3	10.34	3014400
12/4/2019	11.2	11.2	10.78	10.9	3900100
12/3/2019	11.26	11.3	11.18	11.26	692500
12/2/2019	11.4	11.4	11.14	11.26	2772900
11/29/2019	11.46	11.46	11.1	11.14	580600
11/28/2019	11.18	11.46	11.18	11.46	1672100
11/27/2019	11.3	11.46	10.94	11.46	2038700
11/26/2019	11.46	11.48	11.12	11.2	5244300
11/25/2019	11.5	11.52	11.26	11.42	1172300
11/22/2019	11.12	11.5	11.12	11.46	10521600
11/21/2019	10.94	11.4	10.86	11.4	1861900
11/20/2019	11.38	11.38	10.8	11.18	1415200
11/19/2019	11.26	11.38	11.1	11.38	2645000
11/18/2019	11.3	11.3	11.14	11.28	1033500
11/15/2019	11.38	11.38	11.24	11.28	3720000
11/14/2019	10.9	11.34	10.7	11.3	7356100
11/13/2019	11	11.12	10.84	10.96	1858500
11/12/2019	10.78	11	10.78	11	1741900
11/11/2019	10.82	10.82	10.7	10.78	690100
11/8/2019	10.72	10.84	10.68	10.76	8415800
11/7/2019	10.84	10.86	10.56	10.72	2383300
11/6/2019	10.6	10.84	10.4	10.82	36727801
11/5/2019	10.98	10.98	10.6	10.6	6081700
11/4/2019	10	10.56	10	10.56	12938400
10/31/2019	10.14	10.32	9.82	9.99	12699700
10/30/2019	10.14	10.18	10.04	10.14	8696100
10/29/2019	10.16	10.3	10.12	10.12	2542600
10/28/2019	10.2	10.3	10.1	10.2	2880700
10/25/2019	10.36	10.58	10.18	10.2	6149700
10/24/2019	10.3	10.48	10.28	10.3	1564200
10/23/2019	10.4	10.4	10.24	10.26	676500
10/22/2019	10.6	10.66	10.26	10.4	6594700
10/21/2019	10.64	10.7	10.58	10.6	4430000
10/18/2019	10.58	10.76	10.58	10.64	487800
10/17/2019	10.7	10.9	10.56	10.62	2636900
10/16/2019	10.9	11	10.56	10.66	3644200
10/15/2019	10.84	10.9	10.8	10.9	3612800
10/14/2019	11.06	11.06	10.7	10.84	2486600
10/11/2019	10.9	11.06	10.74	11	2469500
10/10/2019	10.72	10.98	10.72	10.9	5645000
10/9/2019	10.84	11	10.7	10.7	825100
10/8/2019	11	11.08	10.64	11	39492500
10/7/2019	10.9	11.02	10.9	11.02	2663900
10/4/2019	10.8	11	10.72	10.92	2665800
10/3/2019	10.7	10.9	10.38	10.9	1486800
10/2/2019	10.68	10.72	10.4	10.7	6647400
10/1/2019	10.8	10.8	10.38	10.78	5536300
9/30/2019	11.28	11.52	10.72	10.86	9021700
9/27/2019	11.5	11.72	11.22	11.3	2837300
9/26/2019	11.32	11.58	11.3	11.5	2611000
9/25/2019	11.26	11.34	11.1	11.3	2627800
9/24/2019	11.1	11.48	11.1	11.26	1530900
9/23/2019	11.1	11.1	11	11.1	5844900
9/20/2019	11.02	11.14	11	11.1	3253000
9/19/2019	11.02	11.12	11.02	11.04	1308800
9/18/2019	11.02	11.16	10.9	11.02	3648900
9/17/2019	11.04	11.2	11	11.18	1343900
9/16/2019	11.4	11.44	11.08	11.08	625800
9/13/2019	11.04	11.4	10.9	11.4	1161600
9/12/2019	11.04	11.26	10.98	11	17824400
9/11/2019	11.2	11.28	11.02	11.1	2056800
9/10/2019	11.1	11.1	11.04	11.04	1058500
9/9/2019	11.1	11.12	11.02	11.1	465500
9/6/2019	10.76	11.28	10.74	11.12	3893100
9/5/2019	10.38	10.74	10.32	10.7	2838400
9/4/2019	10.28	10.32	10.14	10.3	2393300
9/3/2019	10.42	10.44	10.22	10.3	1806700
9/2/2019	10.4	10.46	10.34	10.4	1850300
8/30/2019	10.04	10.58	10.04	10.34	6036300
8/29/2019	9.95	10.1	9.95	10	4557300
8/28/2019	9.83	10.12	9.83	9.91	6198800
8/27/2019	10.12	10.12	9.8	9.8	9730800
8/23/2019	10.44	10.44	10.12	10.12	6102800
8/22/2019	10.64	10.64	10.44	10.5	6819100
8/20/2019	10.78	10.8	10.6	10.64	4009900
8/19/2019	10.4	10.66	10.4	10.66	4351500
8/16/2019	10.72	10.76	10.3	10.3	4788600
8/15/2019	10.98	10.98	10.56	10.74	7562400
8/14/2019	11	11.16	11	11.04	3237300
8/13/2019	11.54	11.54	10.94	11	8380700
8/9/2019	11.88	11.88	11.46	11.58	3505100
8/8/2019	11.2	11.9	11.2	11.9	6567500
8/7/2019	11.44	11.44	11.16	11.2	4791600
8/6/2019	11.48	11.48	11.18	11.48	3336700
8/5/2019	11.42	11.5	11.2	11.5	2721300
8/2/2019	11.4	11.5	11.38	11.48	1131000
8/1/2019	11.4	11.44	11.32	11.4	5934000
7/31/2019	11.42	11.5	11.36	11.48	1171100
7/30/2019	11.46	11.64	11.42	11.5	2496700
7/29/2019	11.5	11.64	11.4	11.64	833200
7/26/2019	11.64	11.66	11.58	11.6	4500600
7/25/2019	11.74	11.74	11.54	11.6	7390500
7/24/2019	11.66	11.74	11.66	11.74	1064500
7/23/2019	11.72	11.72	11.4	11.64	14462900
7/22/2019	11.52	11.78	11.44	11.6	3162700
7/19/2019	11.9	11.9	11.52	11.52	5926500
7/18/2019	11.9	11.96	11.78	11.9	4382300
7/17/2019	11.96	12.14	11.88	11.9	7987800
7/16/2019	11.8	12	11.76	11.9	10024600
7/15/2019	11.66	11.96	11.64	11.8	13844200
7/12/2019	11.4	11.54	11.36	11.5	9978900
7/11/2019	11.42	11.54	11.36	11.44	2134000
7/10/2019	11.32	11.46	11.32	11.42	2856600
7/9/2019	11.44	11.52	11.42	11.44	4114000
7/8/2019	11.64	11.64	11.4	11.48	7352600
7/5/2019	11.6	11.74	11.58	11.66	5435800
7/4/2019	11.7	11.82	11.52	11.64	3137600
7/3/2019	11.74	11.74	11.54	11.7	14386700
7/2/2019	11.32	11.78	11.28	11.74	25801400
7/1/2019	11.3	11.38	11.24	11.28	3620300
6/28/2019	11.3	11.4	11.26	11.3	5534000
6/27/2019	11.28	11.44	11.2	11.3	5493300
6/26/2019	11.3	11.6	11.22	11.26	3093500
6/25/2019	11.2	11.42	11.18	11.3	4533100
6/24/2019	11.3	11.66	11.1	11.2	3010500
6/21/2019	11.5	11.54	11.3	11.3	3357700
6/20/2019	11.7	11.7	11.48	11.52	1883900
6/19/2019	11.34	11.7	11.34	11.7	3280400
6/18/2019	11.56	11.58	11.32	11.4	2058000
6/17/2019	11.5	11.62	11.48	11.56	1978300
6/14/2019	11.5	11.6	11.5	11.5	1426600
6/13/2019	11.86	11.86	11.5	11.5	2096000
6/11/2019	11.86	11.98	11.86	11.88	1313200
6/10/2019	11.92	11.94	11.82	11.9	497800
6/7/2019	11.84	11.98	11.84	11.98	1083000
6/6/2019	11.98	11.98	11.82	11.94	1512900
6/4/2019	11.96	12	11.74	11.92	2846800
6/3/2019	11.84	11.84	11.72	11.82	5983600
5/31/2019	11.8	11.9	11.8	11.84	1030000
5/30/2019	11.6	11.98	11.52	11.8	3585200
5/29/2019	11.5	11.68	11.4	11.68	3974400
5/28/2019	11.12	11.7	11	11.7	8400200
5/27/2019	11.1	11.16	11	11.16	1183200
5/24/2019	11.12	11.2	10.88	11.1	13174500
5/23/2019	11.2	11.22	11.1	11.16	2925200
5/22/2019	11.16	11.22	11.06	11.2	2888700
5/21/2019	11.3	11.3	11	11.28	5191200
5/20/2019	11.16	11.3	10.92	11.3	3007700
5/17/2019	11	11.2	10.8	11.2	6178900
5/16/2019	10.98	11.1	10.66	11	16445100
5/15/2019	10.44	10.98	10.44	10.98	16105400
5/14/2019	10.62	10.62	10.2	10.4	28330900
5/10/2019	11.18	11.32	10.6	10.9	16087200
5/9/2019	11.74	11.74	11.1	11.1	11051800
5/8/2019	12.04	12.04	11.58	11.7	14364200
5/7/2019	12	12.2	12	12.16	2477000
5/6/2019	12.2	12.22	11.94	12	7922500
5/3/2019	12.7	12.9	12.26	12.26	7398600
5/2/2019	12.6	12.84	12.56	12.68	4572300
4/30/2019	12.96	13.02	12.62	12.74	10870500
4/29/2019	13	13	12.86	12.9	2558000
4/26/2019	12.98	13	12.76	12.98	8091200
4/25/2019	12.52	13	12.52	13	9408200
4/24/2019	12.66	12.7	12.4	12.6	5235200
4/23/2019	12.64	12.76	12.64	12.7	6377400
4/22/2019	12.64	12.74	12.5	12.72	5466400
4/17/2019	12.36	12.62	12.06	12.6	18421900
4/16/2019	11.96	12.18	11.88	12.18	9759900
4/15/2019	12.3	12.4	11.9	12	9421300
4/12/2019	12.84	12.88	12.4	12.42	9313300
4/11/2019	12.88	12.94	12.7	12.84	7088000
4/10/2019	12.84	13.04	12.76	12.86	10078500
4/8/2019	12.84	12.94	12.7	12.8	31298100
4/5/2019	12.6	12.92	12.58	12.84	9571500
4/4/2019	12.22	12.68	12.22	12.58	16039200
4/3/2019	11.8	12.2	11.8	12.2	8061500
4/2/2019	11.7	11.94	11.6	11.66	3078400
4/1/2019	12	12.02	11.62	11.7	2297300
3/29/2019	11.74	12.12	11.7	12	4128800
3/28/2019	11.62	11.68	11.58	11.68	1097200
3/27/2019	11.9	11.9	11.54	11.68	2199600
3/26/2019	12.16	12.16	11.84	11.9	1721900
3/25/2019	12.2	12.2	11.72	12.16	3092100
3/22/2019	12.2	12.34	12.14	12.2	2349700
3/21/2019	12.1	12.28	12.02	12.14	5716000
3/20/2019	11.8	12.2	11.7	12.06	5796900
3/19/2019	11.62	11.92	11.62	11.8	6649900
3/18/2019	11.62	11.88	11.58	11.62	2693800
3/15/2019	11.8	11.9	11.7	11.7	7413200
3/14/2019	11.92	12	11.7	11.8	4655200
3/13/2019	11.8	12	11.8	11.9	4165000
3/12/2019	11.72	11.94	11.66	11.8	5626400
3/11/2019	12.04	12.04	11.72	11.82	8190600
3/8/2019	12.18	12.3	12.1	12.14	8065600
3/7/2019	11.76	12.12	11.76	12.12	6106100
3/6/2019	11.3	11.82	11.3	11.76	13809400
3/5/2019	11.26	11.54	11.26	11.4	8291200
3/4/2019	11.42	11.42	11.14	11.14	4082300
3/1/2019	11.4	11.52	11	11.32	12503400
2/28/2019	12.1	12.1	11.4	11.4	16738600
2/27/2019	12.24	12.34	12.08	12.34	5546900
2/26/2019	12.3	12.32	12.1	12.2	6672500
2/22/2019	12.56	12.56	12.16	12.18	6282500
2/21/2019	12.4	12.6	12.16	12.6	6396400
2/20/2019	12.56	12.56	12.4	12.4	4255300
2/19/2019	12.88	12.88	12.5	12.6	11576400
2/18/2019	12.5	13.14	12.22	12.92	25049801
2/15/2019	12.1	13	12.08	13	118928492
2/14/2019	11.68	12.1	11.5	12.08	16261000
2/13/2019	11.96	11.96	11.5	11.7	26731199
2/12/2019	12	12.06	11.82	11.96	24623801
2/11/2019	12.2	12.2	11.76	12	22252500
2/8/2019	11.56	12.48	11.28	12.06	39681500
2/7/2019	11.52	11.6	11.46	11.56	2405300
2/6/2019	11.58	11.6	11.46	11.52	8532800
2/4/2019	11.1	11.52	11.08	11.38	13427200
2/1/2019	11.14	11.48	11.08	11.1	13904500
1/31/2019	10.62	11.14	10.62	11.02	24550400
1/30/2019	10.52	10.64	10.48	10.6	4270900
1/29/2019	10.6	10.66	10.42	10.52	4782900
1/28/2019	10.5	10.74	10.48	10.56	8401200
1/25/2019	10.8	10.8	10.4	10.4	5728200
1/24/2019	10.3	10.72	10.3	10.4	11473300
1/23/2019	10.34	10.34	10.14	10.2	5656000
1/22/2019	10.3	10.48	10.22	10.34	2808000
1/21/2019	10.8	10.88	10.2	10.2	6525900
1/18/2019	10.62	10.98	10.6	10.8	9302000
1/17/2019	10.8	10.82	10.48	10.66	6513200
1/16/2019	10.98	10.98	10.76	10.8	9718500
1/15/2019	10.82	11.1	10.82	10.98	11759300
1/14/2019	10.68	10.84	10.32	10.8	11487900
1/11/2019	10.24	10.8	10.2	10.68	17403600
1/10/2019	10.1	10.3	10.06	10.12	9644400
1/9/2019	10.1	10.2	10	10.04	7373400
1/8/2019	10.1	10.14	9.86	10	7289200
1/7/2019	9.71	10.24	9.71	10.12	12741500
1/4/2019	9.93	9.94	9.55	9.7	8255600
1/3/2019	9.65	9.95	9.65	9.87	5667600
1/2/2019	9.5	9.84	9.5	9.64	2388600
12/28/2018	9.41	9.64	9.4	9.41	5235800
12/27/2018	9.38	9.63	9.38	9.45	1348800
12/26/2018	9.68	9.68	9.32	9.36	2519100
12/21/2018	9.83	9.83	9.68	9.78	19499400
12/20/2018	9.61	9.84	9.61	9.84	10602800
12/19/2018	9.6	9.6	9.4	9.6	10579900
12/18/2018	9.59	9.64	9.5	9.6	13299800
12/17/2018	9.35	9.7	9.2	9.62	16202500
12/14/2018	8.38	9.39	8.37	9.39	29436600
12/13/2018	8.05	8.43	8.05	8.37	9958500
12/12/2018	8.02	8.06	8	8.02	2899800
12/11/2018	7.85	8.05	7.84	7.99	5918000
12/10/2018	7.99	7.99	7.8	7.85	5168000
12/7/2018	8.29	8.39	8.02	8.02	8582800
12/6/2018	8.45	8.45	8.26	8.34	8380900
12/5/2018	8.5	8.55	8.37	8.45	8151500
12/4/2018	8.41	8.75	8.34	8.57	13088400
12/3/2018	8.42	8.64	8.35	8.4	12771100
11/29/2018	8.1	8.35	8.1	8.34	19164801
11/28/2018	8.3	8.3	8.02	8.14	14083700
11/27/2018	8.3	8.39	8.18	8.29	13129800
11/26/2018	8.08	8.33	8.03	8.3	3531800
11/23/2018	7.64	8.08	7.64	8.02	13222800
11/22/2018	7.6	7.64	7.59	7.63	3786600
11/21/2018	7.6	7.63	7.51	7.59	3259100
11/20/2018	7.58	7.65	7.4	7.6	7339900
11/19/2018	7.45	7.58	7.36	7.58	4926600
11/16/2018	7.64	7.79	7.3	7.33	15210100
11/15/2018	7.8	7.84	7.58	7.65	5412800
11/14/2018	7.65	7.8	7.65	7.8	3669400
11/13/2018	7.8	7.85	7.53	7.65	8797700
11/12/2018	8	8	7.69	7.9	20987500
11/9/2018	8.06	8.12	7.93	8.12	9016200
11/8/2018	8.11	8.15	7.91	8.06	8434700
11/7/2018	8.2	8.2	8.07	8.11	7454200
11/6/2018	8.28	8.37	8.07	8.2	4466300
11/5/2018	8.44	8.44	8.28	8.3	8110100
10/31/2018	8.12	8.5	8.12	8.4	11218900
10/30/2018	8.18	8.21	8.09	8.09	6086100
10/29/2018	8.13	8.27	8.11	8.16	24678801
10/26/2018	8.06	8.22	7.99	8.11	12502300
10/25/2018	8.16	8.23	7.97	8	7719300
10/24/2018	8.51	8.58	8.18	8.18	13732100
10/23/2018	8.83	8.83	8.46	8.5	9810200
10/22/2018	8.6	8.96	8.6	8.8	5709100
10/19/2018	8.65	8.74	8.5	8.74	2917500
10/18/2018	8.79	8.79	8.6	8.7	1460800
10/17/2018	8.52	8.8	8.52	8.65	5400700
10/16/2018	8.68	8.71	8.4	8.5	2068200
10/15/2018	8.42	8.82	8.42	8.69	5773000
10/12/2018	8	8.42	7.86	8.4	6993200
10/11/2018	8.18	8.2	7.84	8.01	6208200
10/10/2018	8.3	8.4	8.24	8.25	6133800
10/9/2018	8.3	8.43	8.15	8.37	4863000
10/8/2018	8.25	8.51	8.19	8.35	6331600
10/5/2018	8.12	8.3	8.11	8.12	7269400
10/4/2018	8.41	8.41	8.16	8.16	2446200
10/3/2018	8.2	8.5	8.12	8.48	4710400
10/2/2018	8.4	8.4	8.1	8.2	9677900
10/1/2018	8.7	8.7	8.31	8.35	5663500
9/28/2018	8.8	9.06	8.77	8.77	8670300
9/27/2018	8.7	8.9	8.69	8.76	11593400
9/26/2018	8.91	8.91	8.57	8.7	6352300
9/25/2018	8.31	8.95	8.31	8.9	10107200
9/24/2018	8.01	8.34	8.01	8.29	14610300
9/21/2018	8.1	8.27	7.98	7.98	16200200
9/20/2018	8.08	8.2	8.04	8.1	6748700
9/19/2018	8.12	8.35	8.02	8.05	4567000
9/18/2018	8.5	8.5	8.02	8.12	8120900
9/17/2018	8.92	8.92	8.43	8.5	11731700
9/14/2018	9.06	9.12	8.89	8.92	12091100
9/13/2018	9	9.22	8.98	9.2	3829500
9/12/2018	8.99	9.11	8.92	9	6417600
9/11/2018	9.2	9.22	8.99	8.99	9264100
9/10/2018	9.33	9.34	9.06	9.24	4002800
9/7/2018	9.22	9.33	9.1	9.33	5485300
9/6/2018	9.22	9.3	9.1	9.3	3913900
9/5/2018	9.28	9.28	9.17	9.27	5535500
9/4/2018	9.3	9.36	9.18	9.28	2541000
9/3/2018	9.58	9.58	9.29	9.3	4935300
8/31/2018	9.26	9.55	9.26	9.55	15333000
8/30/2018	9.02	9.26	9.02	9.26	7008200
8/29/2018	9.12	9.38	9	9.01	18729699
8/28/2018	9.52	9.78	9.09	9.12	23184801
8/24/2018	9.74	9.74	9.55	9.68	5419800
8/23/2018	9.4	9.79	9.4	9.68	7337400
8/22/2018	9.51	9.61	9.35	9.35	13614400
8/20/2018	9.54	9.8	9.45	9.5	15407400
8/17/2018	9.61	9.78	9.43	9.43	14338300
8/16/2018	9.69	9.69	9.4	9.5	22293900
8/15/2018	10.04	10.16	9.7	9.7	19862400
8/14/2018	10.42	10.42	10.04	10.04	8903800
8/13/2018	10.62	10.62	10.28	10.46	5370600
8/10/2018	10.66	10.78	10.5	10.5	12212100
8/9/2018	10.18	10.7	10.14	10.62	18112801
8/8/2018	10	10.3	9.91	10.1	11027700
8/7/2018	10.44	10.46	10.04	10.18	6992600
8/6/2018	10.1	10.52	10.08	10.32	4743100
8/3/2018	10.24	10.28	10.06	10.08	41146500
8/2/2018	10.48	10.48	10	10.2	11530500
8/1/2018	10.32	10.48	10.16	10.3	9001200
7/31/2018	10.54	10.78	10.26	10.48	6929300
7/30/2018	10.6	10.84	10.52	10.54	4678400
7/27/2018	10.74	10.74	10.52	10.58	2644100
7/26/2018	11.04	11.04	10.64	10.76	9948000
7/25/2018	10.08	11.12	10.08	11.06	25958699
7/24/2018	9.52	10.04	9.51	10	17996199
7/23/2018	9.43	9.6	9.43	9.51	3702000
7/20/2018	9.7	9.7	9.43	9.43	1854000
7/19/2018	9.79	9.79	9.65	9.7	3292500
7/18/2018	9.44	9.9	9.44	9.65	10516700
7/17/2018	9.37	9.5	9.37	9.44	1084800
7/16/2018	9.39	9.4	9.37	9.38	1518700
7/13/2018	9.77	9.77	9.38	9.4	4517800
7/12/2018	9.44	9.75	9.44	9.73	4819200
7/11/2018	9.5	9.56	9.27	9.35	5428700
7/10/2018	9.85	9.85	9.5	9.5	6227300
7/9/2018	9.99	9.99	9.81	9.85	2137200
7/6/2018	10.04	10.14	9.7	9.8	5756800
7/5/2018	10.22	10.22	10	10.04	1794100
7/4/2018	9.79	10.18	9.79	10.18	8404000
7/3/2018	9.89	9.94	9.75	9.75	1835500
7/2/2018	9.9	9.99	9.72	9.75	2090400
6/29/2018	9.7	9.92	9.7	9.75	4473600
6/28/2018	9.7	9.7	9.53	9.6	4167900
6/27/2018	9.54	9.85	9.53	9.7	5824200
6/26/2018	9.81	9.9	9.52	9.58	4777500
6/25/2018	10.1	10.18	9.7	9.81	4707400
6/22/2018	10.3	10.3	9.81	9.81	24721400
6/21/2018	11.12	11.14	10.4	10.4	21280900
6/20/2018	11.2	11.24	11.02	11.06	3273600
6/19/2018	11.4	11.42	11.1	11.26	11276300
6/18/2018	11.48	11.48	11.02	11.42	4566700
6/14/2018	11.1	11.46	10.92	11.44	8880500
6/13/2018	10.76	11.18	10.76	11.02	15946000
6/11/2018	11.02	11.1	10.62	10.74	8363600
6/8/2018	11.4	11.42	10.98	10.98	5901300
6/7/2018	11.52	11.56	11.16	11.36	4044900
6/6/2018	10.82	11.64	10.78	11.5	18894100
6/5/2018	10.48	10.9	10.38	10.82	7230300
6/4/2018	10.5	10.74	10.3	10.32	12540900
6/1/2018	10.8	10.96	10.2	10.36	17342199
5/31/2018	10.8	11.14	10.7	10.8	28436900
5/30/2018	10.88	10.88	10.76	10.8	10779600
5/29/2018	11.22	11.22	10.9	10.9	10507700
5/28/2018	11.8	11.8	11.18	11.3	15395300
5/25/2018	11.86	11.9	11.74	11.8	9668400
5/24/2018	11.76	11.98	11.76	11.86	20251301
5/23/2018	11.82	11.98	11.72	11.8	9434200
5/22/2018	12.3	12.42	11.54	11.8	18920600
5/21/2018	12.5	12.7	12.24	12.24	2439400
5/18/2018	12.98	12.98	12.3	12.78	7983600
5/17/2018	12.64	12.98	12.5	12.98	9821000
5/16/2018	12.48	12.72	12.1	12.66	7089600
5/15/2018	12.4	12.6	12.12	12.5	9018300
5/11/2018	12.02	12.4	12	12.36	11701600
5/10/2018	11.9	12.06	11.8	11.9	9898200
5/9/2018	12.14	12.16	11.8	11.8	9975200
5/8/2018	12	12.12	11.58	12.08	13682600
5/7/2018	12	12.1	11.8	11.8	6516800
5/4/2018	12.06	12.1	11.58	11.9	13140600
5/3/2018	12.78	12.78	12.1	12.1	7480900
5/2/2018	12.32	12.96	12.24	12.8	10492300
4/30/2018	12.1	12.32	12.02	12.3	8828500
4/27/2018	12.14	12.5	12.02	12.02	10267800
4/26/2018	12.1	12.4	11.92	12.04	8853300
4/25/2018	12.58	12.6	12	12.1	10407800
4/24/2018	12.62	12.62	12.34	12.6	7706700
4/23/2018	12.78	12.78	12.6	12.62	4094100
4/20/2018	12.78	12.94	12.6	12.78	5129300
4/19/2018	12.8	12.8	12.5	12.72	10045600
4/18/2018	13	13.1	12.7	12.8	20182199
4/17/2018	12.9	13	12.34	13	17409900
4/16/2018	12.94	13.28	12.8	12.9	12715800
4/13/2018	12.88	13.1	12.84	12.9	17303301
4/12/2018	12.36	12.84	12.24	12.84	42867898
4/11/2018	13.12	13.3	11.96	12	38185699
4/10/2018	13.5	13.5	12.96	13.1	21420900
4/6/2018	13	13.7	13	13.5	11260600
4/5/2018	13.9	14	13.02	13.04	24282199
4/4/2018	14.26	14.48	13.7	13.7	10490500
4/3/2018	14.02	14.5	14.02	14.3	13269600
4/2/2018	14.34	14.52	14	14.3	6657500
3/28/2018	14.5	14.5	14.2	14.34	6972700
3/27/2018	14.16	14.68	14.16	14.34	10775400
3/26/2018	14.3	14.4	14.02	14.18	4192400
3/23/2018	14.48	14.48	14.02	14.3	4568000
3/22/2018	14.16	14.5	13.8	14.5	10066100
3/21/2018	13.82	14.34	13.82	14.16	10042000
3/20/2018	14.44	14.44	13.62	13.82	8366100
3/19/2018	14.66	14.66	14.3	14.32	9420100
3/16/2018	13.6	14.86	13.6	14.86	14526700
3/15/2018	13.6	13.98	13.5	13.6	2874200
3/14/2018	14.4	14.4	13.54	13.6	8847600
3/13/2018	14.46	14.56	14.26	14.36	6202600
3/12/2018	14.54	14.64	14.3	14.4	4986600
3/9/2018	14.6	14.6	14.3	14.52	5423700
3/8/2018	14.5	14.64	14.34	14.48	11570600
3/7/2018	14.5	14.78	14.48	14.5	15862200
3/6/2018	14.4	14.66	14.3	14.46	67546000
3/5/2018	14.24	14.44	14.1	14.3	15411800
3/2/2018	14.22	14.22	13.9	14.2	6704900
3/1/2018	14.28	14.28	13.96	14.24	6713700
2/28/2018	13.96	14.4	13.76	14.4	16638000
2/27/2018	13.7	14.2	13.6	13.96	7648700
2/26/2018	14	14	13.62	13.88	8348200
2/23/2018	14.1	14.28	13.9	14	13702300
2/22/2018	14.1	14.18	13.82	13.98	10885600
2/21/2018	14.02	14.28	14	14.1	16138400
2/20/2018	14.48	14.48	14	14	9783800
2/19/2018	14.02	14.48	14	14.44	29728699
2/15/2018	13.8	14.06	13.7	14	20094301
2/14/2018	13.28	13.98	13	13.8	13413700
2/13/2018	13.34	13.78	13.3	13.3	13272200
2/12/2018	13.24	13.38	13	13.3	13033400
2/9/2018	13.1	13.4	13.1	13.26	18069199
2/8/2018	12.82	13.54	12.74	13.46	35352500
2/7/2018	12.5	12.82	12.5	12.8	18748301
2/6/2018	12.02	12.4	11.96	12.1	11820000
2/5/2018	11.98	12.12	11.86	11.98	8569600
2/2/2018	12.26	12.4	12	12.1	5704200
2/1/2018	12.26	12.72	11.98	12.3	10544600
1/31/2018	12.26	12.44	12	12.28	10185400
1/30/2018	12.66	12.66	12.1	12.26	13326700
1/29/2018	12.84	12.94	12.66	12.78	5815200
1/26/2018	12.8	12.8	12.3	12.8	12670000
1/25/2018	11.9	12.86	11.9	12.82	46042699
1/24/2018	11.3	11.86	11.3	11.86	27860900
1/23/2018	11.26	11.44	11.24	11.26	14456300
1/22/2018	10.74	11.22	10.74	11.18	11709100
1/19/2018	10.92	11.18	10.7	10.72	13737100
1/18/2018	11.1	11.2	10.88	10.9	5782600
1/17/2018	11.3	11.3	11	11.04	13188000
1/16/2018	11.16	11.46	11.1	11.3	4003900
1/15/2018	11.4	11.48	11.16	11.18	5066400
1/12/2018	11.48	11.6	11.24	11.3	10494800
1/11/2018	11.12	11.46	11.12	11.4	7386900
1/10/2018	11.12	11.34	11.04	11.3	8160600
1/9/2018	11.66	11.78	11.02	11.06	20547100
1/8/2018	11.4	11.66	11.28	11.58	11332900
1/5/2018	11.46	11.66	11.28	11.28	10826300
1/4/2018	11.56	11.72	11.3	11.46	8403100
1/3/2018	11	11.54	10.9	11.54	20145900
12/29/2017	10.94	11.02	10.9	10.9	2895200
12/28/2017	10.84	11.1	10.7	10.94	3463100
12/27/2017	10.86	10.92	10.72	10.84	990100
12/22/2017	10.74	10.92	10.7	10.86	1719400
12/21/2017	10.92	11.12	10.8	10.8	6076800
12/20/2017	10.82	11	10.82	10.86	2021000
12/19/2017	11.12	11.18	10.82	10.88	2926400
12/18/2017	11	11.26	10.96	11.02	5279200
12/15/2017	11.2	11.2	10.86	11	12634400
12/14/2017	10.58	11.2	10.54	11.2	24355699
12/13/2017	10.48	10.56	10.36	10.5	11416200
12/12/2017	10.72	10.78	10.32	10.32	8630700
12/11/2017	10.5	10.72	10.5	10.7	17023600
12/8/2017	10.4	10.6	10.34	10.5	8591000
12/7/2017	10.4	10.4	10.2	10.4	9897600
12/6/2017	10.5	10.52	10.38	10.44	8835400
12/5/2017	10.5	10.7	10.46	10.5	8309400
12/4/2017	10.5	10.54	10.38	10.5	8309800
12/1/2017	10.62	10.62	10.42	10.5	4444000
11/29/2017	10.48	10.64	10.42	10.62	11814300
11/28/2017	10.2	10.54	10.18	10.5	13350900
11/27/2017	10.14	10.32	10.14	10.16	4941900
11/24/2017	10.16	10.3	10.14	10.14	13299800
11/23/2017	10.38	10.38	10.12	10.16	4749300
11/22/2017	9.64	10.38	9.64	10.38	7032200
11/21/2017	9.85	9.98	9.61	9.7	8459600
11/20/2017	10.02	10.2	9.8	9.8	8022600
11/17/2017	10.2	10.38	10.02	10.02	5166900
11/16/2017	10.38	10.4	10.2	10.2	2554800
11/15/2017	10.42	10.56	10.26	10.28	2569300
11/14/2017	10.5	10.5	10.26	10.46	12197500
11/13/2017	10.88	10.88	10.4	10.5	9877800
11/10/2017	10.86	10.98	10.84	10.88	23055900
11/9/2017	10.7	10.92	10.7	10.8	20958199
11/8/2017	10.42	10.58	10.4	10.48	12775500
11/7/2017	10.28	10.44	10.22	10.36	20144900
11/6/2017	9.94	10.32	9.93	10.16	34920801
11/3/2017	9.71	9.95	9.7	9.9	14445500
11/2/2017	9.5	9.86	9.46	9.67	38846602
10/30/2017	9.5	9.6	9.24	9.44	16170400
10/27/2017	9.32	9.5	9.24	9.5	9964200
10/26/2017	9.83	9.83	9.26	9.38	22790000
10/25/2017	9.75	9.86	9.69	9.84	5662100
10/24/2017	10.2	10.2	9.66	9.75	10494100
10/23/2017	10.3	10.3	10.06	10.12	11282800
10/20/2017	10.2	10.38	10.08	10.38	11706300
10/19/2017	10.08	10.24	10.04	10.04	3539100
10/18/2017	10.6	10.62	10.04	10.1	15164000
10/17/2017	10.3	10.62	10.28	10.5	30934199
10/13/2017	10.3	10.36	10.2	10.3	10363100
10/12/2017	10.28	10.36	10.2	10.2	8587300
10/11/2017	10.48	10.5	10.18	10.2	11887400
10/10/2017	10.3	10.48	10.3	10.34	3740100
10/9/2017	10.5	10.54	10.26	10.3	9102100
10/6/2017	10.92	10.92	10.46	10.5	10518700
10/5/2017	10.94	10.98	10.76	10.92	6015000
10/4/2017	10.5	10.98	10.5	10.9	15592400
10/3/2017	10.46	10.6	10.46	10.5	9052300
10/2/2017	10.7	10.78	10.42	10.48	4712100
9/29/2017	10.78	10.86	10.5	10.7	7467400
9/28/2017	10.5	10.86	10.46	10.74	13465400
9/27/2017	10.74	10.78	10.42	10.42	12350200
9/26/2017	10.28	10.8	9.99	10.8	28436301
9/25/2017	10.5	10.62	10.22	10.32	17226301
9/22/2017	10.84	10.86	10.36	10.5	36437500
9/21/2017	10.76	10.84	10.58	10.82	26218600
9/20/2017	10.2	10.66	10.2	10.66	18958301
9/19/2017	10.92	11	10.12	10.18	48655102
9/18/2017	11	11.16	10.9	10.9	17006400
9/15/2017	10.94	11	10.86	11	30689000
9/14/2017	10.96	11.18	10.94	10.94	30065500
9/13/2017	11	11.5	10.94	10.98	40423500
9/11/2017	11.64	11.9	11.5	11.9	15748400
9/8/2017	11.8	11.94	11.44	11.66	10217500
9/7/2017	11.58	11.9	11.56	11.72	10557800
9/6/2017	11.5	11.9	11.46	11.58	21184600
9/5/2017	11.4	11.6	11.32	11.56	11760000
9/4/2017	11.22	11.48	10.94	11.42	14513300
8/31/2017	11.16	11.42	11.16	11.22	25074801
8/30/2017	10.78	11.18	10.78	11.14	30247900
8/29/2017	10.94	11	10.56	10.76	11047400
8/25/2017	10.66	10.98	10.64	10.94	18458699
8/24/2017	10.3	10.64	10.3	10.58	12306600
8/23/2017	10.14	10.46	10.14	10.28	19277400
8/22/2017	9.83	10.18	9.8	10.12	15101300
8/18/2017	9.95	10	9.74	9.83	9617000
8/17/2017	9.98	10.1	9.9	9.95	8844900
8/16/2017	9.87	10.08	9.86	9.95	7480200
8/15/2017	9.95	10.16	9.75	9.86	18788400
8/14/2017	9.15	9.94	9.1	9.94	45884102
8/11/2017	9.15	9.15	8.97	9	5912900
8/10/2017	9.26	9.42	9.05	9.05	12796300
8/9/2017	9.18	9.23	8.95	9.05	7502600
8/8/2017	9	9.23	9	9.14	7509000
8/7/2017	8.85	9.08	8.85	9	7009400
8/4/2017	8.97	9.09	8.83	8.83	9190400
8/3/2017	9.14	9.26	8.8	8.81	10028900
8/2/2017	9.05	9.2	9.02	9.1	9721200
8/1/2017	8.8	9	8.71	9	11326500
7/31/2017	9.26	9.26	8.78	8.8	13900500
7/28/2017	9.2	9.45	9.08	9.11	32583699
7/27/2017	9.12	9.23	9.11	9.14	7794200
7/26/2017	9.1	9.3	9	9.11	10107200
7/25/2017	9.21	9.38	9.05	9.05	9056300
7/24/2017	9.34	9.5	9.21	9.5	7742000
7/21/2017	9.22	9.46	8.95	9.46	11438400
7/20/2017	9.46	9.6	9.2	9.22	12154800
7/19/2017	9.43	9.6	9.42	9.46	5277400
7/18/2017	9.8	9.96	9.4	9.42	12473800
7/17/2017	9.9	9.9	9.75	9.8	1705400
7/14/2017	9.71	9.95	9.71	9.95	6024300
7/13/2017	9.6	9.98	9.6	9.7	19840801
7/12/2017	9.49	9.7	9.45	9.7	9211100
7/11/2017	9.6	9.72	9.5	9.5	11952200
7/10/2017	9.75	9.85	9.52	9.6	8942800
7/7/2017	9.79	9.89	9.64	9.79	5435500
7/6/2017	9.85	10.1	9.75	9.75	13844500
7/5/2017	9.65	9.9	9.53	9.84	18906400
7/4/2017	9.25	9.69	9.21	9.65	10277900
7/3/2017	9.26	9.3	9.06	9.25	6028800
6/30/2017	9.12	9.34	8.8	9.25	13611900
6/29/2017	9.09	9.4	9.09	9.12	13037000
6/28/2017	9.11	9.27	8.84	9.03	26721801
6/27/2017	9.72	9.72	9.04	9.08	25243900
6/23/2017	9.75	9.82	9.58	9.58	6653200
6/22/2017	9.72	9.84	9.65	9.72	15614800
6/21/2017	9.48	9.75	9.48	9.7	18397400
6/20/2017	9.44	9.49	9.32	9.39	12185600
6/19/2017	9.38	9.56	9.3	9.3	26761000
6/16/2017	9.58	9.74	9.36	9.36	11518500
6/15/2017	9.53	9.7	9.4	9.49	8935500
6/14/2017	9.65	9.96	9.47	9.51	12868500
6/13/2017	10	10.08	9.56	9.65	38068398
6/9/2017	10	10.48	9.97	9.97	23911500
6/8/2017	9.7	10.06	9.66	9.97	13912600
6/7/2017	9.59	9.79	9.58	9.71	12194200
6/6/2017	9.69	9.8	9.6	9.6	13195700
6/5/2017	9.31	9.7	9.31	9.6	20601699
6/2/2017	9.75	9.84	9.3	9.3	26720500
6/1/2017	9.49	9.85	9.36	9.85	14876600
5/31/2017	9.69	10	9.4	9.4	32390600
5/30/2017	10	10	9.64	9.7	17854400
5/29/2017	10.18	10.22	9.89	9.98	5890000
5/26/2017	10.08	10.26	10.06	10.2	9019500
5/25/2017	9.7	10.1	9.54	10.08	16832600
5/24/2017	9.41	9.78	9.39	9.54	11328900
5/23/2017	9.62	9.89	9.5	9.5	7721000
5/22/2017	9.6	9.98	9.6	9.61	12171200
5/19/2017	9.75	9.93	9.55	9.6	6989100
5/18/2017	9.58	9.75	9.38	9.75	15968500
5/17/2017	9.83	9.9	9.39	9.6	19970400
5/16/2017	10.08	10.18	9.8	9.8	14744900
5/15/2017	10.04	10.26	9.9	10.04	10702900
5/12/2017	9.97	9.97	9.65	9.95	7936800
5/11/2017	9.95	10	9.9	9.97	15478800
5/10/2017	9.95	10.06	9.88	10	5626900
5/9/2017	9.96	10.18	9.78	9.95	33463699
5/8/2017	9.6	10	9.6	9.95	20723301
5/5/2017	9.65	9.69	9.42	9.5	7792900
5/4/2017	9.35	9.65	9.31	9.65	14988600
5/3/2017	9.13	9.37	9.13	9.31	4280600
5/2/2017	9.09	9.18	9.04	9.11	10033000
4/27/2017	9.35	9.35	9	9	12521700
4/26/2017	9.05	9.4	9.04	9.4	23185100
4/25/2017	8.85	9.02	8.85	8.99	15630300
4/24/2017	8.7	8.85	8.7	8.85	11592200
4/21/2017	8.6	8.79	8.59	8.71	14246300
4/20/2017	8.22	8.74	8.16	8.65	13397800
4/19/2017	8.37	8.37	8.19	8.24	4464600
4/18/2017	8.3	8.5	8.3	8.38	2461400
4/17/2017	8.58	8.58	8.33	8.34	2117000
4/12/2017	8.7	8.7	8.59	8.6	3479300
4/11/2017	8.35	8.75	8.3	8.69	22765400
4/10/2017	8.36	8.47	8.28	8.36	4646100
4/7/2017	8.06	8.48	8.05	8.35	16088800
4/6/2017	8.28	8.35	8.08	8.14	10420500
4/5/2017	8.42	8.45	8.27	8.28	8174000
4/4/2017	8.07	8.4	8.07	8.35	14401600
4/3/2017	7.95	8.17	7.94	8.07	14498700
3/31/2017	7.74	8.06	7.74	7.95	31258699
3/30/2017	7.73	7.88	7.65	7.74	13555800
3/29/2017	7.5	7.8	7.47	7.72	16834699
3/28/2017	7.28	7.65	7.25	7.45	9724300
3/27/2017	7.45	7.5	7.2	7.3	9247800
3/24/2017	7.54	7.85	7.34	7.34	15789300
3/23/2017	7.5	7.56	7.4	7.4	2686000
3/22/2017	7.58	7.58	7.4	7.43	4160700
3/21/2017	7.56	7.6	7.55	7.58	3153100
3/20/2017	7.57	7.58	7.38	7.56	1717800
3/17/2017	7.6	7.6	7.43	7.52	7067800
3/16/2017	7.35	7.6	7.31	7.5	5328700
3/15/2017	7.62	7.62	7.25	7.35	11740700
3/14/2017	7.95	7.98	7.56	7.65	19297900
3/13/2017	8	8.15	7.9	7.98	4554900
3/10/2017	8	8.1	7.82	8	6735800
3/9/2017	7.71	8	7.65	7.99	15063300
3/8/2017	7.61	7.76	7.59	7.7	2959500
3/7/2017	7.6	7.78	7.51	7.61	13534700
3/6/2017	7.4	7.6	7.32	7.58	8615000
3/3/2017	7.51	7.51	7.37	7.37	1187000
3/2/2017	7.44	7.6	7.38	7.51	4655000
3/1/2017	7.21	7.45	7.21	7.45	2590900
2/28/2017	7.2	7.38	7.09	7.36	8867100
2/27/2017	7.4	7.4	7.1	7.26	9167200
2/24/2017	7.71	7.71	7.4	7.4	6172900
2/23/2017	7.63	7.8	7.53	7.7	17792900
2/22/2017	7.5	7.69	7.4	7.64	5988600
2/21/2017	7.25	7.51	7.25	7.51	4486900
2/20/2017	7.4	7.4	7.23	7.28	4562100
2/17/2017	7.46	7.56	7.27	7.32	2301100
2/16/2017	7.42	7.7	7.42	7.43	23931900
2/15/2017	7.14	7.42	7.14	7.42	6476700
2/14/2017	7.3	7.39	7.11	7.12	2354300
2/13/2017	7.05	7.41	7.05	7.3	3976600
2/10/2017	7.13	7.2	7.01	7.05	3762800
2/9/2017	7.11	7.27	7.09	7.14	5086500
2/8/2017	7.1	7.3	7.08	7.2	5375600
2/7/2017	7.31	7.55	7.12	7.2	7439700
2/6/2017	7.57	7.62	7.33	7.39	6982400
2/3/2017	7.06	7.64	7	7.5	16155800
2/2/2017	7.4	7.5	7.06	7.06	11262300
2/1/2017	7.64	7.71	7.48	7.5	7409400
1/31/2017	7.75	7.8	7.53	7.74	4255000
1/30/2017	7.89	7.95	7.73	7.75	5881200
1/27/2017	7.69	8.03	7.61	7.9	10438700
1/26/2017	7.7	7.8	7.61	7.7	3172500
1/25/2017	7.85	7.89	7.54	7.8	15543100
1/24/2017	7.35	7.9	7.14	7.9	24730699
1/23/2017	7.07	7.35	7.07	7.35	20911199
1/20/2017	6.85	7.09	6.7	7.05	38387102
1/19/2017	6.75	6.87	6.64	6.85	15445700
1/18/2017	6.57	6.75	6.52	6.75	18935199
1/17/2017	6.4	6.63	6.36	6.57	21549000
1/16/2017	6.27	6.48	6.2	6.46	11990700
1/13/2017	5.89	6.27	5.89	6.27	8838400
1/12/2017	6.03	6.1	5.88	5.88	6272700
1/11/2017	6.23	6.23	6.03	6.06	3895500
1/10/2017	6.33	6.33	6.14	6.18	4034800
1/9/2017	6.4	6.4	6.31	6.33	657900
1/6/2017	6.49	6.49	6.29	6.4	4177100
1/5/2017	6.37	6.55	6.26	6.45	4218100
1/4/2017	6.1	6.37	6	6.37	7787200
1/3/2017	6.14	6.14	5.98	6.1	1669000
12/29/2016	6.05	6.17	6.02	6.15	2428100
12/28/2016	5.97	6.15	5.9	6.15	1777700
12/27/2016	5.96	6	5.9	6	328400
12/23/2016	6.09	6.09	5.8	5.96	1866400
12/22/2016	6.11	6.21	5.73	6.02	4122900
12/21/2016	5.8	6.1	5.8	6.1	5807300
12/20/2016	5.83	5.83	5.72	5.8	4996400
12/19/2016	6	6	5.83	5.93	1942900
12/16/2016	6.04	6.18	5.92	6.03	4142900
12/15/2016	6.2	6.2	5.98	6.08	1856400
12/14/2016	6.22	6.33	6.2	6.25	5395000
12/13/2016	6.07	6.2	5.97	6.2	8577700
12/12/2016	6.25	6.25	6.04	6.08	8450500
12/9/2016	6.4	6.4	6.19	6.3	10440400
12/8/2016	6.21	6.4	6.14	6.4	6219200
12/7/2016	6.17	6.3	6.12	6.2	1597300
12/6/2016	6.3	6.48	6.11	6.2	1537900
12/5/2016	6.39	6.52	6.32	6.32	1855300
12/2/2016	6.45	6.6	6.35	6.52	9806400
12/1/2016	6.4	6.6	6.36	6.45	4171900
11/29/2016	6.22	6.5	6.22	6.38	4759300
11/28/2016	6.5	6.6	6.4	6.6	3069700
11/25/2016	6.6	6.6	6.38	6.54	4785000
11/24/2016	6.45	6.65	6.35	6.6	14617800
11/23/2016	6.21	6.47	6.02	6.45	14062300
11/22/2016	6.5	6.5	6.24	6.3	4919500
11/21/2016	6.5	6.62	6.37	6.5	13735200
11/18/2016	6.43	6.58	6.43	6.5	25041801
11/17/2016	6.84	6.84	6.43	6.43	66693500
11/16/2016	6.66	6.95	6.66	6.84	15826800
11/15/2016	6.5	6.7	6.45	6.65	11505600
11/14/2016	6.3	6.62	6.3	6.5	9878000
11/11/2016	6.6	6.6	6.21	6.3	11396100
11/10/2016	6.31	6.63	6.3	6.59	20795600
11/9/2016	6.33	6.33	5.96	6.12	9487500
11/8/2016	6.24	6.48	6.24	6.34	13631000
11/7/2016	6.31	6.38	6.14	6.21	11014900
11/4/2016	5.9	6.35	5.9	6.3	44818000
11/3/2016	5.75	5.9	5.75	5.83	4899100
11/2/2016	5.92	5.92	5.71	5.85	7582000
10/28/2016	5.84	5.92	5.67	5.92	10474000
10/27/2016	5.84	5.95	5.8	5.84	7840200
10/26/2016	6.03	6.05	5.84	5.84	9351500
10/25/2016	5.86	6.2	5.82	6.1	32570100
10/24/2016	5.83	5.98	5.71	5.85	12047700
10/21/2016	5.41	5.92	5.41	5.79	68220305
10/20/2016	5.2	5.43	5.16	5.4	34443602
10/19/2016	5.13	5.26	5.08	5.15	21413600
10/18/2016	4.99	5.16	4.99	5.05	34237000
10/17/2016	5.16	5.3	4.9	4.9	25425199
10/14/2016	4.94	5.22	4.91	5.15	16562000
10/13/2016	4.92	4.99	4.9	4.95	9155900
10/12/2016	5.17	5.17	4.91	5.02	12262500
10/11/2016	4.9	5.2	4.9	5.19	31692000
10/10/2016	4.56	4.87	4.54	4.86	14676000
10/7/2016	4.7	4.7	4.51	4.53	3501000
10/6/2016	4.45	4.67	4.45	4.67	7342000
10/5/2016	4.51	4.52	4.37	4.44	9342000
10/4/2016	4.54	4.62	4.51	4.51	12736000
10/3/2016	4.56	4.65	4.5	4.54	5955000
9/30/2016	4.68	4.68	4.5	4.56	22151000
9/29/2016	4.93	4.93	4.7	4.71	26964000
9/28/2016	4.73	4.93	4.69	4.92	24223000
9/27/2016	5.08	5.08	4.64	4.64	55798199
9/26/2016	5.33	5.33	5.08	5.08	20184900
9/23/2016	5.4	5.44	5.35	5.35	4807200
9/22/2016	5.54	5.59	5.39	5.39	10762400
9/21/2016	5.61	5.8	5.52	5.52	10037400
9/20/2016	5.44	5.67	5.44	5.67	20169900
9/19/2016	5.13	5.57	5.13	5.36	30938199
9/16/2016	5.17	5.28	5.08	5.08	14367400
9/15/2016	5.2	5.39	5.09	5.1	15723000
9/14/2016	5.31	5.36	5.17	5.2	14241400
9/13/2016	5.4	5.54	5.31	5.31	25671801
9/9/2016	5.16	5.44	5.16	5.35	66195398
9/8/2016	5.11	5.25	4.91	5.1	16765000
9/7/2016	5.52	5.65	5.06	5.06	23369600
9/6/2016	5.75	5.9	5.41	5.41	14619300
9/5/2016	5.65	5.72	5.54	5.58	4087600
9/2/2016	5.7	5.83	5.7	5.72	2548400
9/1/2016	5.55	5.71	5.55	5.71	3634700
8/31/2016	5.85	5.85	5.55	5.58	20224699
8/30/2016	5.79	5.85	5.65	5.85	9088500
8/26/2016	5.42	5.8	5.42	5.8	18975801
8/25/2016	5.4	5.54	5.03	5.4	25124400
8/24/2016	6.16	6.16	5.34	5.37	36698801
8/23/2016	6.52	6.6	6.15	6.21	8949600
8/22/2016	6.44	6.63	6.44	6.54	7623800
8/19/2016	6.44	6.5	6.24	6.44	10602100
8/18/2016	6.4	6.5	6.3	6.42	9905200
8/17/2016	6.7	6.83	6.41	6.5	24639600
8/16/2016	6.32	6.71	6.3	6.7	33703801
8/15/2016	6	6.3	5.96	6.28	19025400
8/12/2016	6.08	6.32	5.96	6.19	32087199
8/11/2016	5.7	6.1	5.55	5.96	19575100
8/10/2016	5.9	5.9	5.75	5.75	1773100
8/9/2016	5.9	5.99	5.8	5.9	7203700
8/8/2016	5.9	5.92	5.73	5.89	1914000
8/5/2016	5.91	5.97	5.7	5.89	4938200
8/4/2016	5.83	5.95	5.78	5.9	3174100
8/3/2016	5.72	5.78	5.45	5.78	8199600
8/2/2016	5.8	5.83	5.65	5.72	2766800
8/1/2016	5.6	5.75	5.56	5.75	3505300
7/29/2016	5.58	5.66	5.51	5.6	6721400
7/28/2016	5.89	5.89	5.55	5.58	9879900
7/27/2016	6.02	6.13	5.8	5.9	4212600
7/26/2016	5.75	6.04	5.75	5.97	12275400
7/25/2016	5.71	5.9	5.64	5.7	9596000
7/22/2016	5.77	5.95	5.7	5.7	7766300
7/21/2016	6.13	6.13	5.7	5.8	14186800
7/20/2016	6.4	6.41	5.99	6.13	10158600
7/19/2016	6.57	6.6	6.35	6.39	9395100
7/18/2016	6.71	6.71	6.5	6.5	7446500
7/15/2016	6.6	6.8	6.58	6.71	8382100
7/14/2016	6.83	6.85	6.6	6.6	3629600
7/13/2016	6.8	6.99	6.73	6.83	19329500
7/12/2016	6.92	7	6.75	6.75	10550300
7/11/2016	6.82	7	6.75	6.92	16277500
7/8/2016	6.58	6.8	6.45	6.78	18465000
7/7/2016	6.51	6.6	6.44	6.58	4491700
7/5/2016	6.6	6.72	6.4	6.51	3937600
7/4/2016	6.53	6.65	6.35	6.6	8465400
7/1/2016	6.59	6.64	6.39	6.55	11331200
6/30/2016	6.45	6.75	6.38	6.64	24349301
6/29/2016	6	6.45	5.96	6.4	22050000
6/28/2016	5.8	5.99	5.73	5.93	7400300
6/27/2016	5.45	5.82	5.25	5.8	29853199
6/24/2016	5.9	6.05	5.28	5.46	14702900
6/23/2016	5.97	6.02	5.85	5.9	3415700
6/22/2016	6.02	6.02	5.76	5.96	6295200
6/21/2016	6.05	6.18	5.93	6.02	13901100
6/20/2016	5.92	6.1	5.92	6.02	11766800
6/17/2016	5.75	5.9	5.75	5.9	18102500
6/16/2016	5.3	5.72	5.3	5.69	26758600
6/15/2016	5	5.36	4.9	5.3	14436300
6/14/2016	5.07	5.07	4.84	5	3481400
6/13/2016	5.26	5.26	4.92	5.07	3359800
6/10/2016	5.2	5.45	5.11	5.26	20396600
6/9/2016	4.83	5.25	4.83	5.19	17988000
6/8/2016	4.98	5.09	4.8	4.8	9711000
6/7/2016	4.7	5.14	4.69	4.91	38033000
6/6/2016	4.4	4.7	4.39	4.69	16523000
6/3/2016	4.25	4.4	4.2	4.37	19645000
6/2/2016	4.1	4.29	4.04	4.25	18563000
6/1/2016	4.18	4.19	4.01	4.08	9001000
5/31/2016	4.23	4.23	4.01	4.2	40070000
5/30/2016	4.15	4.23	4.12	4.23	2553000
5/27/2016	4.2	4.24	4.11	4.16	11076000
5/26/2016	4.3	4.31	4.16	4.16	4199000
5/25/2016	4.23	4.36	4.16	4.25	12033000
5/24/2016	4.1	4.29	4.09	4.19	8677000
5/23/2016	4.25	4.28	4.08	4.09	5858000
5/20/2016	4.39	4.39	4.2	4.25	3082000
5/19/2016	4.39	4.4	4.3	4.35	2970000
5/18/2016	4.49	4.49	4.36	4.37	2841000
5/17/2016	4.5	4.58	4.42	4.42	2452000
5/16/2016	4.7	4.72	4.48	4.5	12737000
5/13/2016	4.68	4.83	4.68	4.72	11094000
5/12/2016	4.69	4.69	4.51	4.58	5869000
5/11/2016	4.37	4.69	4.37	4.64	14491000
5/10/2016	4.06	4.34	4.06	4.34	5659000
5/6/2016	4.04	4.17	4.03	4.08	3852000
5/5/2016	4.04	4.06	4	4	6023000
5/4/2016	4.15	4.15	4.03	4.04	4158000
5/3/2016	4.19	4.32	4.13	4.13	4600000
5/2/2016	4.25	4.25	4.1	4.19	1431000
4/29/2016	4.31	4.31	4.18	4.26	1367000
4/28/2016	4.2	4.35	4.2	4.29	1343000
4/27/2016	4.3	4.3	4.18	4.19	2289000
4/26/2016	4.43	4.44	4.3	4.3	1676000
4/25/2016	4.5	4.51	4.43	4.45	1339000
4/22/2016	4.64	4.64	4.49	4.49	1059000
4/21/2016	4.51	4.7	4.5	4.64	1875000
4/20/2016	4.4	4.58	4.4	4.51	2326000
4/19/2016	4.37	4.44	4.29	4.4	3791000
4/18/2016	4.68	4.68	4.35	4.37	10443000
4/15/2016	4.77	4.8	4.68	4.7	2775000
4/14/2016	4.74	4.89	4.7	4.76	9363000
4/13/2016	4.73	4.77	4.7	4.7	4002000
4/12/2016	4.69	4.74	4.69	4.7	3668000
4/11/2016	4.59	4.7	4.56	4.66	7474000
4/8/2016	4.62	4.64	4.56	4.59	1007000
4/7/2016	4.75	4.81	4.6	4.6	4325000
4/6/2016	4.75	4.81	4.63	4.72	2468000
4/5/2016	4.98	4.98	4.71	4.75	7297000
4/4/2016	5.09	5.09	4.97	4.99	1120500
4/1/2016	5.13	5.15	5.05	5.08	887300
3/31/2016	5.14	5.15	5.07	5.15	2735700
3/30/2016	5.14	5.2	4.9	5.15	9018200
3/29/2016	5.22	5.25	5.15	5.15	2196300
3/28/2016	5.18	5.29	5.15	5.18	674100
3/23/2016	5.29	5.29	5.17	5.23	1404900
3/22/2016	5.3	5.39	5.15	5.29	2243100
3/21/2016	5.3	5.45	5.15	5.3	6379200
3/18/2016	5.3	5.54	5.29	5.3	12376400
3/17/2016	5.32	5.4	5.27	5.3	5403200
3/16/2016	5.2	5.4	5.08	5.28	22368199
3/15/2016	4.95	5.24	4.88	5.14	14422000
3/14/2016	5.1	5.15	4.94	4.95	5762400
3/11/2016	4.9	5.07	4.86	5.05	20145000
3/10/2016	4.65	5	4.56	4.85	19516000
3/9/2016	4.75	4.75	4.55	4.6	5920000
3/8/2016	4.8	4.9	4.75	4.79	2973000
3/7/2016	4.89	4.98	4.7	4.8	7057000
3/4/2016	4.88	4.96	4.77	4.87	7421000
3/3/2016	4.5	4.85	4.5	4.75	16787000
3/2/2016	4.22	4.57	4.22	4.48	13960000
3/1/2016	4.18	4.24	4.15	4.21	1423000
2/29/2016	4.15	4.26	4.14	4.18	3442000
2/26/2016	4.3	4.33	4.15	4.15	3828000
2/24/2016	4.37	4.37	4.25	4.3	1972000
2/23/2016	4.35	4.52	4.3	4.3	3425000
2/22/2016	4.28	4.42	4.25	4.33	2741000
2/19/2016	4.5	4.58	4.23	4.27	11045000
2/18/2016	4.45	4.6	4.45	4.52	6811000
2/17/2016	4.63	4.63	4.38	4.44	4153000
2/16/2016	4.65	4.85	4.48	4.49	29869000
2/15/2016	4.2	4.65	4.19	4.58	34703000
2/12/2016	4.18	4.2	4.07	4.11	3897000
2/11/2016	4.24	4.26	4.12	4.19	2515000
2/10/2016	3.96	4.24	3.96	4.16	5743000
2/9/2016	4.11	4.16	3.96	4	5011000
2/5/2016	4.22	4.23	4.1	4.11	3244000
2/4/2016	4.29	4.42	4.22	4.22	9899000
2/3/2016	4.4	4.46	4.25	4.25	4878000
2/2/2016	4.11	4.45	4.1	4.45	34195000
2/1/2016	4.16	4.45	4.11	4.11	15686000
1/29/2016	4	4.26	3.99	4.1	12972000
1/28/2016	3.99	4.18	3.92	3.99	19162000
1/27/2016	3.65	4.03	3.65	3.99	31745000
1/26/2016	3.5	3.65	3.5	3.59	13771000
1/25/2016	3.46	3.64	3.43	3.64	18504000
1/22/2016	3.11	3.45	3.11	3.42	19742000
1/21/2016	3.1	3.16	3.05	3.11	9154000
1/20/2016	3.16	3.28	3.09	3.12	15884000
1/19/2016	3.1	3.22	3.07	3.13	26296000
1/18/2016	3	3.15	2.9	3.08	42042000
1/15/2016	3.3	3.31	3.08	3.08	20117000
1/14/2016	3.51	3.51	3.21	3.24	20439000
1/13/2016	3.5	3.56	3.44	3.51	23314000
1/12/2016	3.5	3.61	3.44	3.44	6261000
1/11/2016	3.67	3.67	3.5	3.51	7967000
1/8/2016	3.84	3.85	3.66	3.67	12363000
1/7/2016	4.08	4.08	3.78	3.84	13607000
1/6/2016	4.18	4.24	4	4.05	12752000
1/5/2016	4.25	4.42	4.09	4.18	7101000
1/4/2016	4.55	4.55	4.2	4.3	2024000
12/29/2015	4.55	4.61	4.51	4.54	6462000
12/28/2015	4.38	4.55	4.38	4.54	4639000
12/23/2015	4.26	4.28	4.17	4.28	4117000
12/22/2015	4.35	4.36	4.2	4.2	5188000
12/21/2015	4.4	4.44	4.33	4.35	2466000
12/18/2015	4.54	4.54	4.44	4.44	1295000
12/17/2015	4.58	4.8	4.44	4.57	8309000
12/16/2015	4.34	4.55	4.34	4.55	6760000
12/15/2015	4.4	4.52	4.28	4.38	4652000
12/14/2015	4.43	4.46	4.35	4.41	7320000
12/11/2015	4.56	4.76	4.38	4.41	8814000
12/10/2015	4.79	4.79	4.55	4.56	13150000
12/9/2015	5	5	4.8	4.8	7757000
12/8/2015	5.15	5.15	4.88	4.89	7376800
12/7/2015	5.2	5.28	5.14	5.14	1363400
12/4/2015	5.32	5.34	5.18	5.18	2592400
12/3/2015	5.39	5.4	5.28	5.32	463600
12/2/2015	5.34	5.43	5.32	5.38	5541800
12/1/2015	5.3	5.34	5.14	5.34	1199500
11/27/2015	5.25	5.35	5.22	5.22	2077700
11/26/2015	5.32	5.34	5.24	5.26	986300
11/25/2015	5.25	5.38	5.25	5.32	1089600
11/24/2015	5.42	5.42	5.24	5.24	3002500
11/23/2015	5.19	5.5	5.19	5.49	5308800
11/20/2015	5.15	5.2	5.08	5.11	3675000
11/17/2015	4.95	5.2	4.95	5.05	3725000
11/16/2015	5.05	5.06	4.94	4.94	11296000
11/13/2015	5.06	5.27	5.03	5.1	4737400
11/12/2015	5.25	5.4	5.03	5.03	9373200
11/11/2015	5.46	5.46	5.25	5.25	8439700
11/10/2015	5.63	5.63	5.46	5.48	4494600
11/9/2015	5.79	5.79	5.62	5.63	7915400
11/6/2015	5.8	5.93	5.79	5.79	5918700
11/5/2015	6.2	6.2	5.73	5.78	15326600
11/4/2015	6.4	6.42	6.17	6.2	2528600
11/3/2015	6	6.47	6	6.4	17489199
11/2/2015	6.15	6.15	5.95	5.98	7721400
10/30/2015	6.2	6.2	6.11	6.15	4198100
10/29/2015	6.45	6.48	6.2	6.2	8835500
10/28/2015	6.7	6.72	6.44	6.5	6935800
10/27/2015	6.86	6.86	6.68	6.69	7115900
10/26/2015	6.82	7	6.82	6.86	8508300
10/23/2015	6.64	6.74	6.55	6.69	3201100
10/22/2015	6.7	6.85	6.59	6.59	6364700
10/21/2015	6.47	6.75	6.35	6.71	6148200
10/20/2015	6.5	6.5	6.36	6.48	1825500
10/19/2015	6.68	6.7	6.42	6.5	2273300
10/16/2015	6.6	6.76	6.5	6.64	17824600
10/15/2015	6	6.57	6	6.55	24661301
10/14/2015	5.99	6.19	5.9	5.91	23508400
10/13/2015	5.79	6.04	5.73	5.82	6821100
10/12/2015	5.95	6.03	5.75	5.8	5835000
10/9/2015	5.95	6.08	5.82	5.95	6567900
10/8/2015	6.16	6.25	5.9	5.95	9388600
10/7/2015	5.79	6.1	5.7	6.05	26583400
10/6/2015	5.42	5.76	5.4	5.7	20507000
10/5/2015	5.07	5.33	5	5.31	20676000
10/2/2015	5.22	5.22	4.83	4.87	10272900
10/1/2015	5.21	5.38	5.12	5.19	14449300
9/30/2015	5.6	5.6	5.2	5.21	12703400
9/29/2015	5.52	5.7	5.36	5.6	6286600
9/28/2015	5.95	5.95	5.47	5.51	16965699
9/24/2015	6.02	6.1	5.94	5.98	1487900
9/23/2015	6.24	6.24	5.9	6	11079700
9/22/2015	6.4	6.4	6.18	6.27	6959400
9/21/2015	6.4	6.5	6.36	6.4	6334500
9/18/2015	6.62	6.7	6.37	6.37	10921000
9/17/2015	6.66	6.73	6.56	6.61	6540200
9/16/2015	6.68	6.86	6.55	6.6	3589400
9/15/2015	6.68	6.85	6.59	6.59	3872500
9/14/2015	6.6	6.76	6.59	6.63	3459100
9/11/2015	6.56	6.65	6.56	6.6	688700
9/10/2015	6.55	6.7	6.54	6.59	1070100
9/9/2015	6.72	6.8	6.55	6.55	5742500
9/8/2015	6.64	6.65	6.43	6.62	3581500
9/7/2015	6.87	6.87	6.38	6.6	13829400
9/4/2015	6.78	7	6.75	6.9	10439100
9/3/2015	6.84	6.91	6.75	6.78	8251600
9/2/2015	6.75	6.86	6.62	6.84	18162500
9/1/2015	7.04	7.06	6.85	6.85	14796700
8/28/2015	7.06	7.2	6.99	7.02	8384500
8/27/2015	6.8	7	6.65	6.99	20746900
8/26/2015	6.85	6.98	6.52	6.59	12618200
8/25/2015	6.4	6.85	6.29	6.85	20112000
8/24/2015	6.95	6.95	6.3	6.5	18659600
8/20/2015	7.49	7.52	7.15	7.18	7549700
8/19/2015	7.2	7.43	7.18	7.4	23575199
8/18/2015	7.01	7.36	7.01	7.19	29471199
8/17/2015	7.41	7.55	6.98	6.99	37052500
8/14/2015	7.98	7.98	7.21	7.4	83386602
8/13/2015	8.93	9.05	7.98	7.98	61490102
8/12/2015	9.21	9.21	8.94	8.95	3665500
8/11/2015	9.4	9.4	9.21	9.28	17273500
8/10/2015	9.53	9.66	9.3	9.4	3390300
8/7/2015	9.55	9.59	9.53	9.55	6992500
8/6/2015	9.7	10	9.6	9.6	3218100
8/5/2015	9.75	9.92	9.64	9.65	9111600
8/4/2015	9.66	9.76	9.61	9.75	8997400
8/3/2015	9.71	9.77	9.64	9.69	8642400
7/31/2015	9.9	9.9	9.65	9.7	2550300
7/30/2015	9.86	10.1	9.7	9.9	5095900
7/29/2015	9.42	9.93	9.42	9.8	10038200
7/28/2015	9.56	9.65	9.4	9.4	6310100
7/27/2015	9.94	9.94	9.55	9.65	7233100
7/24/2015	10.12	10.14	9.88	9.94	3509900
7/23/2015	10.3	10.38	10.1	10.12	11246700
7/22/2015	9.9	10.3	9.8	10.22	30253301
7/21/2015	9.41	9.9	9.32	9.9	13976400
7/20/2015	9.51	9.55	9.3	9.41	9470800
7/16/2015	9.33	9.56	9.28	9.5	15783400
7/15/2015	9.25	9.4	9.15	9.29	22194900
7/14/2015	8.71	9.25	8.7	9.21	37050500
7/13/2015	8.65	8.76	8.52	8.53	5619800
7/10/2015	8.61	8.75	8.59	8.6	8007600
7/9/2015	8.77	8.83	8.58	8.6	10154500
7/8/2015	9.1	9.1	8.74	8.77	5069400
7/7/2015	8.74	9.18	8.74	9.1	15355900
7/6/2015	9.1	9.1	8.68	8.75	3138600
7/3/2015	9.15	9.23	9.07	9.14	10552600
7/2/2015	9.1	9.37	9.1	9.15	9763300
7/1/2015	8.61	9.1	8.61	9.1	18414600
6/30/2015	8.71	8.71	8.58	8.61	2503800
6/29/2015	8.76	8.78	8.66	8.7	3918000
6/26/2015	8.92	9.03	8.78	8.78	8157000
6/25/2015	9.08	9.08	8.83	8.85	3914400
6/24/2015	9.19	9.19	9	9.08	1891900
6/23/2015	9.39	9.39	8.96	9.01	12514400
6/22/2015	9.2	9.4	9.19	9.4	3492900
6/19/2015	9.34	9.5	9	9	8313900
6/18/2015	9.5	9.6	9.26	9.33	2194300
6/17/2015	9.55	9.6	9.4	9.5	14315500
6/16/2015	9.12	9.63	9.07	9.5	22334600
6/15/2015	8.95	9.1	8.85	9.1	13835000
6/11/2015	8.99	9.12	8.82	8.83	12099800
6/10/2015	8.8	8.99	8.74	8.97	5435100
6/9/2015	9.08	9.15	8.6	8.71	19639000
6/8/2015	9.38	9.38	9.06	9.1	6286900
6/5/2015	9.33	9.6	9.27	9.38	19092301
6/4/2015	9.38	9.4	9.26	9.34	3871200
6/3/2015	9.4	9.42	9.27	9.38	7378300
6/2/2015	9.48	9.58	9.35	9.4	3023900
6/1/2015	9.69	9.69	9.35	9.47	2741400
5/29/2015	9.38	9.8	9.31	9.7	20112500
5/28/2015	9.05	9.45	8.87	9.29	35782301
5/27/2015	9.29	9.29	9	9.01	29181699
5/26/2015	9.53	9.53	9.26	9.38	8090200
5/25/2015	9.92	10	9.39	9.55	20339000
5/22/2015	9.93	10	9.56	9.9	38271301
5/21/2015	10.56	10.56	9.89	9.9	30655301
5/20/2015	10.6	10.7	10.4	10.4	10586400
5/19/2015	10.5	10.72	10.42	10.58	9988900
5/18/2015	10.22	10.56	10.22	10.4	12252200
5/15/2015	10.56	10.7	10	10	33599102
5/14/2015	11.4	11.44	10.22	10.6	91404305
5/13/2015	12.22	12.42	12.1	12.18	11731300
5/12/2015	11.78	12.3	11.7	12.2	28000600
5/11/2015	11.58	11.84	11.58	11.7	13716200
5/8/2015	11.58	11.66	11.5	11.5	3624900
5/7/2015	11.68	11.68	11.42	11.6	8609900
5/6/2015	11.7	11.8	11.54	11.68	17976699
5/5/2015	11.7	11.88	11.68	11.7	15325300
5/4/2015	11.2	11.76	11.2	11.68	8934800
4/30/2015	11.5	11.66	11.16	11.2	6383700
4/29/2015	11.7	11.76	11.42	11.5	3809200
4/28/2015	11.54	11.7	11.36	11.7	14990300
4/27/2015	11.6	11.8	11.36	11.36	11923800
4/24/2015	11.32	11.68	11.32	11.6	19791100
4/23/2015	11.16	11.38	11.14	11.26	15807200
4/22/2015	11.48	11.48	11.04	11.1	8837800
4/21/2015	11.26	11.44	11.2	11.34	9741800
4/20/2015	11.8	11.8	11.1	11.14	18703199
4/17/2015	11.86	12.02	11.7	11.8	14554000
4/16/2015	11.48	11.9	11.32	11.84	21738900
4/15/2015	12.02	12.02	11.32	11.32	17288301
4/14/2015	11.8	12.12	11.8	12.04	13943500
4/13/2015	11.86	12.12	11.6	11.8	30609500
4/10/2015	11.5	11.92	11.5	11.8	37314000
4/8/2015	11.16	11.54	11.04	11.42	21178500
4/7/2015	11.2	11.4	11.18	11.18	13440500
4/6/2015	10.76	11.2	10.76	11.2	19908900
4/1/2015	10.44	10.7	10.32	10.68	7440300
3/31/2015	10.4	10.46	10.38	10.44	5361800
3/30/2015	10.5	10.54	10.4	10.4	9254400
3/27/2015	10.36	10.56	10.32	10.4	5571100
3/26/2015	10.38	10.5	10.36	10.36	1779300
3/25/2015	10.34	10.5	10.18	10.38	5227200
3/24/2015	10.6	10.64	10.26	10.36	8630800
3/23/2015	10.78	10.78	10.5	10.62	7803500
3/20/2015	10.5	10.8	10.5	10.8	27257100
3/19/2015	10.4	10.46	10.22	10.46	17580400
3/18/2015	10.76	10.76	9.9	10.14	29010000
3/17/2015	10.64	10.8	10.58	10.6	11266300
3/16/2015	10.7	10.88	10.52	10.56	6668100
3/13/2015	10.68	10.68	10.52	10.58	7572000
3/12/2015	10.6	10.62	10.5	10.5	4743300
3/11/2015	10.6	10.62	10.4	10.44	18571100
3/10/2015	10.7	10.86	10.62	10.7	4606000
3/9/2015	10.96	10.96	10.58	10.7	12432400
3/6/2015	10.88	11.08	10.88	11.04	7175900
3/5/2015	10.82	10.96	10.78	10.9	8805600
3/4/2015	10.4	10.88	10.4	10.76	17515000
3/3/2015	10.6	10.8	10.38	10.38	17569199
3/2/2015	10.8	10.9	10.6	10.6	13316600
2/27/2015	10.92	11.14	10.66	10.8	12290600
2/26/2015	11.14	11.16	10.76	10.92	21825801
2/25/2015	11.74	11.74	11.06	11.14	24253400
2/24/2015	11.66	11.82	11.62	11.76	2158300
2/23/2015	11.94	11.98	11.58	11.64	8037400
2/20/2015	11.52	11.72	11.4	11.72	6651600
2/18/2015	11.2	11.44	11.18	11.3	13436000
2/17/2015	11.16	11.24	11.14	11.2	3749800
2/16/2015	11.16	11.24	11.14	11.14	4836000
2/13/2015	11.18	11.26	11.04	11.1	8354400
2/12/2015	10.66	11.16	10.66	11.14	19769199
2/11/2015	10.74	10.82	10.5	10.56	25280600
2/10/2015	10.32	10.66	10.3	10.6	42189102
2/9/2015	11.5	11.52	10.14	10.32	48165301
2/6/2015	11.86	11.92	11.68	11.68	3327000
2/5/2015	11.86	12.16	11.82	11.88	9849000
2/4/2015	11.88	12.1	11.84	11.84	4441800
2/3/2015	11.94	12.06	11.86	11.88	8064400
2/2/2015	12.26	12.26	11.82	11.94	12325500
1/30/2015	12.3	12.5	12.3	12.38	5639300
1/29/2015	12.62	12.72	12.3	12.3	10387400
1/28/2015	12.9	13	12.58	12.6	21232400
1/27/2015	12.88	13.46	12.88	13	29421400
1/26/2015	12.5	12.96	12.4	12.88	17256600
1/23/2015	12.2	12.6	12.2	12.48	11831200
1/22/2015	12.48	12.48	12.16	12.3	2315100
1/21/2015	12.5	12.72	12.42	12.5	6779300
1/20/2015	12.16	12.6	12.16	12.3	13686800
1/19/2015	11.94	12.26	11.88	12.14	8322800
1/14/2015	11.5	11.98	11.46	11.94	9091200
1/13/2015	11.6	11.6	11.44	11.48	2085800
1/12/2015	11.52	11.7	11.46	11.6	6558200
1/9/2015	11.6	11.8	11.5	11.5	5736700
1/8/2015	11.84	11.88	11.48	11.5	23013000
1/7/2015	11.98	12.06	11	11.84	26069400
1/6/2015	12.1	12.1	11.96	11.98	8712000
1/5/2015	12.4	12.46	12.1	12.16	4059900
