FGEN 1215

12/27/2019	23.85	24.6	23.3	24.15	3151100
12/26/2019	23.75	24.4	23.25	24.3	507800
12/23/2019	22.9	23.75	22.9	23.75	1055400
12/20/2019	23.85	24.35	22.3	22.9	1644200
12/19/2019	24.6	24.65	23.5	23.5	865900
12/18/2019	24.5	24.5	23.6	23.65	1084100
12/17/2019	24.5	24.65	23.6	24	1026500
12/16/2019	25.45	25.45	24.3	24.7	498900
12/13/2019	24.5	25.45	23.65	25.45	2770500
12/12/2019	24.3	24.5	24.05	24.5	1809900
12/11/2019	24.35	24.6	23.5	23.6	498600
12/10/2019	24.5	24.7	23.9	24	257100
12/9/2019	24.75	24.75	24.1	24.5	649800
12/6/2019	23.8	24.75	23.7	24.75	1714500
12/5/2019	24.7	24.75	23.6	23.8	1144600
12/4/2019	24.8	24.9	24.4	24.7	662500
12/3/2019	25	25.45	24.8	24.8	717400
12/2/2019	24.95	25.05	24.25	25.05	2346000
11/29/2019	23.95	25	23.5	25	2292000
11/28/2019	23.9	23.95	23.5	23.95	1466300
11/27/2019	23.4	23.95	23.4	23.9	630600
11/26/2019	23.5	23.95	23.1	23.4	2248500
11/25/2019	23.7	23.75	23.4	23.5	927600
11/22/2019	23.9	23.9	22.5	23.8	2545600
11/21/2019	22.4	24	22.4	24	3023900
11/20/2019	23	23	22.6	22.75	2583800
11/19/2019	23.3	23.55	22.9	23.05	2700700
11/18/2019	23.95	24	23.15	23.3	1217300
11/15/2019	24.7	24.7	23.95	24.1	2646200
11/14/2019	24.35	24.7	24.05	24.7	1040800
11/13/2019	24.35	24.5	24.25	24.35	565200
11/12/2019	24.65	24.75	24.25	24.35	961800
11/11/2019	25	25	24.6	24.6	322500
11/8/2019	25.4	25.4	24.3	24.7	1370000
11/7/2019	25.3	25.55	25.3	25.45	287700
11/6/2019	25.5	25.95	25.2	25.95	897200
11/5/2019	25.35	25.75	25	25.75	1728500
11/4/2019	24.8	25.35	24.75	25.35	774300
10/31/2019	25.25	25.4	24.05	24.8	5379200
10/30/2019	25.4	25.9	24.9	24.9	2823200
10/29/2019	25.15	25.85	25.1	25.6	833500
10/28/2019	25.35	25.35	25.05	25.3	398400
10/25/2019	25.2	25.55	25	25.4	2865200
10/24/2019	24.65	25.25	24.6	25.25	543900
10/23/2019	24.8	24.9	24.6	24.7	566300
10/22/2019	24.8	25.15	24.7	25	907300
10/21/2019	25	25	24.7	24.8	812900
10/18/2019	25	25.5	24.9	25	4976300
10/17/2019	25	25.4	25	25	678100
10/16/2019	25.3	25.6	24.9	25	1747400
10/15/2019	25.25	25.25	24.7	24.9	1536300
10/14/2019	25.25	25.3	24.85	25	1568600
10/11/2019	24.95	25.3	24.6	25.25	1171200
10/10/2019	24.15	25.05	24.1	25.05	2137000
10/9/2019	24.45	24.45	23.9	24.1	544600
10/8/2019	24.55	25.3	24.2	24.2	1176300
10/7/2019	24.4	24.6	23.85	24.45	1057300
10/4/2019	24	24.6	24	24.4	912100
10/3/2019	24.8	24.8	23.65	24.1	1856600
10/2/2019	24.7	24.7	24	24.7	970500
10/1/2019	24.55	24.8	23.8	24.8	1505600
9/30/2019	24.7	24.8	24.25	24.6	1805100
9/27/2019	24.2	24.8	24.2	24.6	1901200
9/26/2019	24.05	24.75	24	24.15	1740400
9/25/2019	25	25	23.5	24.2	2568500
9/24/2019	24.8	25.45	24.8	25	4756200
9/23/2019	24.85	25.15	24.5	24.75	1150000
9/20/2019	25.8	25.8	24.8	24.8	2870800
9/19/2019	26	26.05	25.4	25.8	5135900
9/18/2019	26	26.1	25.9	26	1240900
9/17/2019	26	26.2	25.95	26	2558800
9/16/2019	26	26.25	26	26	1420000
9/13/2019	26.1	26.25	26	26.05	4255300
9/12/2019	26.5	26.5	26	26.1	1399800
9/11/2019	26.4	26.5	26.35	26.5	1618400
9/10/2019	26.3	26.4	26.1	26.4	3044300
9/9/2019	26.4	26.45	26	26.3	592400
9/6/2019	26.8	26.8	26.35	26.5	353700
9/5/2019	26.75	26.9	26.2	26.8	1742700
9/4/2019	26.45	27	26	26.75	2968000
9/3/2019	26.65	27.55	26.5	26.5	5269000
9/2/2019	26.2	26.95	26.2	26.7	1910200
8/30/2019	26.1	26.95	26.1	26.4	2775900
8/29/2019	26.15	26.6	26	26	2273100
8/28/2019	25.75	26.3	25.75	26.15	624100
8/27/2019	26.5	26.5	26	26	1908500
8/23/2019	26.75	26.75	26	26.55	998200
8/22/2019	26.4	26.9	26.2	26.8	2000100
8/20/2019	26	26.5	25.75	26.4	2220300
8/19/2019	25.05	26	25.05	26	1136000
8/16/2019	25.75	26	24.95	24.95	1148400
8/15/2019	25	25.9	24.75	25.7	2830000
8/14/2019	25.1	26.1	24.75	25.5	3147600
8/13/2019	26	26.3	25	25.45	2449100
8/9/2019	26.2	26.5	26.05	26.1	405600
8/8/2019	25.75	26.6	25.75	26.2	1817600
8/7/2019	25.8	25.85	24.8	25.75	1508000
8/6/2019	25.9	25.95	24.85	25.8	4966100
8/5/2019	26.1	26.1	25.9	26	1805800
8/2/2019	26.5	26.5	26	26.15	392700
8/1/2019	26.5	26.55	26.05	26.5	614700
7/31/2019	26.3	26.7	26	26.6	5601100
7/30/2019	26.25	26.25	26.05	26.2	3122700
7/29/2019	26.8	26.85	26.1	26.45	1026600
7/26/2019	26.8	26.9	26	26.9	841100
7/25/2019	26.9	26.95	26.75	26.8	2700900
7/24/2019	27	27	26.7	26.9	1940300
7/23/2019	26.9	27.2	26.85	27	4728600
7/22/2019	26.25	26.85	26.25	26.85	512800
7/19/2019	26.5	26.5	26.25	26.35	2754900
7/18/2019	26.3	26.5	25.75	26.5	2261300
7/17/2019	26.35	26.65	26.2	26.4	3346400
7/16/2019	27.2	27.2	26.3	26.3	2094900
7/15/2019	26.75	27.2	26.65	27.2	2030000
7/12/2019	26.5	26.8	26.1	26.8	7471800
7/11/2019	26.95	26.95	26.1	26.65	3716500
7/10/2019	27.3	27.3	26.95	27	2469300
7/9/2019	27.45	27.45	27	27.25	2150200
7/8/2019	26.95	27.65	26.95	27.5	5425200
7/5/2019	27	27.05	26.95	26.95	5271000
7/4/2019	27.2	27.25	26.95	27	1762100
7/3/2019	26.95	27.25	26.9	27.2	2122900
7/2/2019	27	27.1	26.9	26.95	1408100
7/1/2019	26.8	27.4	26.6	27	9739500
6/28/2019	27.05	27.05	26.7	26.8	7497300
6/27/2019	26	27.4	26	27.05	10793600
6/26/2019	26	26.25	25.65	26.1	4134800
6/25/2019	25	26.45	24.9	26.45	7230900
6/24/2019	25	25	24.75	25	1827500
6/21/2019	25.4	25.6	24.9	25	3708800
6/20/2019	24.45	25.6	24.05	25.45	6202600
6/19/2019	24	24.5	23.9	24.45	2316200
6/18/2019	23.8	24.3	23.8	24.05	1385000
6/17/2019	24.5	24.5	24	24.3	1352100
6/14/2019	24.35	24.5	24.15	24.5	2926400
6/13/2019	24.4	24.45	24	24.45	2977000
6/11/2019	24.1	24.5	24	24.45	5005700
6/10/2019	24	24.15	23.6	24.1	2992200
6/7/2019	24	24.1	23.4	24.05	2014000
6/6/2019	23.5	24.35	23.3	24	6233200
6/4/2019	23	23.8	22.95	23.5	3404300
6/3/2019	23.1	23.5	23	23	2326900
5/31/2019	22.9	23.25	22.75	23.1	5551900
5/30/2019	21.8	22.95	21.7	22.95	7558300
5/29/2019	21.75	21.9	21.3	21.8	557400
5/28/2019	21.7	21.8	21.2	21.2	3260800
5/27/2019	21.8	21.85	21.4	21.8	1404300
5/24/2019	21.35	21.9	20.85	21.55	2128100
5/23/2019	21	21.5	20.95	21.3	1889000
5/22/2019	21.2	21.3	20.85	21	1044000
5/21/2019	21.45	21.45	20.8	21.2	701500
5/20/2019	21	21.5	20.8	21.5	607000
5/17/2019	21.15	21.15	20.85	21	1539300
5/16/2019	21.2	21.2	20.95	21.15	553400
5/15/2019	21	21.3	20.85	21.2	2398700
5/14/2019	20.75	21	20.2	21	2767900
5/10/2019	20.8	20.9	20.3	20.75	3283300
5/9/2019	20.3	21	20.05	20.85	4341900
5/8/2019	21.2	21.2	19.72	20	3371600
5/7/2019	21.35	21.7	21.25	21.25	2698800
5/6/2019	21.7	21.85	21.3	21.35	1009500
5/3/2019	22.3	22.3	21.7	21.7	532800
5/2/2019	22.1	22.3	21.45	22.3	1120800
4/30/2019	21.5	22.1	21.5	22.1	1187100
4/29/2019	21.7	21.7	21.5	21.5	645100
4/26/2019	21.8	22.1	21.7	21.7	611900
4/25/2019	22.2	22.2	21.65	21.8	786500
4/24/2019	22.5	22.5	22	22.15	1535900
4/23/2019	22.2	22.5	22	22.5	1325200
4/22/2019	22.2	22.3	22	22.2	479800
4/17/2019	22.15	22.5	22.15	22.3	594300
4/16/2019	21.85	22.35	21.65	22.1	2674200
4/15/2019	21.8	21.85	21.6	21.85	458100
4/12/2019	21.85	22	21.5	21.8	916500
4/11/2019	21.7	22	21.5	22	665500
4/10/2019	22	22	21.55	21.7	450800
4/8/2019	21.45	22	21.35	22	1070900
4/5/2019	21.3	21.5	21.1	21.45	1231700
4/4/2019	21.4	21.65	21.2	21.5	316400
4/3/2019	21.7	21.7	21.1	21.65	339900
4/2/2019	21.4	21.7	20.9	21.7	855400
4/1/2019	21.7	21.7	21	21.4	301200
3/29/2019	21.2	21.8	21	21.8	495800
3/28/2019	21	21.25	21	21.1	891500
3/27/2019	21.25	21.4	20.5	20.8	1981300
3/26/2019	20.9	21.45	20.9	21.3	1064900
3/25/2019	21.6	21.6	20.9	20.9	1716500
3/22/2019	22	22.15	21.5	21.7	4415500
3/21/2019	21.5	22.1	21.45	21.8	1033700
3/20/2019	21.7	21.7	21.3	21.65	704700
3/19/2019	21	21.95	21	21.7	1900300
3/18/2019	20.55	21.3	20.55	21	1173200
3/15/2019	20.85	21.15	20	20.5	5506100
3/14/2019	21.5	21.5	20.5	20.85	5601900
3/13/2019	21.45	21.75	21.05	21.5	2955300
3/12/2019	21.5	21.95	20.4	20.7	6345900
3/11/2019	22.2	22.45	21.15	21.5	3930400
3/8/2019	22.5	22.6	22	22.2	2335000
3/7/2019	21.8	22.7	21.8	22.5	4940600
3/6/2019	21.9	21.95	21.65	21.8	1756000
3/5/2019	22	22.2	21.8	21.85	2283400
3/4/2019	21.3	22.2	21	22	5995600
3/1/2019	20.95	21.3	20.6	21.3	2915800
2/28/2019	21.25	21.3	20.8	21.25	2703700
2/27/2019	21.1	21.3	21	21.25	1121300
2/26/2019	21	21.3	20.9	21.1	945800
2/22/2019	21.35	21.35	20.95	20.95	288500
2/21/2019	20.9	21.35	20.7	21.3	5028900
2/20/2019	20.4	20.9	20.25	20.9	1132200
2/19/2019	20.4	20.4	20.1	20.25	3039700
2/18/2019	20.65	20.7	20.1	20.3	3744200
2/15/2019	21.2	21.2	20.3	20.6	1242500
2/14/2019	20.7	21	20.6	21	1765900
2/13/2019	21.25	21.4	20.5	20.8	3329800
2/12/2019	21.25	21.4	21.05	21.25	2396000
2/11/2019	20.75	21.4	20.75	21.2	3969900
2/8/2019	20.7	20.95	20.5	20.75	1242400
2/7/2019	20.5	20.7	20.45	20.6	1365400
2/6/2019	20.5	20.7	20.45	20.5	1500200
2/4/2019	20.75	20.85	20.2	20.35	845600
2/1/2019	20.4	20.85	20.4	20.65	1855900
1/31/2019	20.05	20.45	20.05	20.4	2041500
1/30/2019	20.4	20.4	19.82	20	3877200
1/29/2019	20.4	20.5	20.15	20.4	584600
1/28/2019	20.5	20.6	20.1	20.35	1797300
1/25/2019	20.55	20.75	20.5	20.5	1800600
1/24/2019	20.3	20.7	20.3	20.5	3944700
1/23/2019	19.6	20.35	19.5	20.3	2321800
1/22/2019	19.9	20	19.5	19.5	1059400
1/21/2019	20.2	20.2	19.56	19.9	1719600
1/18/2019	19.98	20.2	19.98	20	1397700
1/17/2019	19.98	20.35	19.98	19.98	1817600
1/16/2019	20.5	20.65	19.98	19.98	2786900
1/15/2019	20.5	20.75	20.1	20.5	2235300
1/14/2019	20.6	20.95	20.5	20.5	2431600
1/11/2019	20.5	20.85	20.2	20.5	2568000
1/10/2019	20.4	20.75	19.96	20.2	2674000
1/9/2019	20.3	20.6	20.15	20.4	1352500
1/8/2019	20.6	20.7	19.98	20.3	1697500
1/7/2019	21.3	21.6	20.45	20.45	2784300
1/4/2019	20.35	21.4	20.25	21.35	6218700
1/3/2019	19.78	20.35	19.78	20.3	3203300
1/2/2019	19.96	20	19.62	19.8	621600
12/28/2018	19.8	20.2	19.8	19.98	2055300
12/27/2018	19.72	19.86	19.68	19.76	944900
12/26/2018	19.54	19.98	19.5	19.7	674200
12/21/2018	20	20.3	19.54	19.54	2137400
12/20/2018	20.4	20.4	19.9	20	1614400
12/19/2018	19.9	20.4	19.6	20.4	1371000
12/18/2018	20.4	20.4	19.76	19.94	909700
12/17/2018	19.5	20.45	19.5	20.4	4274000
12/14/2018	19.9	19.9	19.42	19.5	2312400
12/13/2018	19.4	19.92	19.38	19.9	4558900
12/12/2018	18.64	19.3	18.64	19.3	4510300
12/11/2018	18.64	18.94	18.32	18.6	1262900
12/10/2018	19	19.22	18.66	18.66	1240200
12/7/2018	19.2	19.48	19.2	19.32	4507800
12/6/2018	18.5	19.18	18.28	19.18	5873300
12/5/2018	17.88	18.64	17.78	18.3	7300200
12/4/2018	17.86	18.2	17.84	17.88	2198300
12/3/2018	17.72	17.84	17.6	17.84	1571400
11/29/2018	17.38	17.8	17.38	17.72	6886700
11/28/2018	17.44	17.44	17.28	17.38	2642600
11/27/2018	17.36	17.44	17.34	17.4	1179700
11/26/2018	17.44	17.44	17.34	17.36	1373900
11/23/2018	17.18	17.46	17.18	17.22	2120600
11/22/2018	17.12	17.4	17	17.14	1525600
11/21/2018	17.3	17.3	17	17.1	2150000
11/20/2018	17.54	17.54	17.26	17.3	1676800
11/19/2018	17.38	17.54	17.14	17.54	1760600
11/16/2018	16.94	17.68	16.9	17.38	5267300
11/15/2018	16.54	16.96	16.5	16.9	1255100
11/14/2018	16.4	16.56	16.28	16.56	1451500
11/13/2018	16.6	16.62	16.3	16.4	1611700
11/12/2018	16.4	16.64	16.4	16.64	2478000
11/9/2018	16.6	16.6	16.36	16.4	1046300
11/8/2018	16.4	16.6	16.24	16.6	1301700
11/7/2018	16.18	16.5	16.18	16.38	1103300
11/6/2018	15.8	16.2	15.78	16.2	1233900
11/5/2018	15.64	15.98	15.54	15.74	737100
10/31/2018	15.8	15.8	15.58	15.62	628000
10/30/2018	16	16	15.78	15.78	223600
10/29/2018	16.12	16.12	15.84	15.96	249600
10/26/2018	16	16.14	16	16.12	441100
10/25/2018	16.18	16.22	15.98	16	235400
10/24/2018	16.2	16.26	16.12	16.18	4648000
10/23/2018	16	16.2	15.8	16.2	1153200
10/22/2018	15.98	15.98	15.6	15.98	1151500
10/19/2018	15.96	15.96	15.76	15.9	1532200
10/18/2018	15.66	15.98	15.62	15.98	411600
10/17/2018	15.7	15.7	15.32	15.32	1044200
10/16/2018	15.78	15.78	15.22	15.22	804700
10/15/2018	15.6	15.76	15.6	15.76	294000
10/12/2018	15.36	15.64	15.2	15.6	788800
10/11/2018	15.62	15.68	15.2	15.68	606300
10/10/2018	16	16.1	15.54	15.86	447700
10/9/2018	16.3	16.3	15.88	16	838000
10/8/2018	16.3	16.48	16.28	16.3	359900
10/5/2018	16.04	16.36	16.02	16.28	388800
10/4/2018	16.5	16.88	16.02	16.02	357100
10/3/2018	16.5	16.5	16.2	16.44	211200
10/2/2018	16.02	16.5	16	16.5	1028100
10/1/2018	16.76	16.76	16	16	2264900
9/28/2018	16.74	16.8	16.72	16.76	1080500
9/27/2018	16.88	16.88	16.7	16.76	1300800
9/26/2018	16.86	16.88	16.76	16.88	570200
9/25/2018	17	17	16.82	16.82	320500
9/24/2018	17	17.02	16.82	17	1030600
9/21/2018	16.82	17	16.76	17	1243200
9/20/2018	17	17	16.62	16.82	513200
9/19/2018	17.1	17.1	16.78	16.98	1310000
9/18/2018	16.72	17.1	16.72	17.1	1015600
9/17/2018	16.68	16.74	16.66	16.72	975200
9/14/2018	16.5	16.68	16.5	16.66	2958600
9/13/2018	16.34	16.48	16.3	16.42	1182600
9/12/2018	16.16	16.4	16.16	16.34	758200
9/11/2018	16.18	16.3	16.1	16.16	1228600
9/10/2018	16.38	16.42	16.12	16.18	1830300
9/7/2018	16.12	16.42	16.12	16.38	751900
9/6/2018	16.7	16.7	16.08	16.08	2752800
9/5/2018	16.92	16.92	16.56	16.7	2262500
9/4/2018	16.82	17	16.76	16.9	323900
9/3/2018	16.98	16.98	16.64	16.8	965200
8/31/2018	17	17.14	16.9	17	1551200
8/30/2018	17.04	17.12	16.94	17.1	3870400
8/29/2018	16.06	17.12	16.06	17.04	4775000
8/28/2018	15.8	16.3	15.8	16.06	1110900
8/24/2018	15.7	15.96	15.64	15.8	474800
8/23/2018	15.6	15.7	15.5	15.56	511600
8/22/2018	15.52	15.76	15.42	15.5	272700
8/20/2018	15.5	15.78	15.44	15.52	495500
8/17/2018	15.92	15.92	15.4	15.4	641900
8/16/2018	15.82	15.94	15.8	15.8	253800
8/15/2018	15.84	15.94	15.8	15.86	1800500
8/14/2018	15.92	15.96	15.86	15.9	705400
8/13/2018	16	16.08	15.8	15.96	912700
8/10/2018	16	16.2	15.94	16.08	1084000
8/9/2018	16.5	16.5	15.8	15.96	844300
8/7/2018	15.5	15.56	15.34	15.4	229500
8/6/2018	15.56	15.56	15.4	15.54	117900
8/3/2018	15.5	15.6	15.32	15.56	1308000
8/2/2018	15.66	15.66	15.32	15.5	556800
8/1/2018	15.6	15.66	15.54	15.6	502500
7/31/2018	15.7	15.72	15.34	15.52	553800
7/30/2018	15.4	15.8	15.4	15.7	989300
7/27/2018	15.26	15.44	15.26	15.4	140200
7/26/2018	15.06	15.5	15.06	15.2	388500
7/25/2018	15.7	15.78	14.8	14.8	361800
7/24/2018	15.54	15.7	15.54	15.7	532800
7/23/2018	15.46	15.56	15.38	15.54	177300
7/20/2018	15.3	15.48	15.3	15.46	232700
7/19/2018	15.36	15.36	15.24	15.3	103300
7/18/2018	15.2	15.36	15.14	15.3	162200
7/17/2018	15.22	15.28	15	15.2	476900
7/16/2018	15	15.28	15	15.28	1534300
7/13/2018	14.86	15.3	14.86	15.3	703900
7/12/2018	14.76	14.92	14.72	14.84	1131800
7/11/2018	14.68	14.8	14.68	14.78	177900
7/10/2018	14.66	14.88	14.54	14.68	260100
7/9/2018	14.9	14.9	14.64	14.66	215200
7/6/2018	14.56	14.96	14.5	14.86	164200
7/5/2018	14.66	14.66	14.52	14.52	3180500
7/4/2018	14.82	14.98	14.58	14.66	2579300
7/3/2018	14.52	14.86	14.52	14.8	813700
7/2/2018	14.46	14.5	14.12	14.5	346400
6/29/2018	14.3	14.64	14.3	14.46	307700
6/28/2018	14.88	14.88	14.28	14.3	923300
6/27/2018	14.48	14.88	14.1	14.88	745000
6/26/2018	14.4	14.4	14.2	14.4	342400
6/25/2018	14.2	14.38	14.14	14.38	136900
6/22/2018	14.5	14.5	14.1	14.14	892100
6/21/2018	14.76	14.76	14.2	14.5	1682300
6/20/2018	14.6	14.92	14.54	14.76	181400
6/19/2018	14.7	14.72	14.46	14.6	284900
6/18/2018	15	15	14.5	14.96	258100
6/14/2018	15.36	15.36	14.7	15	879500
6/13/2018	15	15.6	14.6	15.6	253500
6/11/2018	14.62	15	14.62	15	78300
6/8/2018	15.02	15.06	14.6	14.62	450800
6/7/2018	15	15.18	14.92	14.94	544700
6/6/2018	14.98	15	14.86	14.86	355700
6/5/2018	14.98	15	14.82	15	74800
6/4/2018	14.98	14.98	14.72	14.98	157900
6/1/2018	14.98	15	14.84	14.98	110600
5/31/2018	14.4	14.98	14.38	14.98	1025000
5/30/2018	14.44	14.64	14.36	14.4	377000
5/29/2018	14.98	14.98	14.34	14.42	805900
5/28/2018	15	15	14.6	14.62	1497100
5/25/2018	14.9	15.28	14.84	14.9	469400
5/24/2018	14.82	15.3	14.8	14.9	295400
5/23/2018	15.18	15.18	14.88	14.88	283900
5/22/2018	15	15	14.9	15	102800
5/21/2018	14.9	15.18	14.76	15	164400
5/18/2018	15.2	15.2	14.78	14.8	842400
5/17/2018	15.02	15.3	15.02	15.2	465500
5/16/2018	15.44	15.44	15	15	892900
5/15/2018	15.58	15.64	15.44	15.44	328200
5/11/2018	15.66	15.66	15.54	15.58	610300
5/10/2018	15.44	15.54	15.36	15.4	377400
5/9/2018	15.5	15.66	15.3	15.38	1232000
5/8/2018	15.46	15.5	15.2	15.5	400400
5/7/2018	15.5	15.5	15.1	15.46	153400
5/4/2018	15.3	15.48	15.1	15.48	398600
5/3/2018	15.58	15.58	15.1	15.3	322100
5/2/2018	15.58	15.8	15.42	15.58	535900
4/30/2018	15.66	15.9	15.5	15.58	151300
4/27/2018	15.48	15.6	15.3	15.6	189600
4/26/2018	15.3	15.5	14.98	15.5	330400
4/25/2018	15.66	15.66	14.9	15.3	625100
4/24/2018	16.26	16.26	15.5	15.66	1099400
4/23/2018	16.28	16.28	16	16.18	334400
4/20/2018	16	16.38	16	16.3	421500
4/19/2018	16.08	16.6	15.9	16	1135100
4/18/2018	16.46	16.5	16.06	16.08	967500
4/17/2018	16.4	16.5	16.22	16.46	1068500
4/16/2018	16.92	16.92	16.32	16.32	856100
4/13/2018	16.94	17	16.88	16.9	418400
4/12/2018	16.9	17	16.88	17	442700
4/11/2018	17	17	16.84	16.94	734400
4/10/2018	17.2	17.2	16.88	17.04	928200
4/6/2018	17.1	17.28	16.8	17.12	2168200
4/5/2018	17.2	17.2	17.02	17.12	1323100
4/4/2018	17	17.32	17	17.2	841100
4/3/2018	16.74	17	16.74	16.96	1831900
4/2/2018	17	17	16.4	16.74	364100
3/28/2018	16.98	17.16	16.92	17	1473000
3/27/2018	16.4	16.8	16.3	16.8	1188100
3/26/2018	16.84	16.84	16.1	16.4	878700
3/23/2018	16.68	16.9	16.62	16.82	2269500
3/22/2018	16.3	17.1	16.3	17.08	1306500
3/21/2018	16.4	16.4	16.18	16.3	996900
3/20/2018	16.5	16.5	16.24	16.4	1260200
3/19/2018	16.74	16.78	16.3	16.6	985000
3/16/2018	16.94	16.94	16.62	16.8	1565700
3/15/2018	17.1	17.1	16.68	16.94	1640900
3/14/2018	17.2	17.22	16.7	17.06	1967300
3/13/2018	17.6	17.9	17	17.24	2512400
3/12/2018	16.92	18.2	16.86	17.4	15510900
3/9/2018	15.8	16.68	15.66	16.68	4917400
3/8/2018	14.52	15.76	14.52	15.5	4989900
3/7/2018	14.44	14.48	14.32	14.48	3170900
3/6/2018	14.5	14.5	14.32	14.44	3506500
3/5/2018	14.52	14.52	14.32	14.5	581000
3/2/2018	14.5	14.52	14.4	14.48	4366600
3/1/2018	14.6	14.68	14.4	14.56	4037800
2/28/2018	14.5	14.7	14.44	14.5	4565700
2/27/2018	14.8	15.04	14.5	14.5	1838300
2/26/2018	15.28	15.28	14.4	14.8	3006600
2/23/2018	15.14	15.32	15.06	15.32	774000
2/22/2018	15.4	15.4	15.16	15.2	2420900
2/21/2018	15.66	15.68	15.38	15.4	2743800
2/20/2018	15.72	15.8	15.6	15.68	628500
2/19/2018	15.78	15.8	15.5	15.8	1010100
2/15/2018	15.8	15.82	15.6	15.78	973600
2/14/2018	15.92	15.92	15.6	15.9	654300
2/13/2018	15.7	15.92	15.52	15.92	785200
2/12/2018	15.9	15.9	15.72	15.9	466700
2/9/2018	15.9	16	15.8	15.9	676100
2/8/2018	16	16.1	15.9	16.1	1315900
2/7/2018	15.94	16	15.64	16	528300
2/6/2018	15.62	15.98	15.5	15.98	1041000
2/5/2018	15.9	16	15.7	16	1968600
2/2/2018	15.82	16	15.76	16	1014900
2/1/2018	15.94	15.94	15.8	15.82	635700
1/31/2018	15.98	15.98	15.8	15.98	1272900
1/30/2018	15.88	15.98	15.86	15.98	757700
1/29/2018	15.98	15.98	15.86	15.88	804900
1/26/2018	15.98	16.1	15.96	16	416800
1/25/2018	15.9	16.08	15.9	15.98	1425900
1/24/2018	16.18	16.2	15.88	15.88	1385600
1/23/2018	16	16.18	16	16.14	656800
1/22/2018	15.88	16	15.86	16	661900
1/19/2018	15.9	15.92	15.88	15.9	2909800
1/18/2018	15.9	15.94	15.86	15.9	1263700
1/17/2018	15.9	16	15.86	15.88	1103500
1/16/2018	15.84	15.94	15.84	15.9	1628400
1/15/2018	15.94	16	15.84	15.84	1788800
1/12/2018	16	16.06	15.9	15.92	2532400
1/11/2018	16	16.1	15.94	15.98	1536000
1/10/2018	15.86	16	15.84	15.9	5368800
1/9/2018	15.9	15.92	15.82	15.86	5507900
1/8/2018	16.2	16.42	15.86	15.9	3155900
1/5/2018	16.6	16.6	16.08	16.12	5608400
1/4/2018	16.86	16.92	16.6	16.6	3964000
1/3/2018	17	17.08	16.86	16.92	896100
12/29/2017	16.96	17.1	16.94	17	671400
12/28/2017	16.94	17.2	16.9	16.96	439300
12/27/2017	17	17.04	16.9	16.94	733900
12/22/2017	17	17.04	16.98	17	1707700
12/21/2017	17	17.18	16.98	17	914800
12/20/2017	16.96	17.02	16.9	16.94	992500
12/19/2017	17.2	17.32	16.96	16.96	1375600
12/18/2017	17.32	17.32	17.02	17.02	1235000
12/15/2017	17.04	17.54	17.04	17.52	2363800
12/14/2017	17.2	17.22	17	17.02	1112300
12/13/2017	17.04	17.2	17.02	17.2	753600
12/12/2017	17.08	17.1	17	17.04	702800
12/11/2017	17.3	17.3	17	17.1	520200
12/8/2017	17.12	17.3	17	17.3	598100
12/7/2017	17.1	17.12	17.06	17.08	472300
12/6/2017	17.1	17.18	17.02	17.14	528500
12/5/2017	17.8	17.8	17.1	17.22	339400
12/4/2017	17	17.82	16.96	17.82	418000
12/1/2017	17.4	17.4	16.9	17	1386400
11/29/2017	17.24	17.5	17.24	17.5	568200
11/28/2017	17.32	17.36	17.24	17.3	258900
11/27/2017	17.1	17.3	17.04	17.3	3893500
11/24/2017	17.16	17.18	17.02	17.1	3069100
11/23/2017	17.5	17.5	17.1	17.16	414700
11/22/2017	17.02	17.5	17.02	17.1	829800
11/21/2017	17.5	17.66	17	17	1732500
11/20/2017	17.4	17.68	17.4	17.42	538300
11/17/2017	17.2	17.5	17.2	17.4	983600
11/16/2017	17.3	17.44	17.16	17.2	725100
11/15/2017	17.4	17.4	17.28	17.3	757700
11/14/2017	17.68	17.74	17.3	17.4	663000
11/13/2017	17.8	18.46	17.74	17.8	396600
11/10/2017	18.42	18.42	17.8	17.82	624800
11/9/2017	18.7	18.7	18.46	18.5	2021500
11/8/2017	18.48	18.72	18.46	18.7	1315800
11/7/2017	18.36	18.46	18.34	18.44	579800
11/6/2017	18	18.3	18	18.3	1228800
11/3/2017	17.7	18.24	17.7	17.96	1632400
11/2/2017	17.7	17.88	17.64	17.64	977700
10/30/2017	17.7	17.88	17.52	17.58	1243000
10/27/2017	17.62	17.7	17.52	17.7	295300
10/26/2017	17.7	17.78	17.58	17.62	406400
10/25/2017	17.6	17.68	17.44	17.68	828700
10/24/2017	17.3	17.68	17.26	17.6	1352300
10/23/2017	17.14	17.4	17.14	17.22	2833700
10/20/2017	17.98	18	16.88	16.88	4786700
10/19/2017	18.1	18.1	17.92	17.98	1123100
10/18/2017	18.16	18.16	18	18.1	1894000
10/17/2017	18.56	18.56	18.2	18.2	968900
10/13/2017	18.54	18.8	18.54	18.54	903500
10/12/2017	18.62	18.62	18.46	18.54	359000
10/11/2017	18.96	18.98	18.5	18.64	2780000
10/10/2017	19.02	19.3	18.96	19	1866000
10/9/2017	19.02	19.3	18.96	19	2934500
10/6/2017	19.48	19.54	19	19.02	3423700
10/5/2017	19.56	19.6	19.42	19.48	2503300
10/4/2017	19.16	19.72	19.16	19.6	3373700
10/3/2017	19	19.24	18.8	19.16	4684900
10/2/2017	18.92	19	18.8	18.98	820900
9/29/2017	18.7	19.12	18.6	18.92	3812900
9/28/2017	18.3	18.56	18.22	18.4	3584700
9/27/2017	18.26	18.36	18.06	18.3	2578400
9/26/2017	18.38	18.38	18.18	18.34	1329600
9/25/2017	18.8	18.8	18.3	18.5	1351100
9/22/2017	19.08	19.08	18.74	18.8	1860800
9/21/2017	18.98	19	18.6	19	1208600
9/20/2017	18.96	19.18	18.92	18.94	2440100
9/19/2017	19	19.04	18.94	18.96	2064100
9/18/2017	19	19.06	18.76	19	2035500
9/15/2017	18.6	19	18.52	19	3358700
9/14/2017	18.16	18.6	18.16	18.5	4488900
9/13/2017	17.82	18.16	17.82	18.12	2646400
9/11/2017	17.82	17.86	17.78	17.8	1435100
9/8/2017	17.58	17.84	17.58	17.74	1582300
9/7/2017	17.06	17.62	17.06	17.56	3558900
9/6/2017	17	17.1	17	17.06	828100
9/5/2017	16.88	16.94	16.86	16.92	3534500
9/4/2017	16.82	16.9	16.82	16.88	3187200
8/31/2017	16.9	16.9	16.8	16.82	1597000
8/30/2017	16.86	17	16.86	16.9	759700
8/29/2017	16.84	17	16.82	16.86	1411200
8/25/2017	16.86	17.08	16.84	16.84	2084000
8/24/2017	17.2	17.26	16.82	16.84	3660000
8/23/2017	17.1	17.3	17.06	17.2	604200
8/22/2017	17.1	17.2	17.04	17.2	355400
8/18/2017	17.14	17.3	17	17.1	3151700
8/17/2017	17.3	17.44	17.1	17.1	1075300
8/16/2017	17.1	17.38	17.1	17.3	1380100
8/15/2017	17.06	17.26	17.04	17.1	1462500
8/14/2017	17.5	17.5	17	17.02	2298600
8/11/2017	17.4	17.52	17.3	17.46	437800
8/10/2017	17.8	17.82	17.16	17.4	1768000
8/9/2017	18.12	18.12	17.82	17.82	541000
8/8/2017	18.46	18.46	17.98	18.1	2046600
8/7/2017	18.48	18.66	18.42	18.44	1262500
8/4/2017	19.7	19.8	18.1	18.36	11994800
8/3/2017	17.1	17.44	17.1	17.3	137300
8/2/2017	17.5	17.7	17.1	17.1	2429000
8/1/2017	17.3	17.54	17.3	17.54	796000
7/31/2017	17.62	17.62	17.3	17.3	1791800
7/28/2017	17.9	17.9	17.5	17.62	1818100
7/27/2017	17.9	18.08	17.86	17.9	1505700
7/26/2017	17.94	18.3	17.9	17.9	1772300
7/25/2017	18.34	18.4	17.88	17.94	2475300
7/24/2017	18.5	18.68	18.32	18.34	1082600
7/21/2017	18.74	18.74	18.4	18.5	2423500
7/20/2017	19	19	18.72	18.74	743900
7/19/2017	19.12	19.16	19	19.04	1239200
7/18/2017	19.12	19.2	19	19	737300
7/17/2017	18.84	19.16	18.8	19.08	2154600
7/14/2017	18.78	18.82	18.74	18.8	636400
7/13/2017	18.7	18.8	18.7	18.78	1904000
7/12/2017	18.62	18.72	18.62	18.7	1291600
7/11/2017	18.6	18.68	18.56	18.62	978600
7/10/2017	18.7	18.7	18.56	18.6	1724400
7/7/2017	18.78	18.78	18.68	18.7	1380600
7/6/2017	18.74	18.82	18.68	18.82	892100
7/5/2017	18.56	18.7	18.56	18.68	1115100
7/4/2017	18.76	18.76	18.56	18.56	960100
7/3/2017	18.9	18.9	18.74	18.76	457200
6/30/2017	18.78	18.9	18.74	18.9	3007100
6/29/2017	18.8	18.88	18.74	18.78	444200
6/28/2017	18.82	18.98	18.76	18.76	644500
6/27/2017	19	19	18.82	18.82	628700
6/23/2017	19	19.02	18.6	19	811700
6/22/2017	18.98	19.06	18.96	19	912900
6/21/2017	19	19.06	18.96	18.98	1245100
6/20/2017	18.98	19.06	18.96	19	1512700
6/19/2017	19	19.08	18.96	18.98	1287900
6/16/2017	19	19.06	18.82	19	1864900
6/15/2017	18.74	18.9	18.74	18.74	5824800
6/14/2017	18.66	18.88	18.66	18.74	1254300
6/13/2017	19.02	19.26	18.66	18.7	9840000
6/9/2017	19.6	19.72	19	19	2081900
6/8/2017	19.3	19.82	19.28	19.6	2309300
6/7/2017	18.88	19.3	18.88	19.3	2225800
6/6/2017	19.1	19.3	18.88	18.88	1839200
6/5/2017	18.98	19.28	18.96	19.1	3908200
6/2/2017	18.98	19.04	18.84	18.96	4174200
6/1/2017	19.02	19.22	18.82	18.96	1803300
5/31/2017	18.98	18.98	18.54	18.98	3548300
5/30/2017	19.46	19.48	18.92	18.98	3380800
5/29/2017	19.6	19.66	19.46	19.48	1984000
5/26/2017	19.7	19.7	19.46	19.6	1191100
5/25/2017	19.74	19.82	19.7	19.7	2076400
5/24/2017	19.52	19.74	19.4	19.74	2637300
5/23/2017	19.56	19.68	19.5	19.52	3001300
5/22/2017	19.76	19.8	19.48	19.56	3151600
5/19/2017	19.98	19.98	19.56	19.68	2969900
5/18/2017	20.05	20.1	19.88	19.94	2413900
5/17/2017	20.05	20.15	20	20.1	756200
5/16/2017	20.3	20.3	19.96	20	3484300
5/15/2017	20.6	20.6	19.96	20	4322600
5/12/2017	20.85	20.85	20.25	20.75	5966400
5/11/2017	20.15	20.95	20.15	20.95	5299100
5/10/2017	20	20.2	19.96	20.15	6093900
5/9/2017	21.5	21.6	19.7	19.96	10276100
5/8/2017	21.25	21.7	21.25	21.5	1285900
5/5/2017	21.25	21.4	21.2	21.2	1904900
5/4/2017	21.2	21.4	21.15	21.25	1499100
5/3/2017	21.3	21.5	21.15	21.2	2608400
5/2/2017	21.5	21.65	21.2	21.3	1199800
4/27/2017	21.5	21.85	21.5	21.5	728800
4/26/2017	21.7	22	21.5	21.5	2202300
4/25/2017	22	22.1	21.7	21.7	3067500
4/24/2017	22.05	22.2	21.9	22	887000
4/21/2017	21.7	22	21.7	22	2007100
4/20/2017	21.8	21.9	21.6	21.7	1196500
4/19/2017	21.7	21.9	21.4	21.8	784300
4/18/2017	21.15	21.75	21.15	21.6	1612500
4/17/2017	21.35	21.35	20.95	21.05	1263300
4/12/2017	21.55	21.75	20.9	20.95	4061800
4/11/2017	21.5	21.8	21.15	21.45	2221900
4/10/2017	21.65	22.1	21.65	22	1339300
4/7/2017	21.85	22.25	21.55	21.55	1940300
4/6/2017	22	22.2	21.85	21.9	1692200
4/5/2017	21.9	22.3	21.9	22	1926500
4/4/2017	21.5	21.9	21.5	21.65	592300
4/3/2017	21.2	22	21.2	21.5	3682200
3/31/2017	22.2	22.2	20.95	20.95	4087400
3/30/2017	22	22.5	21.85	22	2957900
3/29/2017	21.95	22.25	21.9	22	1639600
3/28/2017	22.25	22.3	21.85	21.95	1772900
3/27/2017	22.4	22.4	22	22.2	1533200
3/24/2017	22.4	22.45	22.25	22.35	3208900
3/23/2017	22.9	22.9	22.4	22.4	563500
3/22/2017	22.8	23.05	22.5	22.9	3108200
3/21/2017	22.7	22.8	22.5	22.8	3484600
3/20/2017	22.45	22.8	22.45	22.7	1085800
3/17/2017	22.3	22.5	22.3	22.45	1683100
3/16/2017	22.1	22.6	22	22.3	469900
3/15/2017	22.5	22.5	22.1	22.3	610100
3/14/2017	22.55	22.55	22.25	22.5	571800
3/13/2017	22.3	22.6	22.1	22.5	833200
3/10/2017	22.5	22.7	22.15	22.3	943100
3/9/2017	22	22.7	21.75	22.5	3925300
3/8/2017	21.65	22.1	21.65	22	2876100
3/7/2017	21.4	22	21.4	21.65	2195200
3/6/2017	21.3	21.45	21.2	21.35	761600
3/3/2017	21.35	21.35	21.1	21.3	495200
3/2/2017	21.2	21.5	21.2	21.35	276300
3/1/2017	21.1	21.25	21	21.2	626200
2/28/2017	21.1	21.2	20.85	21.1	4339800
2/27/2017	21.6	21.6	21.05	21.1	1615200
2/24/2017	21.5	21.6	21.35	21.55	581100
2/23/2017	21.75	22	21.2	21.2	2810800
2/22/2017	22.05	22.1	21.6	21.6	762700
2/21/2017	21.95	22.25	21.95	22	1473200
2/20/2017	22.3	22.3	21.95	21.95	976000
2/17/2017	22.2	22.4	22.15	22.2	435000
2/16/2017	22.4	22.5	22.15	22.2	333000
2/15/2017	22.3	22.55	22.15	22.3	464200
2/14/2017	22.45	22.5	22.15	22.4	340300
2/13/2017	21.9	22.4	21.9	22.4	233600
2/10/2017	22.05	22.05	21.95	22	632300
2/9/2017	22.1	22.15	22	22.05	655600
2/8/2017	22.25	22.5	22.05	22.1	827600
2/7/2017	22.45	22.5	22.2	22.25	1093500
2/6/2017	22.45	22.75	22.4	22.45	2665900
2/3/2017	22.2	22.6	22.2	22.45	1374600
2/2/2017	22.75	22.8	22.15	22.4	784600
2/1/2017	22.4	22.8	22.4	22.75	529900
1/31/2017	22.8	22.9	22.3	22.4	1185300
1/30/2017	22.8	23.2	22.65	22.8	2054400
1/27/2017	22.5	22.85	22.5	22.8	505600
1/26/2017	22.55	22.85	22.5	22.75	1343400
1/25/2017	22.9	23	22.25	22.3	1348800
1/24/2017	22.2	23	22.2	22.9	3309900
1/23/2017	22	22.5	21.95	22.1	1412900
1/20/2017	22.3	22.3	21.8	22	3647800
1/19/2017	22.6	22.6	22.1	22.35	2888200
1/18/2017	22.4	22.7	22.15	22.6	594800
1/17/2017	22.8	22.8	22.1	22.6	1390300
1/16/2017	22.2	22.8	22	22.8	2868200
1/13/2017	21.95	22.2	21.75	22.2	1636100
1/12/2017	22	22.3	21.75	22	2976800
1/11/2017	21.55	22.3	21.55	22	4947600
1/10/2017	21.55	21.8	21.25	21.6	4889700
1/9/2017	21.8	21.8	21.45	21.6	1982400
1/6/2017	21.85	21.95	21.65	21.85	1502300
1/5/2017	21.7	22.15	21.55	21.9	4153900
1/4/2017	21.3	21.9	21.2	21.7	1230100
1/3/2017	21.75	21.75	21.15	21.35	670600
12/29/2016	21.5	22	21.35	22	3756300
12/28/2016	21.35	21.75	21.2	21.75	2018100
12/27/2016	21.8	21.8	20.9	21.8	5284100
12/23/2016	22.45	22.5	22.05	22.2	780500
12/22/2016	22.75	22.8	22.15	22.45	405600
12/21/2016	22.75	22.8	22.05	22.8	718500
12/20/2016	22.45	22.75	22	22.75	416100
12/19/2016	22.45	22.6	22	22.4	496900
12/16/2016	22.2	22.45	22.05	22.15	752300
12/15/2016	22.15	22.2	21.95	22.05	1553400
12/14/2016	22.3	22.3	22.05	22.15	794000
12/13/2016	22.2	22.3	21.9	22.3	1690100
12/12/2016	22.2	22.8	22	22.2	1202300
12/9/2016	22.7	22.7	22.05	22.2	4245100
12/8/2016	22	22.85	22	22	3675100
12/7/2016	22.1	22.35	21.9	21.9	289800
12/6/2016	22.2	22.4	21.9	22.1	396100
12/5/2016	22.2	22.2	21.8	22.2	113800
12/2/2016	22.45	22.45	21.7	22.2	405900
12/1/2016	21.85	22.2	21.8	22.2	1650900
11/29/2016	21.5	21.85	21.2	21.8	566600
11/28/2016	21.7	21.95	21.3	21.5	1519400
11/25/2016	22	22.1	21.55	21.7	1733200
11/24/2016	21.8	22.5	21.8	21.95	450400
11/23/2016	22.3	22.45	21.65	21.8	2951700
11/22/2016	23	23	22.2	22.3	1487800
11/21/2016	22.9	23.1	22.8	23	536800
11/18/2016	23	23.2	22.75	22.8	421900
11/17/2016	22.7	23	22.7	22.9	1376300
11/16/2016	22.1	22.75	22.1	22.65	546500
11/15/2016	22.2	23.25	21.75	21.75	1644300
11/14/2016	22.9	22.95	22.05	22.15	1642500
11/11/2016	24.1	24.1	22.85	22.9	2097300
11/10/2016	23.2	24.15	23.2	24	1184500
11/9/2016	23.4	23.95	22.5	23.2	1693700
11/8/2016	23.45	23.45	22.9	23.4	707100
11/7/2016	22.8	23.35	22.55	22.75	1223400
11/4/2016	22.65	23	22.65	22.8	2050000
11/3/2016	22.7	22.95	22.55	22.65	985700
11/2/2016	22.95	22.95	22.6	22.7	994300
10/28/2016	22.75	22.95	22.55	22.95	1865000
10/27/2016	22.85	23.45	22.65	22.75	1611700
10/26/2016	23.45	23.75	22.65	22.85	7549300
10/25/2016	23.45	23.5	23.3	23.45	566600
10/24/2016	23.3	23.8	23.25	23.35	472000
10/21/2016	23.75	23.75	23.25	23.25	2822300
10/20/2016	23.85	23.9	23.45	23.6	432500
10/19/2016	23.6	24	23.2	23.2	1193900
10/18/2016	23.45	23.5	22.95	23.5	1435000
10/17/2016	23.5	23.95	23.45	23.45	561700
10/14/2016	23	23.5	23	23.5	1161800
10/13/2016	22.85	23.45	22.7	23	2620100
10/12/2016	23.9	23.9	22.8	22.95	3141200
10/11/2016	24.05	24.25	23.95	24	1696800
10/10/2016	24.45	24.5	24.05	24.05	1228500
10/7/2016	24.5	24.75	24	24.45	3663800
10/6/2016	24.6	24.75	24.1	24.15	2085900
10/5/2016	24.7	24.85	24.4	24.85	1092300
10/4/2016	25	25	24.55	24.65	2884500
10/3/2016	25.35	25.35	24.8	24.9	2981200
9/30/2016	25.2	25.2	24.9	25.05	2004800
9/29/2016	25.2	25.25	25	25.2	2844500
9/28/2016	25.1	25.25	25	25.1	2458600
9/27/2016	25.1	25.2	24.8	25.1	3684400
9/26/2016	25.4	25.5	25	25.1	3688200
9/23/2016	25.35	26.15	25.2	25.4	3929600
9/22/2016	25.15	25.75	25.1	25.35	2841300
9/21/2016	24.8	25	24.8	24.95	3467800
9/20/2016	24.9	25.3	24.8	24.8	1580200
9/19/2016	25	25.05	24.75	24.9	327000
9/16/2016	25	25.2	24.9	25.1	1251700
9/15/2016	24.55	25.2	24.55	25	1738000
9/14/2016	24.7	24.7	24.5	24.55	1013300
9/13/2016	24.8	25	24.7	24.7	2584600
9/9/2016	25.2	25.2	24.8	24.8	2596800
9/8/2016	24.8	25.25	24.65	25.2	1957000
9/7/2016	24.85	25.4	24.7	25.3	12239600
9/6/2016	25	25.25	24.8	24.85	2609800
9/5/2016	25.3	25.35	24.9	24.9	3058100
9/2/2016	25.8	26.2	25.3	25.4	3764800
9/1/2016	25.45	26	25.1	25.8	4434500
8/31/2016	25.4	25.5	25.25	25.45	1772600
8/30/2016	25.3	25.85	24.8	25.65	4110800
8/26/2016	25.65	25.65	24.6	25.35	4527300
8/25/2016	24	25.75	24	25.65	5051600
8/24/2016	24.8	24.85	24	24	1583500
8/23/2016	25.1	25.15	24.8	24.8	1379300
8/22/2016	25.2	25.4	25	25.15	544600
8/19/2016	25.5	25.6	25.1	25.2	840500
8/18/2016	24.95	25.6	24.95	25.6	2979900
8/17/2016	25.2	25.75	24.9	24.9	5292900
8/16/2016	25	25.2	24.8	25.1	1281500
8/15/2016	24.85	25.05	24.8	25	993000
8/12/2016	25	25.1	24.75	24.85	1440000
8/11/2016	25.1	25.1	24.5	25	4225000
8/10/2016	25.1	25.35	24.9	24.9	1218200
8/9/2016	25	25.3	25	25.1	1533400
8/8/2016	25	25.2	24.9	24.95	1103600
8/5/2016	24.75	24.95	24.55	24.7	1471500
8/4/2016	24.3	24.95	24.3	24.75	2333100
8/3/2016	25.35	25.35	24.3	24.3	4367800
8/2/2016	25.75	25.8	24.95	25.4	2525600
8/1/2016	25.8	25.8	25.6	25.75	1212500
7/29/2016	26	26.05	25.4	25.9	1438500
7/28/2016	25.9	26	25.15	26	2366500
7/27/2016	26	26	25.8	25.9	1348600
7/26/2016	25.6	26	25.55	25.9	5692200
7/25/2016	26.15	26.6	25.5	25.5	4151800
7/22/2016	26	26.6	25.8	26.05	4102100
7/21/2016	25.25	26.25	25.25	26	6858900
7/20/2016	25.4	25.4	25.15	25.25	3151400
7/19/2016	24.75	25.5	24.75	25.2	3815700
7/18/2016	24.85	25.1	24.5	24.75	3887300
7/15/2016	24.9	25.05	24.5	24.5	2819200
7/14/2016	25.1	25.2	24.8	24.85	1306600
7/13/2016	24.9	25.45	24.85	24.9	6425100
7/12/2016	24.35	25	24.35	24.7	8991800
7/11/2016	24.55	25	24.1	24.3	3430500
7/8/2016	24.35	24.7	24.05	24.05	1645700
7/7/2016	25	25	24.3	24.35	3438600
7/5/2016	24.85	25.15	24.75	25	2751500
7/4/2016	24.8	25.5	24.7	24.85	4153100
7/1/2016	25.1	25.25	24.8	24.8	2713000
6/30/2016	25.2	25.5	24	24.9	5242900
6/29/2016	25	25.1	24.9	25	6710500
6/28/2016	25.3	25.3	24.5	24.65	2988200
6/27/2016	24.3	25.5	23.3	25.3	4046200
6/24/2016	24.9	25.45	24	24.4	11761800
6/23/2016	24.95	26	24.9	24.9	12584400
6/22/2016	23.55	24.9	23.45	24.9	17832301
6/21/2016	22.75	23.05	22.7	22.9	3206300
6/20/2016	22.2	22.55	22.2	22.5	563700
6/17/2016	22.4	22.85	22.1	22.15	2353900
6/16/2016	22.1	22.4	22.1	22.15	620600
6/15/2016	22	22.5	21.95	22	1642100
6/14/2016	22.6	22.6	21.9	22	1180600
6/13/2016	22.55	22.65	22.2	22.4	2184100
6/10/2016	22.5	23	22.5	22.55	3070500
6/9/2016	22.9	23	22.5	22.5	3862700
6/8/2016	23.1	23.25	22.9	22.9	3198600
6/7/2016	23	23.5	22.9	23	4919000
6/6/2016	23	23	22.75	22.8	2371800
6/3/2016	22.9	23	22.55	22.7	3028600
6/2/2016	23.05	23.1	22.75	22.75	3623900
6/1/2016	22.5	23.05	22.5	23	1836700
5/31/2016	23	23.5	22.3	22.3	4115000
5/30/2016	22.5	23.1	22.5	23	5329900
5/27/2016	21.55	23.2	21.55	22.45	10364000
5/26/2016	21.4	21.7	21.4	21.5	1205800
5/25/2016	21.75	21.9	21.2	21.2	2796000
5/24/2016	21.7	21.8	21.5	21.7	1354700
5/23/2016	21.65	21.7	21.25	21.7	536200
5/20/2016	21.5	21.6	20.9	21.6	1205500
5/19/2016	22.25	22.3	21.3	21.4	3308100
5/18/2016	22.1	22.3	21.85	22.25	1391600
5/17/2016	22.1	22.3	21.95	22.05	5832700
5/16/2016	21.4	22.35	21.4	21.9	6579400
5/13/2016	21	21.5	21	21.35	3922600
5/12/2016	21.15	21.2	20.95	21	2575300
5/11/2016	20.65	21.2	20.65	21.15	2198500
5/10/2016	19.64	20.6	19.64	20.5	2271200
5/6/2016	19.64	19.68	19.5	19.64	3014000
5/5/2016	19.58	20	19.58	19.6	1826200
5/4/2016	19.8	19.86	19.54	19.58	1722800
5/3/2016	19.58	20	19.58	19.58	1334400
5/2/2016	20.3	20.3	19.48	19.52	3444800
4/29/2016	20.6	20.6	20.25	20.25	2694200
4/28/2016	20.75	21	20.6	20.6	1649300
4/27/2016	20.9	21.1	20.55	20.65	3045800
4/26/2016	20.8	21	20.75	20.9	1220100
4/25/2016	20.95	21.05	20.65	20.75	2313500
4/22/2016	21.15	21.15	20.8	20.9	1328400
4/21/2016	21	21.25	21	21.15	1937800
4/20/2016	21.9	21.9	20.9	21	5091400
4/19/2016	21.9	22	21.7	21.85	1441900
4/18/2016	21.5	22	21.5	21.9	2124200
4/15/2016	22.5	22.55	21.6	21.6	4044800
4/14/2016	22.6	22.7	22.45	22.5	1888000
4/13/2016	22.35	22.7	22.25	22.25	3218000
4/12/2016	22.6	22.65	22.15	22.3	868400
4/11/2016	22	22.75	21.9	22.5	4678200
4/8/2016	21.7	21.85	21.5	21.85	2657800
4/7/2016	21.6	22	21.6	21.7	2476600
4/6/2016	21.8	22	21.25	21.6	3048700
4/5/2016	22.4	22.4	21.25	21.75	3827200
4/4/2016	22.5	22.75	22.35	22.35	819800
4/1/2016	22.15	22.8	22	22.5	4262900
3/31/2016	22.4	22.8	21.8	22.15	2377000
3/30/2016	21.85	22.6	21.8	22.3	5904700
3/29/2016	21.55	22.2	21.5	21.8	4308500
3/28/2016	21.15	21.6	20.95	21.4	4213000
3/23/2016	20.85	21.5	20.7	20.9	3959300
3/22/2016	20.9	21.25	20.4	20.75	5684100
3/21/2016	21.25	21.45	20.75	20.75	3595000
3/18/2016	21.4	21.55	20.85	20.85	5354300
3/17/2016	21.25	21.65	20.85	20.85	1654600
3/16/2016	21.45	21.45	20.8	20.9	4474000
3/15/2016	21.65	21.7	20.95	21.5	2627400
3/14/2016	22	22.2	21.2	21.2	2403600
3/11/2016	21.25	22.05	21.25	21.9	6629500
3/10/2016	20	21.4	20	21.25	9128700
3/9/2016	19.68	20.15	19.68	19.9	4314400
3/8/2016	20.5	20.5	19.4	19.68	5083800
3/7/2016	20.4	20.55	19.9	20	3121000
3/4/2016	20.45	20.5	19.94	19.96	1709600
3/3/2016	20.35	20.8	20	20	3632700
3/2/2016	20.4	20.6	20.15	20.35	4203700
3/1/2016	19.8	20.4	19.58	20.4	1641300
2/29/2016	20.25	20.8	19.5	19.8	1648200
2/26/2016	20.15	20.5	20	20.2	684900
2/24/2016	20.5	20.75	20.15	20.25	2000900
2/23/2016	21.15	21.5	20.2	20.5	3871400
2/22/2016	21.1	21.75	20.5	21	6467500
2/19/2016	20.25	21.2	19.52	21.1	13658500
2/18/2016	18.8	20.3	18.8	20.3	15899200
2/17/2016	18.78	19	18.7	18.7	6909700
2/16/2016	18.1	18.86	18.1	18.7	9566500
2/15/2016	17.7	18.1	17.7	18	7025700
2/12/2016	18	18.08	17.66	17.68	4355700
2/11/2016	18.24	18.3	17.96	18.04	2860800
2/10/2016	18.4	18.4	18.2	18.24	1020700
2/9/2016	18.9	18.9	18.4	18.4	1506600
2/5/2016	19	19	18.68	18.9	4301200
2/4/2016	18.36	19.2	18.36	18.92	16395600
2/3/2016	18.36	18.4	18.1	18.3	12091200
2/2/2016	18.6	18.64	18.3	18.36	1191800
2/1/2016	18.68	18.9	18.28	18.4	4140700
1/29/2016	18.54	18.54	17.98	18.4	4217000
1/28/2016	18.6	18.74	18.28	18.28	4390700
1/27/2016	18.3	18.6	18.28	18.6	2795500
1/26/2016	18.08	18.7	17.76	18.12	3564700
1/25/2016	18.12	18.88	18.1	18.1	7258300
1/22/2016	18.24	18.24	17.6	17.9	8411300
1/21/2016	18.28	18.6	18	18.24	1985900
1/20/2016	18.5	18.62	18.18	18.26	2161300
1/19/2016	19.06	19.2	18.12	18.5	6780300
1/18/2016	19.02	19.28	19	19.06	2496300
1/15/2016	20.15	20.8	19.36	19.38	5200600
1/14/2016	20.45	20.7	20	20	1081000
1/13/2016	20.2	20.7	20.2	20.45	1562100
1/12/2016	20.4	20.8	20.1	20.15	3266700
1/11/2016	21.1	21.2	20.1	20.4	4005200
1/8/2016	21.4	21.75	21	21.1	2619000
1/7/2016	22.3	22.3	21.5	21.5	1372400
1/6/2016	22.15	22.65	22.15	22.3	686400
1/5/2016	22.25	22.4	21.95	22.15	1030500
1/4/2016	22.6	22.6	21.9	22.15	1786800
12/29/2015	22.7	22.7	22.5	22.6	986500
12/28/2015	22.4	22.75	22.4	22.7	611700
12/23/2015	22.7	22.8	22.15	22.4	1731300
12/22/2015	22.8	22.95	22.25	22.25	1614000
12/21/2015	22.25	22.95	22.25	22.8	535600
12/18/2015	22.45	22.7	22.1	22.2	1828100
12/17/2015	22.7	23.25	22.5	22.5	1840100
12/16/2015	22.45	22.65	22	22.45	3904700
12/15/2015	22.1	22.65	22.05	22.45	881200
12/14/2015	21.8	22	21.3	22	2052900
12/11/2015	23.2	23.4	22	22	4366600
12/10/2015	24	24.25	23	23.1	529200
12/9/2015	23.7	24.5	23.65	23.85	1017000
12/8/2015	24.4	24.4	23.45	23.65	799700
12/7/2015	24.5	24.55	24.25	24.4	1506300
12/4/2015	24.5	24.5	24	24.3	1667200
12/3/2015	24.7	24.8	23.75	24.5	2060900
12/2/2015	23.8	24.7	23.75	24.7	2960000
12/1/2015	22.55	23.8	22.55	23.7	2780000
11/27/2015	22.75	23	22.5	22.5	2557800
11/26/2015	22.95	23	22.5	22.55	1615300
11/25/2015	23	23	22.6	22.75	1983200
11/24/2015	23.3	23.5	22.8	22.9	809500
11/23/2015	22.55	23.4	22.55	23.2	2183000
11/20/2015	21.9	22.45	21.9	22.2	1528700
11/17/2015	22.5	22.95	21.8	21.8	3045900
11/16/2015	23	23	22.1	22.1	1274600
11/13/2015	23.3	23.4	22.75	23	1181600
11/12/2015	23.5	23.7	22.9	23	3253300
11/11/2015	23.95	24.15	23	23	1632000
11/10/2015	23.75	24.3	23.7	23.7	753900
11/9/2015	24.25	24.85	23.6	23.75	872500
11/6/2015	25	25.3	24.2	24.2	2959900
11/5/2015	25.5	25.5	24.95	25	2248500
11/4/2015	25.95	25.95	25.2	25.2	2161000
11/3/2015	26	26.05	25.5	25.9	1248400
11/2/2015	25.45	25.95	25	25.95	1316200
10/30/2015	25.5	25.5	25	25.3	2121200
10/29/2015	26.1	26.45	25.35	25.5	1952800
10/28/2015	26.5	26.5	25.6	26	1468100
10/27/2015	26.5	26.65	26.2	26.5	575200
10/26/2015	26.75	27	26.6	26.6	2126700
10/23/2015	26.25	26.7	26.25	26.7	1725400
10/22/2015	26.1	26.5	25.5	26.2	1686900
10/21/2015	26.25	26.75	25.9	26	1752000
10/20/2015	25.3	26.3	25.3	26.25	4084000
10/19/2015	24.55	25.2	24.4	25.2	4108500
10/16/2015	23.5	24.75	23.4	24.55	7743000
10/15/2015	23.7	23.7	23.2	23.3	544000
10/14/2015	24	24.1	23.05	23.1	2998400
10/13/2015	24.65	24.7	23.75	24	807500
10/12/2015	24	24.75	23.7	24.65	3543300
10/9/2015	23.65	24.15	23.4	23.4	2408200
10/8/2015	23.8	24	23.3	23.4	1911000
10/7/2015	23.95	23.95	23.45	23.75	4468800
10/6/2015	23	23.9	23	23.35	3055200
10/5/2015	22.05	22.9	22	22.7	3407200
10/2/2015	22.6	22.6	21.9	21.9	3398900
10/1/2015	22.5	22.7	22.25	22.25	2755000
9/30/2015	22.75	22.75	22.05	22.15	2559300
9/29/2015	22.05	23.3	21.95	22.95	2046300
9/28/2015	22.75	22.75	22.05	22.05	1297500
9/24/2015	23.25	23.25	22.5	22.6	1485200
9/23/2015	23	23	22.6	22.6	1374600
9/22/2015	23.7	23.95	22.9	22.95	2204800
9/21/2015	24.1	24.1	23.3	23.5	964100
9/18/2015	24	24.75	23.95	24	5509600
9/17/2015	23.65	24.25	23.6	23.9	3240100
9/16/2015	23.75	24	23.4	23.5	2753600
9/15/2015	22.2	23.7	22.1	23.7	4899900
9/14/2015	22	22.4	21.55	22	3746100
9/11/2015	22.45	22.95	21.9	21.9	1612200
9/10/2015	23.5	23.5	22.4	22.45	1512400
9/9/2015	23.05	23.8	23.05	23.4	2310800
9/8/2015	23	23	22.8	22.9	1950100
9/7/2015	23.4	23.5	22.85	23	2439100
9/4/2015	23.95	23.95	23.35	23.4	1558900
9/3/2015	23.7	24	23	24	784900
9/2/2015	23.7	23.8	23.15	23.8	784600
9/1/2015	23.6	23.95	23.6	23.8	4171800
8/28/2015	23.7	23.8	23.15	23.35	2266000
8/27/2015	23.4	23.8	23.1	23.35	2948500
8/26/2015	22	23.5	22	22.9	5296400
8/25/2015	21.5	22	21.3	21.6	2046700
8/24/2015	23.25	23.25	21.3	22	5101500
8/20/2015	24.45	24.5	23.75	23.75	2748600
8/19/2015	24.55	24.75	24.35	24.4	1688700
8/18/2015	24.75	25.15	24.5	24.55	1229100
8/17/2015	25.6	25.6	24.75	24.75	2027200
8/14/2015	26	26	25.6	25.6	1698900
8/13/2015	26	26	25.3	25.4	1766600
8/12/2015	26	26	25.75	25.75	2991500
8/11/2015	26.1	26.25	26	26	1770900
8/10/2015	26.1	26.5	25.8	25.8	1687300
8/7/2015	26.45	26.7	25.85	25.9	3127400
8/6/2015	26.85	26.85	26.1	26.1	1978200
8/5/2015	26.95	27	26.55	26.75	6258700
8/4/2015	26.5	27	26.5	26.95	1198400
8/3/2015	26.05	26.55	26.05	26.5	1853600
7/31/2015	26.3	26.3	25.85	25.85	846500
7/30/2015	26.45	26.7	26	26.1	2131000
7/29/2015	26.5	27	26.15	26.45	5051800
7/28/2015	27.1	27.1	26.3	26.45	5029600
7/27/2015	27.4	27.4	27	27.1	1374500
7/24/2015	27.5	27.8	27.2	27.3	1663300
7/23/2015	27.7	28.15	27.45	27.5	7594700
7/22/2015	26	27.5	26	27.5	5909300
7/21/2015	25.75	26.1	25.75	26	1717800
7/20/2015	25.6	25.95	25.5	25.75	2792500
7/16/2015	25.4	25.6	25.35	25.45	4580700
7/15/2015	25.2	25.45	25.2	25.25	6224900
7/14/2015	25.1	25.3	25.05	25.15	875100
7/13/2015	24.9	25	24.7	24.85	6466700
7/10/2015	24.95	25.7	24.8	24.85	3587600
7/9/2015	24.9	24.9	24.5	24.75	4926800
7/8/2015	25.6	25.9	24.95	24.95	4261300
7/7/2015	26.1	26.25	25.55	25.55	2239200
7/6/2015	26.5	26.5	25.8	26	1065200
7/3/2015	26.7	26.8	26.15	26.15	769000
7/2/2015	26.5	27.1	26	26.6	5113700
7/1/2015	26.2	26.5	25.6	26.5	2677400
6/30/2015	24.6	27	24.3	27	5836400
6/29/2015	25	25	24.65	24.65	3286000
6/26/2015	25.5	25.6	25	25	1598900
6/25/2015	25.6	25.6	25.3	25.5	2086900
6/24/2015	25.65	25.7	25.5	25.6	3548100
6/23/2015	25.5	25.65	25.4	25.4	3267000
6/22/2015	25.95	25.95	25.25	25.35	3266600
6/19/2015	25.5	25.6	25.3	25.35	2816200
6/18/2015	25.7	25.7	25	25.35	3850300
6/17/2015	25.65	25.65	25.1	25.5	1506000
6/16/2015	25.65	25.8	25.15	25.15	3470300
6/15/2015	25	25.45	25	25.3	3282700
6/11/2015	25.4	25.85	25	25	1947200
6/10/2015	25.15	25.55	24.85	25.35	1621500
6/9/2015	26.1	26.3	24.75	25	3897400
6/8/2015	26.65	26.65	26.05	26.1	1457100
6/5/2015	26.5	26.75	26	26.7	3204100
6/4/2015	26.5	26.7	26.25	26.6	2071000
6/3/2015	26.4	26.4	25.8	26	4160200
6/2/2015	26.8	26.8	26.25	26.4	1909200
6/1/2015	26.95	26.95	25.9	26.75	4276800
5/29/2015	26	26.95	26	26.95	5988500
5/28/2015	26	26.15	25.45	26	6387900
5/27/2015	26.8	26.95	25.55	25.55	8010300
5/26/2015	26.75	27	26.3	26.7	4519900
5/25/2015	27.05	27.5	26.65	26.65	2284900
5/22/2015	27	27.3	26.85	27	6541300
5/21/2015	27.25	27.25	26.75	26.85	2738700
5/20/2015	27.5	27.5	27.1	27.25	4512500
5/19/2015	27.8	27.8	27.05	27.05	3366600
5/18/2015	27.95	28	27.3	27.8	3174100
5/15/2015	27.75	27.95	27.7	27.8	1862500
5/14/2015	27.25	27.8	27.15	27.3	9844500
5/13/2015	27.25	27.3	27	27.15	3342200
5/12/2015	27.1	27.35	26.65	27.25	2029000
5/11/2015	27.65	28	26.9	27.1	4387500
5/8/2015	28.55	28.55	27.55	27.55	7370300
5/7/2015	28.3	28.5	27.9	28.5	3505700
5/6/2015	28.75	28.75	28.25	28.55	2719700
5/5/2015	28.3	28.85	28.15	28.75	3196600
5/4/2015	28.1	28.35	27.8	28	4207200
4/30/2015	28.3	28.3	27.85	28.1	4729500
4/29/2015	28.15	28.35	27.9	28.3	1632000
4/28/2015	28.5	28.5	27.8	28.15	2693200
4/27/2015	28.55	28.65	28.1	28.4	3691600
4/24/2015	27.65	28.65	27.65	28.55	6322900
4/23/2015	27.7	28.05	27.45	27.45	6227800
4/22/2015	28.2	28.2	27.3	27.5	6335000
4/21/2015	28.55	28.9	27.75	27.8	4909100
4/20/2015	28.95	28.95	27.95	28.5	2089400
4/17/2015	28.4	29	28.4	28.95	2655200
4/16/2015	28.3	28.4	27.35	28.3	10873500
4/15/2015	29.3	29.3	27.9	28.3	6606400
4/14/2015	29.3	29.4	29	29.3	2796500
4/13/2015	29.55	29.8	29.25	29.4	6665800
4/10/2015	30.05	30.3	29.4	29.55	5005100
4/8/2015	30.5	30.5	29.8	30	1993300
4/7/2015	30.95	30.95	30.2	30.5	2128500
4/6/2015	30.9	31.3	30.05	30.95	5286800
4/1/2015	30.5	30.95	30.3	30.95	5353100
3/31/2015	30.4	30.75	30.35	30.5	5427300
3/30/2015	30	30.45	29.85	30.4	2767700
3/27/2015	29.75	30.2	29.45	30.2	3669400
3/26/2015	28.95	29.65	28.85	29.5	1609700
3/25/2015	29.05	29.2	28.75	28.95	3059300
3/24/2015	29.5	29.5	29.05	29.05	1870100
3/23/2015	29.2	29.7	29.2	29.5	1395900
3/20/2015	29.8	29.9	29	29.1	2853300
3/19/2015	29.5	29.8	29.2	29.3	3016500
3/18/2015	29.7	29.75	29.4	29.4	2382100
3/17/2015	29.6	29.75	29.5	29.55	2279000
3/16/2015	29.65	29.75	29.2	29.45	3305300
3/13/2015	29.65	30.2	29.5	29.6	3240100
3/12/2015	29.9	30.05	28.95	29.5	6444700
3/11/2015	30.3	30.3	29.35	29.85	11881700
3/10/2015	30.5	30.9	30.4	30.55	1664700
3/9/2015	30.9	30.95	29.9	30.5	3913700
3/6/2015	30.35	30.95	30.35	30.8	4190700
3/5/2015	30.1	30.6	30	30.3	2080900
3/4/2015	30.45	30.5	30	30.2	1668100
3/3/2015	29.7	30.85	29.7	30.15	9620400
3/2/2015	29.25	29.85	29.2	29.5	5162600
2/27/2015	29.2	29.45	28.9	29.15	1180800
2/26/2015	29	29.45	28.95	29.2	4426100
2/25/2015	29.25	29.25	28.95	29	3685200
2/24/2015	29	29.35	28.95	29	4442500
2/23/2015	29.2	29.45	28.8	29	4304400
2/20/2015	29.25	29.25	28.55	29	5833900
2/18/2015	28.95	29.45	28.8	29	3803400
2/17/2015	29	29.25	28.75	28.85	7249900
2/16/2015	29.3	29.5	28.6	28.65	6012500
2/13/2015	28.45	29.5	28.45	29.15	13616800
2/12/2015	28.3	28.9	27.9	28.15	7544500
2/11/2015	28.9	29.25	27.85	28.15	6000800
2/10/2015	28.95	29.75	28.45	28.7	10568500
2/9/2015	29.3	29.3	28.5	28.7	7309400
2/6/2015	30.05	30.45	28.8	29	8792100
2/5/2015	30.6	30.8	29.55	29.65	9770200
2/4/2015	30.95	31.25	30.3	30.45	4930500
2/3/2015	30.4	31.35	30.05	30.05	4398700
2/2/2015	31.1	31.1	29.8	30.35	4097100
1/30/2015	30.9	31.6	30.9	31.1	3481500
1/29/2015	31.5	31.8	30.7	30.85	8132700
1/28/2015	29.75	31.5	29.75	31.2	14673100
1/27/2015	29.5	29.9	28.9	29.5	18038100
1/26/2015	29.4	30	28.6	28.6	13512400
1/23/2015	27.7	29.5	27.7	29.25	17386400
1/22/2015	26.5	27.5	26.15	27.4	16265100
1/21/2015	25.9	26.7	25.7	26.15	10511300
1/20/2015	26.25	26.45	25.8	26	3549900
1/19/2015	26.2	26.4	25.5	26.25	1706700
1/14/2015	26.1	26.5	26.1	26.2	12319800
1/13/2015	26.2	26.3	26	26.05	2446500
1/12/2015	26.35	26.5	26.3	26.35	1099300
1/9/2015	26.6	26.65	26.3	26.35	1591800
1/8/2015	26.65	26.7	26.2	26.5	961600
1/7/2015	26.65	26.8	26.2	26.5	1872500
1/6/2015	26	26.8	25.9	26.2	3952200
1/5/2015	25.65	26.15	25.4	26	1164800