GTCAP 1216

12/27/2019	845	881	845	847	197790
12/26/2019	852	879	845	879	66230
12/23/2019	838	855	824.5	854	105950
12/20/2019	814	839	783	839	272850
12/19/2019	825	826	811	814.5	157670
12/18/2019	830	840	824	824	108630
12/17/2019	856	869.5	828	830	89210
12/16/2019	890	897	856	856	83200
12/13/2019	895	898	883	895	114250
12/12/2019	874	895	872	891	99120
12/11/2019	873	884.5	873	874	27300
12/10/2019	895	895	873	873	25150
12/9/2019	900	900	890.5	900	67700
12/6/2019	902	902	881	900	97710
12/5/2019	893.5	900	891	895	45140
12/4/2019	898	904	893.5	899	66410
12/3/2019	905	905	894.5	900	51160
12/2/2019	899	904	894	899.5	54970
11/29/2019	880	895.5	880	894.5	81560
11/28/2019	875	895.5	875	893.5	35410
11/27/2019	878	890	872.5	880	61490
11/26/2019	882	882	872	878	285090
11/25/2019	871.5	892.5	871	880	40760
11/22/2019	876.5	895	874	894	85660
11/21/2019	890	890	871.5	876.5	74390
11/20/2019	890	898.5	885	891	47390
11/19/2019	882	900	882	900	77700
11/18/2019	900	900	876	890	20230
11/15/2019	898	900.5	889	900	106100
11/14/2019	899.5	899.5	881.5	890	36320
11/13/2019	903	903	871	902	75210
11/12/2019	890	909.5	875	904	47340
11/11/2019	900	901.5	880	890	64800
11/8/2019	898	900	890	900	42630
11/7/2019	914	914	897	901	34240
11/6/2019	910	914	900.5	905	66850
11/5/2019	905	914	890.5	910	106710
11/4/2019	894	905	892.5	905	39970
10/31/2019	892	896	875	894	84230
10/30/2019	888	896.5	873.5	893.5	67440
10/29/2019	867	888	866	888	59110
10/28/2019	880	880	865.5	870	40770
10/25/2019	879	881.5	876	880	54550
10/24/2019	869	875	865.5	870	38850
10/23/2019	880	880	863	869.5	57600
10/22/2019	860	890	857	880	110120
10/21/2019	873	875	860	865	32930
10/18/2019	864.5	874	860.5	873	44320
10/17/2019	862	862.5	855.5	862	152000
10/16/2019	853	862.5	850.5	860	109870
10/15/2019	849	864.5	840	853	64570
10/14/2019	848	865	844	849	52960
10/11/2019	840.5	852	839.5	844	112300
10/10/2019	834	847	833	840	23640
10/9/2019	855	855	834	834	26130
10/8/2019	840	860	840	850	60900
10/7/2019	840	848.5	837	846	38300
10/4/2019	830	840.5	826	840	19090
10/3/2019	830	830	826.5	828	46620
10/2/2019	843	843	830	835	74500
10/1/2019	840	847	836.5	844	30840
9/30/2019	838	847.5	835	842	86750
9/27/2019	841	860	836	836	16850
9/26/2019	833	848	833	841	85970
9/25/2019	845	860	825.5	833	159460
9/24/2019	860	861	845	845	143650
9/23/2019	885	885	851.5	860	117640
9/20/2019	892	900	880	880	206310
9/19/2019	885.5	885.5	871.5	880	117160
9/18/2019	897	897	886	890	73850
9/17/2019	907	917.5	889.5	898	89670
9/16/2019	920	920	900.5	919	70760
9/13/2019	930	930	912	920	124050
9/12/2019	921	930	921	929.5	73550
9/11/2019	920.5	935	919.5	930	214320
9/10/2019	921	935	917	930	207890
9/9/2019	900.5	923	900	921	84240
9/6/2019	912.5	915	900	900	116000
9/5/2019	913	917.5	901.5	912.5	111590
9/4/2019	904.5	917	898	915	109470
9/3/2019	912	917.5	897	912	41820
9/2/2019	910	915	885.5	910	80970
8/30/2019	891	914	890	908	210620
8/29/2019	868	890	865	890	169010
8/28/2019	853.5	881	853	881	56800
8/27/2019	860	866.5	851	853.5	276540
8/23/2019	850	866.5	850	864	93980
8/22/2019	874	874.5	850	856.5	274780
8/20/2019	883.5	888.5	865	888.5	73420
8/19/2019	870	884	852.5	884	119130
8/16/2019	865	881	863	870	151840
8/15/2019	849.5	875	830	864.5	117910
8/14/2019	855	898	849	858	234250
8/13/2019	882	882	850	855	107210
8/9/2019	900	903	882	882	45740
8/8/2019	909.5	918	885	900	80140
8/7/2019	884	909.5	883	909.5	187720
8/6/2019	892	898	872	887	200700
8/5/2019	919.5	919.5	900	903.5	107380
8/2/2019	920	928.5	898	928.5	119260
8/1/2019	926	926	913	921	50240
7/31/2019	953	953	927	927	86960
7/30/2019	960	963.5	950	955	80030
7/29/2019	965	968	941	967	91620
7/26/2019	967	969	939	969	162730
7/25/2019	924	972	908.5	972	147020
7/24/2019	915	936.5	910	924	256130
7/23/2019	910	929	909.5	924	124180
7/22/2019	908	918.5	908	910	75940
7/19/2019	930	935	917.5	920	74370
7/18/2019	914	930	914	930	120300
7/17/2019	915	922.5	910	910.5	49530
7/16/2019	907.5	932	900.5	923	191200
7/15/2019	900	910	895	908	128340
7/12/2019	881	901	881	900	317720
7/11/2019	850	877	850	875	152630
7/10/2019	846	850	835	845	84920
7/9/2019	840	858	840	846	112940
7/8/2019	859	866	840	840	55180
7/5/2019	878	878	855	855	65630
7/4/2019	870	875.5	865	865	41270
7/3/2019	861	893.5	856	869	107320
7/2/2019	856.481	865.741	853.704	856.481	62402.40107
7/1/2019	870.37	875.926	853.704	853.704	47865.60082
6/28/2019	870.37	874.074	854.63	870.37	48243.60083
6/27/2019	851.852	870.37	850.926	870.37	66592.80115
6/26/2019	850.926	852.315	835.185	851.852	85384.80147
6/25/2019	871.296	871.296	843.519	852.315	139017.6024
6/24/2019	887.963	887.963	871.296	871.296	82695.60142
6/21/2019	879.63	889.815	863.889	889.815	201808.8035
6/20/2019	851.852	888.889	834.259	888.889	138888.0024
6/19/2019	805.556	851.852	805.556	851.852	220136.4038
6/18/2019	787.5	814.815	787.5	814.815	273596.4047
6/17/2019	810.185	814.352	787.5	787.5	38750.40067
6/14/2019	811.574	814.815	798.611	810.185	110311.2019
6/13/2019	815.741	815.741	792.13	799.074	80697.60139
6/11/2019	825.926	832.407	817.593	819.444	45997.20079
6/10/2019	812.963	827.778	805.556	826.852	47174.40081
6/7/2019	797.222	813.889	794.907	813.889	29019.6005
6/6/2019	805.556	805.556	787.037	797.222	83494.80144
6/4/2019	805.556	808.796	791.667	794.444	79779.60137
6/3/2019	803.241	817.13	800	800.926	98096.40169
5/31/2019	808.333	822.222	799.074	799.074	127396.8022
5/30/2019	810.185	820.37	805.556	807.407	55166.40095
5/29/2019	800.926	814.815	800.926	807.407	50414.40087
5/28/2019	833.333	833.333	799.537	799.537	339238.8058
5/27/2019	818.056	842.593	811.111	834.259	146664.0025
5/24/2019	819.444	819.444	796.296	818.056	82231.20141
5/23/2019	814.815	825.463	803.704	819.444	90914.40156
5/22/2019	803.704	814.815	787.963	814.815	71010.00122
5/21/2019	787.037	802.778	778.241	787.5	50770.80087
5/20/2019	775.926	787.037	759.259	787.037	85989.60148
5/17/2019	741.204	777.778	740.741	759.259	106736.4018
5/16/2019	739.352	744.907	737.963	741.204	130053.6022
5/15/2019	756.019	761.111	737.963	737.963	122644.8021
5/14/2019	785.185	785.185	750.463	754.63	204454.8035
5/10/2019	782.407	800.926	782.407	787.037	338925.6058
5/9/2019	796.296	799.074	782.407	782.407	421243.2072
5/8/2019	824.074	825	791.667	791.667	114004.802
5/7/2019	823.148	839.352	809.722	832.407	68655.60118
5/6/2019	828.704	831.019	810.185	822.222	90514.80156
5/3/2019	812.963	831.481	812.037	824.074	445273.2077
5/2/2019	800.926	813.426	800.926	812.963	63266.40109
4/30/2019	802.315	813.889	793.519	800.926	121575.6021
4/29/2019	800.926	824.074	796.296	800.926	465447.608
4/26/2019	789.815	812.037	789.352	796.296	63061.20108
4/25/2019	788.889	804.167	767.13	788.889	557820.0096
4/24/2019	787.037	801.389	785.185	787.963	56300.40097
4/23/2019	793.056	793.056	787.037	787.037	61970.40107
4/22/2019	798.148	798.611	789.352	793.056	463255.208
4/17/2019	795.37	805.093	795.37	798.148	182800.8031
4/16/2019	807.407	810.185	789.815	794.907	175100.403
4/15/2019	805.556	810.185	793.519	793.519	119642.4021
4/12/2019	808.333	817.13	801.852	805.556	49377.60085
4/11/2019	833.333	833.796	801.852	801.852	181634.4031
4/10/2019	837.963	842.13	824.074	833.333	219596.4038
4/8/2019	830.556	837.963	819.907	823.611	125344.8022
4/5/2019	825.926	850.926	825	829.63	33760.80058
4/4/2019	833.333	841.667	815.741	825.463	168145.2029
4/3/2019	824.074	840.278	824.074	833.333	89434.80154
4/2/2019	849.074	849.074	819.444	824.074	134470.8023
4/1/2019	868.519	877.778	830.556	847.222	234716.404
3/29/2019	906.481	908.333	862.5	862.5	235256.404
3/28/2019	896.296	907.407	883.796	907.407	77403.60133
3/27/2019	915.741	915.741	879.63	888.426	154062.0026
3/26/2019	934.259	945.37	912.5	918.519	103253.4018
3/25/2019	958.333	958.333	920.37	935.185	139282.2024
3/22/2019	952.778	962.963	950	962.963	106196.4018
3/21/2019	938.889	952.778	938.889	950.926	77430.60133
3/20/2019	925.926	942.593	925	942.593	145497.6025
3/19/2019	927.778	927.778	921.759	925.926	75416.4013
3/18/2019	921.296	925.926	909.259	921.296	255981.6044
3/15/2019	925.926	927.778	901.852	921.296	360444.6062
3/14/2019	919.444	929.63	910.185	925.926	167454.0029
3/13/2019	912.037	921.296	902.315	919.907	76928.40132
3/12/2019	893.519	922.222	893.519	902.315	213775.2037
3/11/2019	919.444	919.444	888.889	893.519	168901.2029
3/8/2019	924.074	925.926	917.13	919.444	122623.2021
3/7/2019	912.963	924.074	905.556	924.074	56084.40096
3/6/2019	868.519	903.704	865.278	902.778	138304.8024
3/5/2019	888.426	888.889	856.481	868.519	120495.6021
3/4/2019	867.593	885.185	861.574	875	90730.80156
3/1/2019	870.37	895.833	851.852	861.111	204174.0035
2/28/2019	893.519	909.259	870.833	884.259	245905.2042
2/27/2019	925	939.815	882.87	884.259	115214.402
2/26/2019	937.963	958.333	916.667	924.537	89380.80154
2/22/2019	958.333	961.111	916.667	927.778	63131.40109
2/21/2019	944.444	958.333	932.407	958.333	130491.0022
2/20/2019	925.926	949.074	925.926	943.519	89791.20154
2/19/2019	925.926	934.259	924.074	925.926	91627.20158
2/18/2019	916.667	930.556	914.815	925.926	134805.6023
2/15/2019	925.926	925.926	908.333	916.667	345389.4059
2/14/2019	981.481	981.481	944.444	944.444	85109.40146
2/13/2019	990.741	990.741	961.111	970.37	143758.8025
2/12/2019	996.296	1000.926	974.074	990.741	112460.4019
2/11/2019	1013.889	1013.889	1000	1009.259	35013.6006
2/8/2019	1009.259	1025.926	1009.259	1013.889	53551.80092
2/7/2019	1045.37	1045.37	1018.519	1018.519	141555.6024
2/6/2019	1037.037	1047.222	1032.407	1045.37	88765.20153
2/4/2019	1024.074	1037.037	1000	1037.037	56943.00098
2/1/2019	987.037	1036.111	987.037	1036.111	160390.8028
1/31/2019	945.37	988.889	945.37	987.963	114042.602
1/30/2019	962.963	979.63	944.444	953.704	130161.6022
1/29/2019	958.333	970.37	951.852	962.963	143251.2025
1/28/2019	957.407	972.222	949.074	958.333	101239.2017
1/25/2019	962.963	971.296	944.444	944.444	46164.60079
1/24/2019	947.222	971.296	941.667	962.963	78337.80135
1/23/2019	958.333	962.037	930.556	962.037	66841.20115
1/22/2019	962.037	967.593	946.296	967.593	71101.80122
1/21/2019	962.963	972.222	946.296	960.185	64713.60111
1/18/2019	941.667	980.556	928.704	972.222	196160.4034
1/17/2019	925.926	942.593	925.926	942.593	113297.4019
1/16/2019	925.926	935.185	915.278	932.407	109090.8019
1/15/2019	928.704	928.704	910.185	916.667	118881.002
1/14/2019	919.907	929.63	900.463	929.63	144039.6025
1/11/2019	944.444	944.444	916.667	924.537	115214.402
1/10/2019	939.815	944.444	930.556	944.444	96757.20166
1/9/2019	907.407	936.111	898.611	933.333	166330.8029
1/8/2019	913.889	925.926	890.278	890.278	45370.80078
1/7/2019	921.296	944.444	912.963	912.963	120312.0021
1/4/2019	930.556	932.407	917.593	921.296	98949.6017
1/3/2019	916.204	935.185	893.981	930.556	165391.2028
1/2/2019	902.778	916.204	885.185	916.204	15390.00026
12/28/2018	884.259	902.778	884.259	902.778	72608.40125
12/27/2018	888.889	897.222	867.593	867.593	47077.20081
12/26/2018	918.056	918.056	879.167	884.259	59032.80102
12/21/2018	902.778	919.444	897.685	918.056	148316.4026
12/20/2018	884.259	920.833	872.685	919.444	120463.2021
12/19/2018	873.148	894.444	870.37	894.444	130852.8023
12/18/2018	842.593	873.148	842.593	873.148	39722.40068
12/17/2018	879.63	879.63	851.852	851.852	59432.40102
12/14/2018	887.037	887.037	874.537	881.944	77155.20133
12/13/2018	872.222	888.426	872.222	888.426	40186.80069
12/12/2018	861.111	870.37	857.407	870.37	98442.00169
12/11/2018	827.778	856.481	827.778	856.481	84866.40146
12/10/2018	851.852	852.778	817.593	827.778	127375.2022
12/7/2018	878.704	888.889	851.852	851.852	58525.20101
12/6/2018	902.315	902.778	870.37	870.37	195966.0034
12/5/2018	888.889	902.778	872.222	902.315	149774.4026
12/4/2018	854.63	899.074	854.63	899.074	322185.6055
12/3/2018	832.407	857.407	831.944	849.074	155174.4027
11/29/2018	815.741	827.778	814.815	822.222	344952.0059
11/28/2018	814.815	815.278	804.63	806.019	113216.4019
11/27/2018	802.778	818.519	802.778	814.352	202046.4035
11/26/2018	809.259	814.815	800.926	802.778	132656.4023
11/23/2018	810.185	828.704	809.259	812.037	134190.0023
11/22/2018	818.981	819.444	806.944	813.889	133498.8023
11/21/2018	819.444	831.481	798.148	819.444	282150.0049
11/20/2018	796.296	847.222	759.259	832.87	530971.2091
11/19/2018	747.222	800.926	743.056	796.296	289137.605
11/16/2018	675.926	754.63	675.926	747.222	340610.4059
11/15/2018	662.037	671.296	657.407	666.667	105969.6018
11/14/2018	653.704	666.667	653.704	662.037	81183.6014
11/13/2018	664.815	668.056	643.519	662.037	37076.40064
11/12/2018	671.296	671.296	658.333	668.519	49820.40086
11/9/2018	657.407	678.704	652.778	674.074	93949.20162
11/8/2018	664.815	664.815	638.889	660.185	115430.402
11/7/2018	701.852	701.852	653.704	653.704	78116.40134
11/6/2018	702.778	726.852	685.185	701.852	174052.803
11/5/2018	713.889	722.222	700	702.778	219456.0038
10/31/2018	708.333	712.963	703.241	703.704	181396.8031
10/30/2018	720.37	720.37	694.444	699.074	47757.60082
10/29/2018	726.852	726.852	708.333	720.833	87372.0015
10/26/2018	726.852	729.63	703.704	726.852	66592.80115
10/25/2018	725.926	726.852	685.185	726.852	74044.80127
10/24/2018	731.481	737.963	717.593	726.852	89413.20154
10/23/2018	717.593	738.426	716.667	731.481	307584.0053
10/22/2018	692.593	717.593	674.537	717.593	86032.80148
10/19/2018	685.185	694.444	671.296	674.537	87642.00151
10/18/2018	680.556	685.185	674.074	685.185	76496.40132
10/17/2018	665.741	699.074	665.741	667.593	90450.00156
10/16/2018	665.741	665.741	652.778	658.333	79293.60136
10/15/2018	648.611	670.37	648.148	657.407	247330.8043
10/12/2018	625	648.148	612.037	648.148	335620.8058
10/11/2018	657.407	657.407	611.574	621.296	254188.8044
10/10/2018	670.37	672.222	654.63	657.407	103615.2018
10/9/2018	685.185	685.185	666.667	670.37	68828.40118
10/8/2018	737.963	737.963	685.185	685.185	67262.40116
10/5/2018	725.463	738.426	707.407	707.407	86702.40149
10/4/2018	740.741	740.741	723.148	725.463	67348.80116
10/3/2018	740.741	740.741	739.815	740.741	85924.80148
10/2/2018	755.093	755.093	738.426	740.741	134319.6023
10/1/2018	759.259	768.519	738.889	738.889	51537.60089
9/28/2018	753.241	769.444	751.852	759.259	53481.60092
9/27/2018	746.296	754.63	736.111	751.852	156956.4027
9/26/2018	792.593	792.593	740.741	745.37	130107.6022
9/25/2018	787.963	796.296	782.407	787.037	69703.2012
9/24/2018	775	802.778	768.519	787.963	143002.8025
9/21/2018	758.333	793.981	745.37	775.926	232826.404
9/20/2018	759.259	763.889	743.519	743.519	113022.0019
9/19/2018	759.259	770.833	745.833	759.259	31989.60055
9/18/2018	761.111	772.222	753.704	757.407	35802.00062
9/17/2018	759.259	776.852	754.63	761.111	58816.80101
9/14/2018	790.741	796.296	753.704	754.63	290973.605
9/13/2018	803.704	804.167	782.407	787.037	118335.602
9/12/2018	810.185	818.981	797.685	797.685	112168.8019
9/11/2018	823.148	823.611	805.556	805.556	61095.60105
9/10/2018	806.019	824.074	795.833	823.148	100872.0017
9/7/2018	820.37	821.296	800.926	806.019	102794.4018
9/6/2018	824.074	824.074	802.778	818.519	106650.0018
9/5/2018	837.5	838.889	800.926	833.333	165434.4028
9/4/2018	814.815	837.963	814.815	837.5	117730.802
9/3/2018	815.741	847.222	812.963	814.815	634888.8109
8/31/2018	824.074	824.074	810.185	811.111	229705.204
8/30/2018	797.222	830.556	797.222	824.074	444420.0076
8/29/2018	805.556	805.556	783.796	788.889	234316.804
8/28/2018	821.296	821.296	798.148	798.148	185684.4032
8/24/2018	828.704	830.556	805.556	805.556	181936.8031
8/23/2018	824.074	833.333	806.944	828.704	172800.003
8/22/2018	812.5	829.63	804.63	828.704	105613.2018
8/20/2018	828.704	833.333	809.259	809.259	92178.00159
8/17/2018	833.333	837.037	824.074	828.704	126975.6022
8/16/2018	842.593	843.519	821.296	823.148	232923.604
8/15/2018	879.63	879.63	842.593	842.593	142905.6025
8/14/2018	879.63	883.796	853.704	883.796	143100.0025
8/13/2018	906.944	906.944	879.63	879.63	53168.40091
8/10/2018	898.148	907.407	898.148	907.407	74401.20128
8/9/2018	907.407	911.574	891.204	898.148	130042.8022
8/8/2018	912.037	912.037	893.519	902.778	75481.2013
8/7/2018	913.426	913.426	898.148	900	119037.602
8/6/2018	924.074	924.074	906.019	906.019	42714.00073
8/3/2018	925.926	926.852	907.407	924.074	83268.00143
8/2/2018	930.556	930.556	922.222	924.537	84461.40145
8/1/2018	903.704	935.185	903.704	935.185	127526.4022
7/31/2018	920.37	921.296	886.574	898.148	317466.0055
7/30/2018	911.574	920.37	911.574	920.37	126975.6022
7/27/2018	915.741	916.667	893.519	901.852	157204.8027
7/26/2018	914.815	916.667	897.685	912.037	112158.0019
7/25/2018	902.778	924.074	893.981	897.685	182941.2031
7/24/2018	897.685	902.778	888.889	902.778	117255.602
7/23/2018	879.63	901.852	865.741	888.889	88398.00152
7/20/2018	860.185	879.63	854.167	879.63	77857.20134
7/19/2018	897.222	902.315	847.222	860.185	164980.8028
7/18/2018	888.889	906.481	888.889	897.222	49194.00085
7/17/2018	879.63	888.889	875	888.889	68374.80118
7/16/2018	884.259	888.889	870.37	879.63	20552.40035
7/13/2018	881.481	889.352	881.481	884.259	152733.6026
7/12/2018	851.852	886.574	849.074	881.481	112147.2019
7/11/2018	850.926	862.037	842.593	849.074	75708.0013
7/10/2018	842.593	851.852	828.704	851.852	34441.20059
7/9/2018	830.556	833.796	822.222	826.852	50101.20086
7/6/2018	824.074	835.185	822.222	824.074	104738.4018
7/5/2018	833.333	871.296	820.37	829.63	327920.4056
7/4/2018	850.926	850.926	826.389	833.333	172411.203
7/3/2018	831.991	838.254	821.256	825.729	109097.2787
7/2/2018	814.099	838.254	814.099	831.991	203383.7076
6/29/2018	818.572	838.254	812.31	814.099	80548.66704
6/28/2018	803.364	817.23	789.945	805.153	287665.8266
6/27/2018	813.205	813.205	789.497	791.734	215120.6074
6/26/2018	795.312	804.706	780.104	804.706	83041.36101
6/25/2018	840.043	840.043	777.867	777.867	105509.1407
6/22/2018	831.991	839.148	806.942	806.942	99540.08881
6/21/2018	872.249	872.249	823.045	823.045	140954.5783
6/20/2018	885.668	889.247	872.249	872.249	158761.1321
6/19/2018	877.617	881.195	867.776	877.617	115871.1466
6/18/2018	882.984	892.825	870.013	885.668	207927.5645
6/14/2018	894.614	900.877	876.722	900.877	430090.3119
6/13/2018	918.769	924.137	881.195	894.614	248609.895
6/11/2018	894.614	921.453	894.614	918.769	87987.62595
6/8/2018	909.823	909.823	890.141	894.614	309831.8003
6/7/2018	892.378	916.98	890.589	909.823	197425.8336
6/6/2018	881.195	896.404	881.195	891.931	237454.2512
6/5/2018	876.722	881.195	873.591	881.195	70298.44116
6/4/2018	881.195	881.195	867.776	875.828	45203.83146
6/1/2018	872.249	884.774	867.776	874.933	75708.5931
5/31/2018	876.722	892.378	867.776	867.776	391274.7073
5/30/2018	894.167	894.614	872.249	872.249	179384.5419
5/29/2018	909.823	911.612	892.825	894.167	72740.83413
5/28/2018	891.036	903.561	888.352	903.561	50155.6854
5/25/2018	897.298	908.928	884.774	890.589	51161.70539
5/24/2018	871.354	892.378	871.354	890.141	55141.07334
5/23/2018	900.877	907.139	868.671	868.671	108929.6087
5/22/2018	920.558	920.558	890.141	890.141	84762.77299
5/21/2018	922.347	922.347	905.35	908.034	36004.33757
5/18/2018	899.088	923.242	898.193	923.242	93045.67089
5/17/2018	930.399	930.399	896.404	897.298	163226.7431
5/16/2018	933.083	933.083	907.139	910.717	113842.3396
5/15/2018	928.61	948.291	925.926	933.083	156648.4901
5/11/2018	935.767	952.764	921.453	928.61	127373.3085
5/10/2018	894.614	917.874	894.614	908.928	255730.281
5/9/2018	904.455	917.874	888.352	891.931	120068.4856
5/8/2018	886.563	909.823	886.563	904.455	109767.9587
5/7/2018	892.825	908.034	878.959	878.959	79945.05505
5/4/2018	894.614	903.561	876.722	876.722	111539.6717
5/3/2018	912.507	927.715	894.614	894.614	114976.9066
5/2/2018	939.345	954.554	894.614	894.614	126546.1365
4/30/2018	937.556	954.554	936.661	939.345	70415.81016
4/27/2018	925.031	942.029	916.98	936.661	85444.63098
4/26/2018	897.298	925.031	896.404	925.031	90893.90592
4/25/2018	899.088	921.453	892.825	894.614	114948.9616
4/24/2018	913.401	933.083	894.614	894.614	111360.8237
4/23/2018	935.767	957.237	912.507	916.085	163724.1641
4/20/2018	970.657	970.657	931.294	934.872	114015.5986
4/19/2018	958.132	996.6	924.137	943.818	238667.0642
4/18/2018	959.027	991.233	959.027	976.919	214986.4714
4/17/2018	979.603	1001.074	959.027	959.027	89776.10593
4/16/2018	1001.074	1001.074	970.657	979.603	67515.1192
4/13/2018	1015.387	1015.387	988.549	990.338	158934.3911
4/12/2018	1001.968	1006.441	990.338	1004.652	92956.24689
4/11/2018	1015.387	1015.387	971.551	991.233	108940.7867
4/10/2018	1028.807	1031.49	984.076	984.076	162192.7781
4/6/2018	1040.437	1041.331	1018.966	1019.86	213281.8265
4/5/2018	1030.596	1035.069	1024.334	1027.017	159476.5241
4/4/2018	1044.91	1044.91	1027.912	1028.807	83443.76901
4/3/2018	1026.123	1048.488	1025.228	1028.807	65911.07622
4/2/2018	1053.856	1053.856	1019.86	1028.807	91413.68291
3/28/2018	1040.437	1062.802	1028.807	1045.804	193301.1517
3/27/2018	1030.596	1054.75	1030.596	1040.437	147365.1612
3/26/2018	1046.699	1046.699	1018.071	1026.123	139272.2893
3/23/2018	1072.643	1072.643	1043.12	1046.699	208933.5845
3/22/2018	1083.378	1103.06	1077.116	1081.589	179971.3869
3/21/2018	1127.214	1145.106	1083.378	1083.378	112160.0507
3/20/2018	1157.631	1157.631	1120.057	1120.057	127390.0755
3/19/2018	1160.315	1177.313	1153.158	1159.42	80554.25604
3/16/2018	1162.999	1170.156	1153.158	1161.21	183721.6058
3/15/2018	1162.999	1164.788	1162.999	1162.999	77614.44208
3/14/2018	1173.734	1179.996	1155.842	1170.156	68716.75418
3/13/2018	1185.364	1185.364	1173.734	1183.575	22557.20373
3/12/2018	1190.732	1197.889	1176.418	1185.364	87674.64196
3/9/2018	1189.837	1189.837	1171.945	1180.891	28319.46266
3/8/2018	1159.42	1180.891	1159.42	1180.891	45572.70546
3/7/2018	1171.945	1188.943	1167.472	1180.891	145559.9143
3/6/2018	1165.683	1180.891	1162.999	1162.999	94286.42888
3/5/2018	1189.837	1189.837	1167.472	1176.418	37994.02155
3/2/2018	1171.945	1189.837	1168.366	1189.837	58360.33731
3/1/2018	1200.573	1200.573	1171.945	1196.994	68694.39818
2/28/2018	1195.205	1207.729	1171.945	1207.729	175187.2029
2/27/2018	1189.837	1207.729	1164.788	1195.205	114406.8286
2/26/2018	1167.472	1189.837	1162.999	1189.837	92184.9649
2/23/2018	1180.891	1196.994	1171.945	1186.259	138668.6773
2/22/2018	1216.676	1216.676	1171.945	1180.891	86456.23997
2/21/2018	1213.992	1216.676	1205.046	1216.676	117972.6106
2/20/2018	1189.837	1216.676	1188.943	1216.676	71220.62615
2/19/2018	1171.945	1206.835	1162.999	1189.837	85684.95798
2/15/2018	1160.315	1184.47	1153.158	1184.47	58170.31131
2/14/2018	1154.947	1172.84	1154.053	1162.999	97187.11984
2/13/2018	1189.837	1189.837	1169.261	1185.364	76988.47408
2/12/2018	1145.106	1185.364	1145.106	1185.364	54844.85635
2/9/2018	1167.472	1167.472	1125.425	1158.526	148086.1422
2/8/2018	1185.364	1185.364	1167.472	1173.734	53279.93637
2/7/2018	1180.891	1198.783	1171.945	1185.364	96505.26185
2/6/2018	1136.16	1174.629	1091.43	1169.261	208765.9145
2/5/2018	1196.994	1196.994	1164.788	1165.683	140261.5423
2/2/2018	1199.678	1216.676	1199.678	1207.729	58600.6643
2/1/2018	1204.151	1215.781	1198.783	1203.256	76474.28609
1/31/2018	1207.729	1209.519	1171.05	1203.256	175561.6659
1/30/2018	1221.149	1234.568	1200.573	1207.729	128083.1115
1/29/2018	1207.729	1234.568	1206.835	1234.568	77972.13807
1/26/2018	1199.678	1211.308	1198.783	1207.729	105207.3347
1/25/2018	1196.994	1212.203	1196.994	1202.362	243825.7111
1/24/2018	1209.519	1221.149	1196.994	1196.994	173661.4059
1/23/2018	1234.568	1238.146	1207.729	1226.516	101563.3068
1/22/2018	1243.514	1244.409	1219.359	1244.409	111433.4807
1/19/2018	1169.261	1245.303	1169.261	1245.303	231356.6522
1/18/2018	1185.364	1189.837	1162.999	1171.05	252214.8
1/17/2018	1269.458	1269.458	1189.837	1207.729	366794.8876
1/16/2018	1285.561	1287.35	1270.352	1283.772	172169.143
1/15/2018	1278.404	1292.718	1273.931	1287.35	98819.10782
1/12/2018	1261.406	1283.772	1261.406	1279.299	141502.3003
1/11/2018	1238.146	1297.191	1216.676	1297.191	136410.7214
1/10/2018	1216.676	1243.514	1216.676	1236.357	99215.92682
1/9/2018	1216.676	1239.041	1205.046	1239.041	146968.3423
1/8/2018	1225.622	1230.095	1206.835	1217.57	155888.3861
1/5/2018	1180.891	1243.514	1180.891	1222.938	303303.8484
1/4/2018	1156.736	1184.47	1151.369	1184.47	247531.2181
1/3/2018	1158.526	1160.315	1149.58	1156.736	170179.459
12/29/2017	1145.106	1155.842	1142.423	1155.842	78424.84707
12/28/2017	1145.106	1151.369	1144.212	1149.58	133672.1114
12/27/2017	1129.003	1148.685	1129.003	1144.212	94023.74588
12/22/2017	1145.106	1145.106	1118.268	1134.371	86914.53797
12/21/2017	1145.106	1145.106	1113.795	1145.106	85930.87398
12/20/2017	1156.736	1157.631	1135.266	1145.106	57069.27832
12/19/2017	1137.055	1160.315	1137.055	1156.736	113071.0577
12/18/2017	1127.214	1159.42	1127.214	1154.053	256820.1359
12/15/2017	1136.16	1137.95	1118.268	1137.055	254880.753
12/14/2017	1082.483	1136.16	1075.327	1136.16	537740.0396
12/13/2017	1064.591	1087.851	1063.697	1082.483	172633.0299
12/12/2017	1056.54	1064.591	1038.647	1058.329	52944.59637
12/11/2017	1051.172	1055.645	1043.12	1055.645	38905.02854
12/8/2017	1010.914	1051.172	1010.914	1051.172	166160.968
12/7/2017	1019.86	1030.596	1010.02	1010.914	95627.78886
12/6/2017	1024.334	1027.912	1014.493	1019.86	224471.0043
12/5/2017	1027.912	1033.28	1020.755	1024.334	103552.9908
12/4/2017	1011.809	1019.86	1006.441	1010.914	64877.11123
12/1/2017	1028.807	1035.964	1011.809	1014.493	163047.8951
11/29/2017	1046.699	1054.75	1028.807	1028.807	284658.9446
11/28/2017	1072.643	1072.643	1032.385	1039.542	239913.4111
11/27/2017	1068.17	1073.537	1055.645	1073.537	100065.4548
11/24/2017	1057.434	1069.064	1037.753	1069.064	37541.31255
11/23/2017	1052.067	1063.697	1044.91	1054.75	94431.74288
11/22/2017	1042.226	1051.172	1037.753	1044.015	72204.29014
11/21/2017	1052.961	1060.118	1046.699	1046.699	237800.7692
11/20/2017	1046.699	1055.645	1041.331	1046.699	66721.48121
11/17/2017	1038.647	1055.645	1035.069	1045.804	52978.13037
11/16/2017	1030.596	1048.488	1026.123	1026.123	93666.04988
11/15/2017	1048.488	1055.645	1033.28	1051.172	81029.32104
11/14/2017	1048.488	1048.488	1030.596	1048.488	102233.9868
11/13/2017	1069.959	1077.116	1048.488	1048.488	70007.81317
11/10/2017	1082.483	1082.483	1064.591	1068.17	233782.2782
11/9/2017	1078.01	1082.483	1072.643	1076.221	193010.5237
11/8/2017	1069.064	1072.643	1060.118	1072.643	224241.8553
11/7/2017	1065.486	1082.483	1052.067	1068.17	148818.3012
11/6/2017	1074.432	1075.327	1061.013	1062.802	153909.8802
11/3/2017	1073.537	1081.589	1069.064	1073.537	200891.0136
11/2/2017	1055.645	1078.01	1051.172	1070.853	390212.7974
10/30/2017	1024.334	1063.697	1023.439	1055.645	82678.07602
10/27/2017	1020.755	1035.069	1013.598	1019.86	100233.1248
10/26/2017	1015.387	1035.069	1010.914	1018.966	25167.2667
10/25/2017	1042.226	1042.226	1007.336	1008.23	130363.4234
10/24/2017	1064.591	1067.275	1027.912	1033.28	364743.7247
10/23/2017	1065.486	1073.537	1056.54	1056.54	52178.90338
10/20/2017	1103.954	1103.954	1064.591	1064.591	136002.7244
10/19/2017	1110.217	1110.217	1084.273	1086.957	205876.4015
10/18/2017	1118.268	1122.741	1100.376	1105.743	257306.3789
10/17/2017	1106.638	1125.425	1093.219	1118.268	365151.7217
10/13/2017	1082.483	1092.324	1079.8	1091.43	162181.6001
10/12/2017	1081.589	1085.167	1073.537	1078.01	70723.20516
10/11/2017	1088.746	1091.43	1078.01	1081.589	65368.94322
10/10/2017	1081.589	1082.483	1073.537	1081.589	144090.0073
10/9/2017	1089.64	1094.113	1072.643	1072.643	97310.07784
10/6/2017	1106.638	1118.268	1089.64	1089.64	177746.9649
10/5/2017	1088.746	1106.638	1088.746	1106.638	101691.8538
10/4/2017	1078.905	1106.638	1078.905	1083.378	98176.37283
10/3/2017	1073.537	1091.43	1073.537	1078.01	219468.8494
10/2/2017	1053.856	1079.8	1052.067	1078.905	225823.5423
9/29/2017	1051.172	1064.591	1034.174	1038.647	221302.0414
9/28/2017	1063.697	1063.697	1046.699	1051.172	270993.8398
9/27/2017	1045.804	1064.591	1035.069	1064.591	120185.8546
9/26/2017	1063.697	1070.853	1044.015	1044.91	114054.7216
9/25/2017	1074.432	1075.327	1055.645	1069.064	21942.41374
9/22/2017	1055.645	1077.116	1055.645	1074.432	133945.9724
9/21/2017	1044.91	1060.118	1044.91	1051.172	108706.0487
9/20/2017	1034.174	1061.013	1033.28	1043.12	86137.66697
9/19/2017	1074.432	1077.116	1027.912	1028.807	134113.6424
9/18/2017	1063.697	1074.432	1052.067	1072.643	88837.15394
9/15/2017	1072.643	1080.694	1050.277	1050.277	332534.318
9/14/2017	1037.753	1072.643	1037.753	1072.643	165400.864
9/13/2017	1008.23	1037.753	1000.179	1037.753	293053.6225
9/11/2017	1009.125	1010.914	999.284	1001.074	176277.0579
9/8/2017	997.495	1010.914	988.549	993.022	210112.8635
9/7/2017	989.444	1001.074	989.444	993.022	177674.3079
9/6/2017	1012.704	1012.704	986.76	988.549	353761.3398
9/5/2017	1023.439	1027.017	1003.757	1010.914	114440.3626
9/4/2017	1019.86	1019.86	1001.968	1012.704	137584.4114
8/31/2017	1010.914	1010.914	999.284	1000.179	176875.0809
8/30/2017	1022.544	1022.544	1007.336	1010.02	140244.7753
8/29/2017	1019.86	1031.49	1005.547	1010.914	172146.787
8/25/2017	1027.017	1027.912	1009.125	1009.125	124036.6755
8/24/2017	1003.757	1033.28	1003.757	1018.071	200505.3726
8/23/2017	1010.914	1024.334	1000.179	1001.968	256283.5919
8/22/2017	1028.807	1028.807	1009.125	1010.914	192546.6367
8/18/2017	1046.699	1055.645	1018.966	1024.334	153809.2782
8/17/2017	1072.643	1072.643	1042.226	1047.593	114384.4726
8/16/2017	1055.645	1061.013	1048.488	1055.645	152836.7922
8/15/2017	1046.699	1055.645	1044.015	1045.804	28459.18766
8/14/2017	1037.753	1050.277	1037.753	1044.015	165367.33
8/11/2017	1057.434	1061.013	1014.493	1024.334	150031.1142
8/10/2017	1073.537	1073.537	1042.226	1044.91	74942.90011
8/9/2017	1087.851	1087.851	1069.959	1073.537	74931.72211
8/8/2017	1099.481	1099.481	1076.221	1086.957	56465.66633
8/7/2017	1078.01	1093.219	1078.01	1091.43	77228.80108
8/4/2017	1069.959	1082.483	1069.959	1073.537	42431.68749
8/3/2017	1091.43	1094.113	1069.064	1069.064	102166.9188
8/2/2017	1078.01	1093.219	1073.537	1082.483	113607.6016
8/1/2017	1085.167	1091.43	1071.748	1073.537	149902.5672
7/31/2017	1119.163	1119.163	1078.905	1085.167	119012.1646
7/28/2017	1124.53	1124.53	1110.217	1111.111	78469.55907
7/27/2017	1105.743	1134.371	1105.743	1124.53	268026.0808
7/26/2017	1086.957	1106.638	1086.957	1100.376	169106.371
7/25/2017	1084.273	1086.957	1078.905	1083.378	104765.8038
7/24/2017	1070.853	1086.957	1068.17	1073.537	289482.2516
7/21/2017	1100.376	1100.376	1061.907	1069.064	396573.0793
7/20/2017	1107.533	1112.9	1099.481	1100.376	133023.7874
7/19/2017	1111.111	1127.214	1102.165	1109.322	210213.4655
7/18/2017	1080.694	1113.795	1080.694	1109.322	224046.2403
7/17/2017	1079.8	1079.8	1072.643	1079.8	226740.1383
7/14/2017	1078.905	1082.483	1069.064	1073.537	73864.22312
7/13/2017	1075.327	1085.167	1069.064	1073.537	225588.8043
7/12/2017	1073.537	1075.327	1071.748	1073.537	206848.8875
7/11/2017	1069.064	1079.8	1069.064	1069.064	46165.13945
7/10/2017	1082.483	1083.378	1069.064	1069.064	73568.00612
7/7/2017	1074.432	1078.01	1071.748	1073.537	438088.1708
7/6/2017	1082.483	1083.378	1074.432	1078.01	82488.05002
7/5/2017	1073.537	1082.483	1069.959	1082.483	82940.75901
7/4/2017	1075.327	1080.694	1073.537	1076.221	18969.06577
7/3/2017	1082.483	1085.167	1065.486	1075.327	55129.89534
6/30/2017	1062.802	1082.483	1062.802	1082.483	88608.00495
6/29/2017	1077.116	1082.483	1062.802	1064.591	93381.01089
6/28/2017	1075.327	1080.694	1072.643	1078.01	224722.5093
6/27/2017	1081.589	1081.589	1070.853	1076.221	100283.4258
6/23/2017	1084.273	1085.167	1070.853	1078.905	86003.53098
6/22/2017	1080.694	1086.957	1074.432	1078.905	190076.2987
6/21/2017	1086.062	1086.062	1072.643	1073.537	604472.6988
6/20/2017	1081.589	1081.589	1065.486	1073.537	216517.8574
6/19/2017	1073.537	1081.589	1062.802	1066.38	259692.8819
6/16/2017	1108.427	1108.427	1073.537	1073.537	1636408.88
6/15/2017	1099.481	1113.795	1091.43	1108.427	278667.5367
6/14/2017	1102.165	1102.165	1082.483	1091.43	247760.3671
6/13/2017	1082.483	1109.322	1070.853	1109.322	400451.8452
6/9/2017	1083.378	1083.378	1071.748	1071.748	87685.81996
6/8/2017	1069.064	1082.483	1064.591	1082.483	183084.4598
6/7/2017	1091.43	1104.849	1060.118	1069.064	536158.3526
6/6/2017	1098.587	1104.849	1078.905	1091.43	163008.7721
6/5/2017	1076.221	1103.954	1076.221	1097.692	207374.2535
6/2/2017	1045.804	1100.376	1045.804	1075.327	532497.5577
6/1/2017	1061.013	1065.486	1028.807	1039.542	552780.0384
5/31/2017	1072.643	1081.589	1060.118	1069.064	761506.8299
5/30/2017	1072.643	1073.537	1062.802	1072.643	221005.8244
5/29/2017	1064.591	1078.01	1064.591	1072.643	290354.1355
5/26/2017	1073.537	1073.537	1063.697	1063.697	202629.1926
5/25/2017	1064.591	1073.537	1064.591	1073.537	362899.3547
5/24/2017	1078.905	1086.062	1060.118	1060.118	156698.7911
5/23/2017	1105.743	1105.743	1073.537	1073.537	207921.9755
5/22/2017	1126.32	1126.32	1104.849	1104.849	108163.9157
5/19/2017	1108.427	1127.214	1099.481	1117.373	188958.4988
5/18/2017	1136.16	1136.16	1097.692	1107.533	109823.8487
5/17/2017	1120.952	1135.266	1110.217	1127.214	143989.4053
5/16/2017	1127.214	1141.528	1110.217	1121.846	109382.3177
5/15/2017	1112.9	1118.268	1104.849	1104.849	132861.7064
5/12/2017	1141.528	1141.528	1118.268	1123.636	193776.2167
5/11/2017	1134.371	1152.263	1113.795	1121.846	295624.5625
5/10/2017	1163.893	1171.05	1109.322	1109.322	145101.6163
5/9/2017	1149.58	1165.683	1139.739	1162.999	319210.1422
5/8/2017	1125.425	1153.158	1125.425	1149.58	321322.7842
5/5/2017	1096.797	1136.16	1096.797	1122.741	233899.6472
5/4/2017	1086.957	1104.849	1086.957	1095.903	166636.033
5/3/2017	1116.479	1120.952	1086.957	1086.957	80699.57004
5/2/2017	1131.687	1137.95	1113.795	1116.479	259469.3219
4/27/2017	1132.582	1132.582	1110.217	1127.214	85539.64398
4/26/2017	1129.898	1144.212	1110.217	1133.476	272217.8308
4/25/2017	1101.27	1130.793	1101.27	1129.003	228372.1263
4/24/2017	1084.273	1100.376	1078.01	1099.481	72126.04414
4/21/2017	1077.116	1088.746	1059.223	1080.694	134571.9404
4/20/2017	1078.01	1078.905	1045.804	1051.172	306003.3354
4/19/2017	1093.219	1093.219	1073.537	1078.905	118229.7046
4/18/2017	1110.217	1110.217	1095.903	1100.376	89714.62693
4/17/2017	1133.476	1134.371	1100.376	1113.795	69281.24318
4/12/2017	1135.266	1140.633	1118.268	1140.633	71203.85915
4/11/2017	1098.587	1147.79	1098.587	1135.266	400882.1982
4/10/2017	1049.383	1109.322	1049.383	1095.903	258278.8649
4/7/2017	1024.334	1069.064	1024.334	1049.383	261587.5529
4/6/2017	1020.755	1037.753	1020.755	1021.65	64452.34723
4/5/2017	1013.598	1028.807	1012.704	1020.755	430939.8399
4/4/2017	1014.493	1015.387	998.39	1001.968	264035.5349
4/3/2017	1024.334	1024.334	1012.704	1014.493	234290.8772
3/31/2017	1052.961	1052.961	1017.177	1024.334	278114.2257
3/30/2017	1068.17	1082.483	1037.753	1052.961	126680.2725
3/29/2017	1064.591	1065.486	1053.856	1062.802	63440.73824
3/28/2017	1064.591	1066.38	1060.118	1062.802	66296.71721
3/27/2017	1061.907	1067.275	1047.593	1057.434	133616.2214
3/24/2017	1045.804	1054.75	1042.226	1046.699	82040.93002
3/23/2017	1046.699	1051.172	1037.753	1045.804	70209.01716
3/22/2017	1035.964	1054.75	1030.596	1035.069	207078.0365
3/21/2017	1051.172	1064.591	1051.172	1063.697	226075.0473
3/20/2017	1042.226	1054.75	1041.331	1046.699	105866.8367
3/17/2017	1050.277	1060.118	1030.596	1030.596	327878.6811
3/16/2017	1069.064	1069.064	1042.226	1045.804	244613.7601
3/15/2017	1065.486	1071.748	1054.75	1055.645	129245.6235
3/14/2017	1064.591	1069.064	1063.697	1064.591	206457.6575
3/13/2017	1082.483	1086.957	1061.013	1065.486	201265.4766
3/10/2017	1090.535	1100.376	1056.54	1100.376	171375.505
3/9/2017	1086.957	1086.957	1079.8	1080.694	108147.1487
3/8/2017	1080.694	1090.535	1078.01	1080.694	86193.55697
3/7/2017	1104.849	1111.111	1077.116	1080.694	161712.1241
3/6/2017	1080.694	1102.165	1080.694	1091.43	95286.85987
3/3/2017	1087.851	1087.851	1073.537	1082.483	194117.1457
3/2/2017	1080.694	1110.217	1078.01	1092.324	147778.7472
3/1/2017	1079.8	1082.483	1074.432	1074.432	98584.36983
2/28/2017	1095.008	1095.008	1078.905	1081.589	230082.3603
2/27/2017	1127.214	1127.214	1080.694	1082.483	79665.60505
2/24/2017	1106.638	1106.638	1091.43	1104.849	188209.5728
2/23/2017	1106.638	1112.9	1084.273	1109.322	167329.069
2/22/2017	1104.849	1109.322	1091.43	1098.587	165216.427
2/21/2017	1107.533	1107.533	1102.165	1104.849	59293.70029
2/20/2017	1095.903	1118.268	1095.903	1108.427	121320.4216
2/17/2017	1095.903	1109.322	1085.167	1091.43	165903.874
2/16/2017	1098.587	1116.479	1091.43	1095.903	201192.8196
2/15/2017	1093.219	1100.376	1091.43	1098.587	184710.8588
2/14/2017	1109.322	1119.163	1091.43	1091.43	176232.3459
2/13/2017	1128.109	1133.476	1107.533	1109.322	176148.5109
2/10/2017	1149.58	1149.58	1100.376	1119.163	196492.4707
2/9/2017	1144.212	1154.053	1138.844	1145.106	144906.0013
2/8/2017	1137.95	1149.58	1133.476	1144.212	239946.9451
2/7/2017	1092.324	1134.371	1092.324	1134.371	278527.8117
2/6/2017	1109.322	1112.006	1073.537	1092.324	431666.4099
2/3/2017	1133.476	1133.476	1103.954	1113.795	200410.3596
2/2/2017	1153.158	1164.788	1118.268	1132.582	225225.5193
2/1/2017	1166.577	1187.153	1148.685	1153.158	302504.6214
1/31/2017	1207.729	1207.729	1164.788	1166.577	212203.1495
1/30/2017	1241.725	1243.514	1207.729	1207.729	28967.78666
1/27/2017	1221.149	1241.725	1221.149	1235.463	148868.6022
1/26/2017	1199.678	1223.833	1199.678	1220.254	257518.7609
1/25/2017	1203.256	1212.203	1189.837	1199.678	54179.76535
1/24/2017	1203.256	1206.835	1179.102	1203.256	159918.0551
1/23/2017	1207.729	1207.729	1193.416	1203.256	146169.1153
1/20/2017	1207.729	1208.624	1189.837	1198.783	62345.29426
1/19/2017	1206.835	1210.413	1191.626	1198.783	387748.0484
1/18/2017	1188.943	1210.413	1181.786	1198.783	469313.9134
1/17/2017	1179.996	1196.994	1179.996	1188.943	122611.4805
1/16/2017	1180.891	1193.416	1178.207	1179.996	82974.29301
1/13/2017	1176.418	1194.31	1174.629	1180.891	192876.3877
1/12/2017	1180.891	1193.416	1161.21	1162.999	153423.6372
1/11/2017	1166.577	1207.729	1161.21	1162.999	81297.59303
1/10/2017	1189.837	1189.837	1163.893	1180.891	201276.6546
1/9/2017	1207.729	1207.729	1189.837	1190.732	61216.31627
1/6/2017	1200.573	1229.2	1189.837	1196.099	104793.7488
1/5/2017	1189.837	1243.514	1186.259	1207.729	202802.4516
1/4/2017	1164.788	1190.732	1164.788	1186.259	108013.0127
1/3/2017	1145.106	1163.893	1132.582	1162.999	84259.763
12/29/2016	1109.322	1148.685	1109.322	1136.16	157604.2091
12/28/2016	1091.43	1100.376	1091.43	1100.376	130173.3975
12/27/2016	1081.589	1089.64	1081.589	1084.273	60953.63327
12/23/2016	1056.54	1081.589	1051.172	1081.589	79565.00305
12/22/2016	1056.54	1091.43	1056.54	1086.062	64061.11724
12/21/2016	1066.38	1089.64	1057.434	1070.853	63653.12024
12/20/2016	1069.064	1069.064	1046.699	1066.38	192261.5977
12/19/2016	1082.483	1090.535	1063.697	1069.064	119291.6146
12/16/2016	1116.479	1116.479	1082.483	1082.483	152931.8052
12/15/2016	1095.903	1117.373	1093.219	1100.376	60987.16727
12/14/2016	1145.106	1145.106	1110.217	1126.32	139663.5193
12/13/2016	1112.006	1145.106	1073.537	1145.106	183073.2818
12/12/2016	1139.739	1139.739	1111.111	1127.214	112076.2157
12/9/2016	1129.898	1143.317	1110.217	1139.739	154753.8192
12/8/2016	1118.268	1127.214	1106.638	1127.214	161857.4381
12/7/2016	1069.064	1115.584	1057.434	1115.584	171984.706
12/6/2016	1071.748	1071.748	1048.488	1071.748	84578.33599
12/5/2016	1060.118	1060.118	1046.699	1046.699	167915.914
12/2/2016	1048.488	1069.064	1048.488	1060.118	161656.2341
12/1/2016	1069.064	1080.694	1046.699	1046.699	436702.0988
11/29/2016	1054.75	1054.75	1004.652	1036.858	257993.8259
11/28/2016	1091.43	1099.481	1037.753	1037.753	211627.4825
11/25/2016	1069.064	1091.43	1069.064	1088.746	140457.1573
11/24/2016	1044.015	1071.748	1034.174	1071.748	109136.4017
11/23/2016	1019.86	1044.015	1008.23	1042.226	318863.6242
11/22/2016	1033.28	1033.28	969.762	1001.968	532011.3147
11/21/2016	1073.537	1079.8	1028.807	1028.807	156888.8171
11/18/2016	1079.8	1079.8	1062.802	1073.537	135762.3974
11/17/2016	1107.533	1113.795	1078.01	1078.01	112450.6787
11/16/2016	1089.64	1109.322	1081.589	1091.43	184666.1468
11/15/2016	1082.483	1091.43	1055.645	1078.905	290806.8445
11/14/2016	1118.268	1120.057	1073.537	1073.537	217646.8354
11/11/2016	1187.153	1187.153	1119.163	1129.898	446505.2047
11/10/2016	1180.891	1216.676	1180.891	1194.31	117715.5166
11/9/2016	1230.095	1230.095	1161.21	1180.891	164294.242
11/8/2016	1217.57	1232.779	1206.835	1221.149	87255.46696
11/7/2016	1207.729	1225.622	1191.626	1216.676	130877.6114
11/4/2016	1194.31	1239.936	1180.891	1237.252	156670.8461
11/3/2016	1167.472	1204.151	1167.472	1198.783	198135.6366
11/2/2016	1180.891	1185.364	1163.893	1174.629	170011.789
10/28/2016	1171.945	1181.786	1161.21	1172.84	169536.724
10/27/2016	1195.205	1195.205	1171.945	1171.945	265701.0568
10/26/2016	1210.413	1210.413	1188.943	1196.099	205764.6216
10/25/2016	1228.306	1232.779	1217.57	1226.516	123544.8435
10/24/2016	1267.669	1270.352	1225.622	1228.306	185292.1148
10/21/2016	1288.245	1288.245	1244.409	1270.352	39240.36853
10/20/2016	1261.406	1281.982	1261.406	1274.826	92447.6479
10/19/2016	1261.406	1281.088	1261.406	1277.509	154496.7252
10/18/2016	1198.783	1269.458	1197.889	1261.406	170514.799
10/17/2016	1212.203	1213.097	1195.205	1198.783	138791.6353
10/14/2016	1180.891	1252.46	1180.891	1194.31	134655.7754
10/13/2016	1223.833	1223.833	1189.837	1189.837	351587.2188
10/12/2016	1251.566	1251.566	1221.149	1225.622	268780.5958
10/11/2016	1240.83	1261.406	1239.936	1251.566	174835.0959
10/10/2016	1261.406	1261.406	1238.146	1239.041	368097.1246
10/7/2016	1249.776	1266.774	1247.987	1261.406	301766.8734
10/6/2016	1249.776	1270.352	1248.882	1249.776	218501.9524
10/5/2016	1274.826	1274.826	1249.776	1252.46	428944.5669
10/4/2016	1270.352	1274.826	1267.669	1268.563	158123.9861
10/3/2016	1288.245	1288.245	1268.563	1270.352	158202.2321
9/30/2016	1310.61	1318.662	1283.772	1288.245	185403.8948
9/29/2016	1320.451	1324.029	1315.083	1315.083	180479.9859
9/28/2016	1319.556	1322.24	1298.086	1313.294	266483.5168
9/27/2016	1323.135	1323.135	1297.191	1297.191	397920.0283
9/26/2016	1324.029	1324.029	1310.61	1323.135	125484.2265
9/23/2016	1307.032	1329.397	1307.032	1324.029	157514.7851
9/22/2016	1298.086	1325.819	1298.086	1324.029	294780.6235
9/21/2016	1308.821	1308.821	1288.245	1297.191	69107.98418
9/20/2016	1243.514	1304.348	1243.514	1304.348	235671.3602
9/19/2016	1253.355	1268.563	1253.355	1261.406	182218.1648
9/16/2016	1301.664	1301.664	1253.355	1253.355	329667.1611
9/15/2016	1279.299	1301.664	1279.299	1301.664	263308.9649
9/14/2016	1297.191	1298.98	1279.299	1279.299	299771.6004
9/13/2016	1322.24	1322.24	1298.086	1303.453	470599.3834
9/9/2016	1368.76	1368.76	1320.451	1324.029	299922.5034
9/8/2016	1323.135	1337.449	1307.032	1331.186	293763.4255
9/7/2016	1352.657	1352.657	1318.662	1324.029	484420.9802
9/6/2016	1342.816	1349.973	1342.816	1345.5	282892.8206
9/5/2016	1362.498	1374.128	1351.762	1359.814	63541.34024
9/2/2016	1350.868	1371.444	1350.868	1362.498	336709.301
9/1/2016	1364.287	1364.287	1334.765	1350.868	319176.6082
8/31/2016	1374.128	1379.495	1341.922	1373.233	240751.7611
8/30/2016	1366.076	1376.812	1366.076	1374.128	350324.1048
8/26/2016	1380.39	1382.179	1377.706	1380.39	117944.6656
8/25/2016	1378.601	1380.39	1368.76	1380.39	77798.87907
8/24/2016	1375.917	1378.601	1368.76	1378.601	213796.0145
8/23/2016	1376.812	1382.179	1375.917	1379.495	84226.229
8/22/2016	1368.76	1382.179	1364.287	1376.812	97818.67684
8/19/2016	1366.971	1383.969	1364.287	1368.76	176958.9159
8/18/2016	1376.812	1380.39	1366.076	1368.76	239505.4141
8/17/2016	1368.76	1376.812	1347.289	1376.812	449869.7826
8/16/2016	1386.652	1386.652	1341.922	1341.922	263817.5639
8/15/2016	1373.233	1391.125	1373.233	1377.706	157274.4581
8/12/2016	1390.231	1392.02	1373.233	1373.233	245977.4761
8/11/2016	1395.599	1396.493	1377.706	1390.231	736300.4402
8/10/2016	1452.854	1462.695	1443.013	1449.275	201651.1176
8/9/2016	1441.224	1452.854	1440.329	1447.486	386088.1154
8/8/2016	1431.383	1449.275	1406.334	1440.329	130134.2745
8/5/2016	1430.488	1431.383	1421.542	1431.383	107169.0737
8/4/2016	1392.02	1430.488	1368.76	1430.488	109555.5767
8/3/2016	1417.964	1417.964	1386.652	1392.915	142692.7573
8/2/2016	1423.332	1429.594	1395.599	1413.491	119252.4916
8/1/2016	1386.652	1428.699	1386.652	1422.437	155374.1982
7/29/2016	1404.545	1404.545	1377.706	1377.706	64329.38923
7/28/2016	1385.758	1400.072	1384.863	1400.072	169341.109
7/27/2016	1386.652	1404.545	1386.652	1395.599	110891.3477
7/26/2016	1410.807	1410.807	1386.652	1387.547	86445.06197
7/25/2016	1400.072	1419.753	1400.072	1410.807	163433.5361
7/22/2016	1400.072	1406.334	1392.915	1400.072	63574.87424
7/21/2016	1407.229	1407.229	1395.599	1401.861	78352.19007
7/20/2016	1395.599	1407.229	1385.758	1407.229	165087.88
7/19/2016	1385.758	1403.65	1384.863	1395.599	139602.0403
7/18/2016	1389.336	1392.915	1377.706	1385.758	102004.8378
7/15/2016	1368.76	1391.125	1368.76	1389.336	206295.5765
7/14/2016	1350.868	1377.706	1335.659	1368.76	207877.2635
7/13/2016	1359.814	1368.76	1341.922	1350.868	105805.3577
7/12/2016	1332.976	1359.814	1332.976	1359.814	267808.1098
7/11/2016	1324.924	1337.449	1319.556	1328.502	112182.4067
7/8/2016	1298.086	1315.083	1298.086	1315.083	67788.98019
7/7/2016	1315.083	1319.556	1302.559	1306.137	266612.0638
7/5/2016	1325.819	1327.608	1301.664	1306.137	147929.6502
7/4/2016	1314.189	1328.502	1311.505	1317.767	122974.7655
7/1/2016	1297.191	1310.61	1297.191	1310.61	182223.7538
6/30/2016	1315.083	1341.027	1274.826	1288.245	218876.4154
6/29/2016	1318.662	1324.029	1310.61	1315.083	144185.0203
6/28/2016	1315.083	1315.083	1286.456	1293.612	163288.2221
6/27/2016	1297.191	1358.025	1273.931	1314.189	159034.9931
6/24/2016	1359.814	1364.287	1288.245	1312.399	205172.1876
6/23/2016	1359.814	1359.814	1331.186	1341.922	76401.62909
6/22/2016	1341.922	1359.814	1341.922	1359.814	258787.4639
6/21/2016	1297.191	1346.395	1294.507	1341.922	408662.0861
6/20/2016	1288.245	1296.296	1266.774	1292.718	176528.5629
6/17/2016	1287.35	1292.718	1270.352	1280.193	254763.384
6/16/2016	1286.456	1291.823	1281.982	1287.35	108745.1717
6/15/2016	1288.245	1288.245	1274.826	1286.456	115077.5086
6/14/2016	1287.35	1288.245	1259.617	1288.245	118151.4586
6/13/2016	1270.352	1294.507	1259.617	1294.507	42286.3735
6/10/2016	1256.933	1281.982	1256.933	1270.352	73098.53013
6/9/2016	1296.296	1296.296	1255.144	1256.933	114546.5536
6/8/2016	1314.189	1316.872	1270.352	1270.352	114395.6506
6/7/2016	1292.718	1316.872	1284.666	1307.926	321289.2502
6/6/2016	1287.35	1287.35	1263.196	1273.931	71516.84315
6/3/2016	1259.617	1278.404	1255.144	1262.301	70382.27616
6/2/2016	1256.933	1262.301	1252.46	1256.933	98427.87783
6/1/2016	1269.458	1285.561	1252.46	1265.879	135639.4394
5/31/2016	1288.245	1288.245	1247.987	1247.987	412054.6091
5/30/2016	1284.666	1300.769	1279.299	1297.191	76418.39609
5/27/2016	1279.299	1297.191	1265.879	1288.245	297172.7155
5/26/2016	1281.088	1281.982	1256.933	1274.826	56739.52732
5/25/2016	1252.46	1276.615	1252.46	1276.615	122281.7295
5/24/2016	1234.568	1252.46	1234.568	1247.987	56767.47232
5/23/2016	1243.514	1245.303	1233.673	1236.357	83421.41301
5/20/2016	1261.406	1271.247	1234.568	1234.568	102608.4498
5/19/2016	1279.299	1280.193	1272.142	1279.299	166809.292
5/18/2016	1292.718	1292.718	1265.879	1279.299	251069.055
5/17/2016	1314.189	1314.189	1274.826	1292.718	126166.0845
5/16/2016	1261.406	1306.137	1261.406	1301.664	217434.4534
5/13/2016	1273.036	1317.767	1272.142	1298.086	376044.6825
5/12/2016	1265.879	1270.352	1239.936	1261.406	107074.0607
5/11/2016	1226.516	1284.666	1226.516	1265.879	230747.4513
5/10/2016	1218.465	1230.989	1194.31	1221.149	229188.1203
5/6/2016	1190.732	1250.671	1190.732	1219.359	116139.4186
5/5/2016	1189.837	1221.149	1189.837	1203.256	214293.4354
5/4/2016	1196.099	1203.256	1190.732	1203.256	205876.4015
5/3/2016	1197.889	1204.151	1196.099	1198.783	147952.0062
5/2/2016	1207.729	1207.729	1188.048	1198.783	84813.07399
4/29/2016	1225.622	1230.989	1218.465	1222.938	105268.8137
4/28/2016	1224.727	1241.725	1222.938	1222.938	156844.1051
4/27/2016	1223.833	1230.095	1215.781	1223.833	63831.96824
4/26/2016	1212.203	1232.779	1212.203	1225.622	75160.87111
4/25/2016	1235.463	1237.252	1225.622	1230.989	51435.56639
4/22/2016	1234.568	1252.46	1234.568	1235.463	71734.81415
4/21/2016	1224.727	1245.303	1221.149	1234.568	123511.3095
4/20/2016	1227.411	1243.514	1219.359	1224.727	100205.1798
4/19/2016	1250.671	1263.196	1211.308	1219.359	142961.0293
4/18/2016	1243.514	1263.196	1243.514	1250.671	55722.32934
4/15/2016	1264.985	1264.985	1243.514	1252.46	42068.4025
4/14/2016	1265.879	1273.036	1265.879	1268.563	126669.0945
4/13/2016	1246.198	1280.193	1246.198	1264.985	237448.6622
4/12/2016	1228.306	1253.355	1225.622	1246.198	207860.4965
4/11/2016	1213.097	1236.357	1212.203	1228.306	188544.9128
4/8/2016	1216.676	1225.622	1209.519	1213.097	128055.1665
4/7/2016	1238.146	1238.146	1203.256	1213.992	90374.12892
4/6/2016	1249.776	1250.671	1174.629	1209.519	197498.4906
4/5/2016	1279.299	1279.299	1224.727	1224.727	57426.97432
4/4/2016	1242.619	1261.406	1241.725	1256.039	229992.9363
4/1/2016	1252.46	1252.46	1238.146	1241.725	78860.78906
3/31/2016	1290.929	1290.929	1239.041	1243.514	309764.7323
3/30/2016	1287.35	1287.35	1270.352	1273.931	144855.7003
3/29/2016	1281.982	1293.612	1263.196	1267.669	232396.2062
3/28/2016	1302.559	1322.24	1295.402	1302.559	92274.3889
3/23/2016	1282.877	1309.716	1279.299	1297.191	410629.4141
3/22/2016	1283.772	1292.718	1270.352	1282.877	152261.1252
3/21/2016	1275.72	1292.718	1274.826	1283.772	233189.8442
3/18/2016	1253.355	1265.879	1253.355	1256.933	292287.9295
3/17/2016	1252.46	1261.406	1249.776	1252.46	258569.4929
3/16/2016	1252.46	1256.933	1230.095	1230.095	149969.6352
3/15/2016	1265.879	1279.299	1265.879	1265.879	138936.9493
3/14/2016	1270.352	1294.507	1262.301	1265.879	328186.0761
3/11/2016	1236.357	1266.774	1236.357	1261.406	264745.3378
3/10/2016	1213.097	1254.249	1213.097	1235.463	284312.4266
3/9/2016	1207.729	1216.676	1207.729	1213.097	312514.5203
3/8/2016	1184.47	1210.413	1180.891	1207.729	605238.3918
3/7/2016	1216.676	1217.57	1180.891	1183.575	155413.3211
3/4/2016	1212.203	1213.097	1202.362	1206.835	149332.4892
3/3/2016	1207.729	1213.992	1192.521	1211.308	308881.6703
3/2/2016	1185.364	1198.783	1178.207	1198.783	342527.4499
3/1/2016	1172.84	1174.629	1140.633	1174.629	154049.6052
2/29/2016	1152.263	1171.945	1151.369	1168.366	247877.736
2/26/2016	1145.106	1153.158	1135.266	1152.263	203842.0056
2/24/2016	1136.16	1156.736	1134.371	1145.106	118011.7336
2/23/2016	1135.266	1138.844	1129.898	1138.844	48043.04343
2/22/2016	1129.003	1129.898	1127.214	1128.109	40346.99052
2/19/2016	1136.16	1136.16	1122.741	1127.214	150880.6422
2/18/2016	1118.268	1131.687	1109.322	1131.687	119051.2876
2/17/2016	1104.849	1105.743	1086.062	1086.957	605193.6798
2/16/2016	1118.268	1136.16	1100.376	1100.376	103027.6248
2/15/2016	1118.268	1127.214	1113.795	1113.795	35512.50558
2/12/2016	1104.849	1118.268	1103.954	1109.322	239538.9481
2/11/2016	1112.006	1112.9	1098.587	1103.954	77385.29308
2/10/2016	1118.268	1127.214	1100.376	1112.006	22797.53073
2/9/2016	1125.425	1125.425	1100.376	1118.268	69644.52817
2/5/2016	1112.006	1158.526	1112.006	1138.844	240494.6671
2/4/2016	1136.16	1137.055	1118.268	1118.268	32114.39362
2/3/2016	1118.268	1125.425	1111.111	1112.006	150880.6422
2/2/2016	1127.214	1144.212	1121.846	1127.214	360697.2887
2/1/2016	1155.842	1162.999	1146.001	1162.104	932753.7879
1/29/2016	1118.268	1154.053	1118.268	1154.053	292505.9005
1/28/2016	1118.268	1121.846	1113.795	1118.268	226751.3163
1/27/2016	1109.322	1118.268	1105.743	1116.479	207150.6935
1/26/2016	1097.692	1136.16	1082.483	1105.743	274173.9807
1/25/2016	1108.427	1109.322	1086.062	1103.06	228098.2653
1/22/2016	1104.849	1104.849	1086.957	1095.903	277946.5557
1/21/2016	1131.687	1131.687	1100.376	1104.849	324994.7571
1/20/2016	1136.16	1154.053	1127.214	1131.687	308043.3203
1/19/2016	1150.474	1162.999	1150.474	1150.474	74702.57311
1/18/2016	1140.633	1158.526	1139.739	1150.474	69728.36317
1/15/2016	1176.418	1176.418	1159.42	1162.999	97287.72184
1/14/2016	1148.685	1157.631	1145.106	1154.053	147448.9962
1/13/2016	1155.842	1173.734	1155.842	1162.104	112193.5847
1/12/2016	1155.842	1185.364	1151.369	1151.369	65430.42222
1/11/2016	1176.418	1188.048	1154.053	1155.842	363173.2157
1/8/2016	1207.729	1207.729	1172.84	1198.783	161158.8131
1/7/2016	1199.678	1208.624	1195.205	1207.729	241020.0331
1/6/2016	1199.678	1210.413	1199.678	1207.729	197749.9956
1/5/2016	1177.313	1208.624	1175.523	1200.573	185532.4418
1/4/2016	1207.729	1216.676	1180.891	1180.891	87713.76496
12/29/2015	1216.676	1216.676	1179.102	1180.891	81990.62902
12/28/2015	1186.259	1215.781	1186.259	1215.781	64787.68723
12/23/2015	1196.099	1208.624	1195.205	1203.256	98863.81982
12/22/2015	1127.214	1194.31	1127.214	1189.837	163321.7561
12/21/2015	1152.263	1165.683	1127.214	1149.58	146498.8663
12/18/2015	1109.322	1129.003	1091.43	1129.003	174728.9049
12/17/2015	1142.423	1158.526	1127.214	1128.109	77860.35807
12/16/2015	1122.741	1144.212	1122.741	1125.425	225817.9533
12/15/2015	1153.158	1153.158	1118.268	1119.163	106889.6237
12/14/2015	1095.903	1162.104	1086.957	1162.104	81951.50602
12/11/2015	1095.903	1112.9	1091.43	1094.113	77793.29007
12/10/2015	1118.268	1118.268	1095.008	1095.008	63239.53425
12/9/2015	1111.111	1111.111	1090.535	1091.43	175254.2709
12/8/2015	1131.687	1131.687	1111.111	1114.69	103307.0748
12/7/2015	1145.106	1145.106	1133.476	1134.371	50854.31039
12/4/2015	1148.685	1148.685	1122.741	1131.687	206714.7515
12/3/2015	1154.053	1155.842	1142.423	1149.58	85902.92898
12/2/2015	1154.053	1158.526	1154.053	1154.053	58058.53131
12/1/2015	1154.053	1162.104	1142.423	1154.053	288705.3806
11/27/2015	1154.947	1154.947	1131.687	1131.687	250940.508
11/26/2015	1154.053	1161.21	1149.58	1154.053	137539.6994
11/25/2015	1158.526	1159.42	1152.263	1158.526	119962.2946
11/24/2015	1149.58	1154.053	1149.58	1152.263	163500.6041
11/23/2015	1150.474	1158.526	1149.58	1154.947	123259.8045
11/20/2015	1162.999	1162.999	1149.58	1150.474	257753.4989
11/17/2015	1164.788	1165.683	1149.58	1149.58	118324.7176
11/16/2015	1169.261	1169.261	1149.58	1161.21	140529.8143
11/13/2015	1186.259	1186.259	1171.05	1186.259	96935.61485
11/12/2015	1216.676	1216.676	1183.575	1183.575	157498.0181
11/11/2015	1179.102	1190.732	1177.313	1183.575	167222.878
11/10/2015	1172.84	1191.626	1172.84	1189.837	72114.86614
11/9/2015	1198.783	1216.676	1173.734	1185.364	103206.4728
11/6/2015	1219.359	1221.149	1214.886	1216.676	150025.5252
11/5/2015	1216.676	1224.727	1211.308	1218.465	212594.3795
11/4/2015	1223.833	1223.833	1205.046	1215.781	205049.2296
11/3/2015	1198.783	1221.149	1198.783	1207.729	208201.4255
11/2/2015	1189.837	1207.729	1171.945	1198.783	55269.62034
10/30/2015	1201.467	1201.467	1175.523	1175.523	160169.5601
10/29/2015	1209.519	1213.097	1190.732	1202.362	111623.5067
10/28/2015	1229.2	1229.2	1198.783	1213.097	76546.94309
10/27/2015	1216.676	1230.095	1212.203	1230.095	42359.0305
10/26/2015	1204.151	1224.727	1181.786	1216.676	210912.0905
10/23/2015	1186.259	1204.151	1182.68	1182.68	131777.4404
10/22/2015	1158.526	1187.153	1158.526	1181.786	144827.7553
10/21/2015	1185.364	1204.151	1180.891	1185.364	145079.2603
10/20/2015	1157.631	1185.364	1154.053	1185.364	84276.53
10/19/2015	1159.42	1165.683	1154.053	1157.631	99450.66482
10/16/2015	1180.891	1197.889	1145.106	1159.42	494615.3161
10/15/2015	1194.31	1194.31	1179.102	1180.891	184056.9458
10/14/2015	1221.149	1221.149	1190.732	1196.099	18801.39578
10/13/2015	1207.729	1207.729	1187.153	1189.837	104234.8488
10/12/2015	1230.095	1230.989	1182.68	1207.729	193440.8767
10/9/2015	1219.359	1231.884	1208.624	1226.516	163338.5231
10/8/2015	1205.94	1225.622	1205.94	1215.781	337888.58
10/7/2015	1196.994	1207.729	1196.099	1200.573	236666.2022
10/6/2015	1198.783	1209.519	1198.783	1206.835	209062.1315
10/5/2015	1162.999	1204.151	1162.999	1189.837	468727.0684
10/2/2015	1162.999	1163.893	1158.526	1161.21	222660.1683
10/1/2015	1152.263	1163.893	1150.474	1162.999	250046.268
9/30/2015	1118.268	1131.687	1117.373	1131.687	158068.0961
9/29/2015	1127.214	1131.687	1097.692	1117.373	159146.7731
9/28/2015	1126.32	1145.106	1119.163	1127.214	146504.4553
9/24/2015	1103.954	1113.795	1091.43	1104.849	219480.0274
9/23/2015	1120.057	1122.741	1095.903	1095.903	350072.5998
9/22/2015	1149.58	1154.053	1122.741	1123.636	95169.49087
9/21/2015	1162.999	1162.999	1124.53	1136.16	130346.6564
9/18/2015	1152.263	1176.418	1146.001	1162.999	419812.141
9/17/2015	1139.739	1162.104	1139.739	1152.263	239237.1422
9/16/2015	1135.266	1145.106	1131.687	1138.844	208838.5715
9/15/2015	1131.687	1136.16	1123.636	1134.371	214567.2964
9/14/2015	1123.636	1129.003	1123.636	1124.53	161734.4801
9/11/2015	1111.111	1131.687	1111.111	1124.53	209442.1835
9/10/2015	1117.373	1131.687	1110.217	1122.741	435807.8588
9/9/2015	1118.268	1127.214	1107.533	1117.373	367907.0986
9/8/2015	1106.638	1118.268	1103.954	1107.533	84813.07399
9/7/2015	1111.111	1112.006	1095.903	1106.638	102183.6858
9/4/2015	1126.32	1127.214	1122.741	1125.425	170866.906
9/3/2015	1119.163	1131.687	1119.163	1127.214	535549.1516
9/2/2015	1109.322	1122.741	1100.376	1118.268	405800.5182
9/1/2015	1134.371	1141.528	1131.687	1136.16	720813.3214
8/28/2015	1109.322	1136.16	1095.903	1136.16	466558.5364
8/27/2015	1073.537	1112.006	1064.591	1100.376	628751.3145
8/26/2015	1073.537	1082.483	1043.12	1064.591	921139.846
8/25/2015	1010.914	1073.537	1001.968	1055.645	401977.6422
8/24/2015	1078.01	1078.01	1001.968	1016.282	747433.7281
8/20/2015	1153.158	1153.158	1122.741	1130.793	396103.6033
8/19/2015	1152.263	1158.526	1147.79	1154.053	396712.8043
8/18/2015	1166.577	1167.472	1153.158	1157.631	233765.5112
8/17/2015	1175.523	1181.786	1167.472	1171.945	187639.4948
8/14/2015	1179.102	1185.364	1173.734	1173.734	150064.6482
8/13/2015	1201.467	1201.467	1163.893	1179.102	585514.811
8/12/2015	1216.676	1216.676	1204.151	1209.519	197917.6656
8/11/2015	1230.095	1233.673	1216.676	1225.622	437255.4098
8/10/2015	1241.725	1244.409	1230.095	1240.83	271955.1478
8/7/2015	1279.299	1279.299	1230.989	1241.725	187091.7728
8/6/2015	1288.245	1296.296	1276.615	1279.299	161935.6841
8/5/2015	1252.46	1287.35	1247.093	1278.404	221234.9734
8/4/2015	1230.989	1269.458	1230.989	1261.406	38575.27754
8/3/2015	1260.512	1260.512	1227.411	1256.039	391772.1283
7/31/2015	1261.406	1261.406	1230.095	1252.46	284301.2486
7/30/2015	1213.097	1241.725	1213.097	1239.041	174203.5389
7/29/2015	1228.306	1250.671	1226.516	1243.514	131185.0064
7/28/2015	1243.514	1243.514	1232.779	1235.463	349312.4958
7/27/2015	1248.882	1254.249	1246.198	1252.46	89373.69794
7/24/2015	1257.828	1270.352	1253.355	1261.406	192831.6757
7/23/2015	1256.039	1260.512	1239.936	1257.828	124567.6305
7/22/2015	1232.779	1264.985	1232.779	1264.985	311832.6623
7/21/2015	1229.2	1239.936	1229.2	1234.568	75401.1981
7/20/2015	1234.568	1245.303	1225.622	1230.095	197705.2836
7/16/2015	1225.622	1238.146	1221.149	1234.568	150042.2922
7/15/2015	1215.781	1225.622	1214.886	1225.622	95678.08986
7/14/2015	1229.2	1229.2	1215.781	1221.149	164903.443
7/13/2015	1176.418	1220.254	1176.418	1220.254	30756.26663
7/10/2015	1171.945	1179.996	1162.999	1176.418	136768.4174
7/9/2015	1184.47	1188.943	1174.629	1176.418	357366.2447
7/8/2015	1197.889	1197.889	1189.837	1193.416	256384.1939
7/7/2015	1201.467	1204.151	1196.099	1197.889	261129.2549
7/6/2015	1207.729	1211.308	1201.467	1201.467	212516.1335
7/3/2015	1214.886	1225.622	1203.256	1203.256	150897.4092
7/2/2015	1234.568	1238.146	1209.519	1215.781	244624.9381
7/1/2015	1222.043	1244.409	1204.151	1238.146	89323.39694
6/30/2015	1205.94	1224.727	1205.94	1222.043	220201.0084
6/29/2015	1207.729	1227.411	1207.729	1220.254	198510.0996
6/26/2015	1238.146	1238.146	1213.992	1226.516	194061.2557
6/25/2015	1244.409	1244.409	1224.727	1227.411	172856.5899
6/24/2015	1238.146	1238.146	1221.149	1237.252	70650.54816
6/23/2015	1243.514	1248.882	1234.568	1238.146	222693.7023
6/22/2015	1243.514	1247.987	1171.945	1234.568	93095.97189
6/19/2015	1234.568	1243.514	1223.833	1243.514	155418.9101
6/18/2015	1221.149	1239.936	1221.149	1222.938	280757.8227
6/17/2015	1234.568	1234.568	1214.886	1222.043	170984.275
6/16/2015	1214.886	1239.936	1212.203	1228.306	376257.0645
6/15/2015	1216.676	1228.306	1211.308	1212.203	240299.0521
6/11/2015	1180.891	1210.413	1180.891	1208.624	357455.6687
6/10/2015	1162.999	1183.575	1151.369	1163.893	301358.8764
6/9/2015	1208.624	1208.624	1154.053	1162.999	311106.0923
6/8/2015	1214.886	1214.886	1205.94	1210.413	141535.8343
6/5/2015	1192.521	1239.041	1192.521	1239.041	315996.4672
6/4/2015	1190.732	1217.57	1190.732	1209.519	119939.9386
6/3/2015	1230.989	1230.989	1189.837	1189.837	284804.2586
6/2/2015	1234.568	1234.568	1198.783	1216.676	423053.761
6/1/2015	1243.514	1243.514	1218.465	1234.568	566618.4023
5/29/2015	1239.041	1248.882	1226.516	1248.882	7380917.147
5/28/2015	1271.247	1271.247	1221.149	1239.041	675045.001
5/27/2015	1286.456	1286.456	1225.622	1252.46	650403.1003
5/26/2015	1275.72	1287.35	1275.72	1276.615	667186.8671
5/25/2015	1277.509	1288.245	1270.352	1275.72	223727.6673
5/22/2015	1296.296	1296.296	1266.774	1277.509	246759.9361
5/21/2015	1296.296	1301.664	1287.35	1291.823	286212.6866
5/20/2015	1292.718	1296.296	1279.299	1293.612	509666.4929
5/19/2015	1280.193	1293.612	1264.09	1279.299	317566.9762
5/18/2015	1263.196	1286.456	1263.196	1280.193	505966.575
5/15/2015	1256.039	1267.669	1256.039	1261.406	494324.6881
5/14/2015	1256.933	1261.406	1249.776	1255.144	671071.222
5/13/2015	1230.095	1256.933	1230.095	1243.514	1213925.197
5/12/2015	1149.58	1171.945	1149.58	1165.683	360205.4567
5/11/2015	1156.736	1168.366	1156.736	1162.999	112305.3647
5/8/2015	1158.526	1167.472	1152.263	1156.736	221072.8924
5/7/2015	1180.891	1180.891	1149.58	1158.526	311776.7723
5/6/2015	1180.891	1189.837	1167.472	1180.891	238191.9992
5/5/2015	1149.58	1179.102	1149.58	1176.418	289515.7856
5/4/2015	1130.793	1144.212	1121.846	1138.844	257379.0359
4/30/2015	1158.526	1160.315	1112.9	1123.636	519810.5278
4/29/2015	1158.526	1175.523	1145.106	1149.58	360669.3437
4/28/2015	1186.259	1187.153	1154.053	1159.42	287989.9886
4/27/2015	1203.256	1217.57	1192.521	1198.783	140390.0893
4/24/2015	1210.413	1217.57	1194.31	1196.994	107152.3067
4/23/2015	1155.842	1207.729	1155.842	1207.729	310245.3863
4/22/2015	1115.584	1145.106	1115.584	1145.106	170844.55
4/21/2015	1122.741	1133.476	1089.64	1100.376	466195.2514
4/20/2015	1158.526	1162.104	1104.849	1112.006	549102.4765
4/17/2015	1189.837	1191.626	1159.42	1159.42	574504.4812
4/16/2015	1204.151	1207.729	1171.945	1189.837	550181.1535
4/15/2015	1225.622	1247.987	1173.734	1204.151	573213.4222
4/14/2015	1194.31	1244.409	1194.31	1225.622	352224.3648
4/13/2015	1196.099	1215.781	1187.153	1202.362	509001.4019
4/10/2015	1202.362	1216.676	1188.048	1195.205	367281.1306
4/8/2015	1209.519	1216.676	1194.31	1202.362	167837.668
4/7/2015	1234.568	1236.357	1194.31	1204.151	190903.4707
4/6/2015	1234.568	1243.514	1232.779	1234.568	111517.3157
4/1/2015	1196.994	1234.568	1188.943	1234.568	236682.9692
3/31/2015	1185.364	1197.889	1179.102	1196.994	172487.7159
3/30/2015	1207.729	1207.729	1184.47	1184.47	62607.97725
3/27/2015	1190.732	1209.519	1181.786	1181.786	56141.50433
3/26/2015	1180.891	1220.254	1171.945	1190.732	266796.5008
3/25/2015	1166.577	1189.837	1162.999	1180.891	259324.0079
3/24/2015	1161.21	1164.788	1154.053	1159.42	236375.5742
3/23/2015	1170.156	1179.996	1160.315	1164.788	339313.775
3/20/2015	1180.891	1180.891	1170.156	1170.156	257474.0489
3/19/2015	1185.364	1196.099	1182.68	1185.364	312408.3293
3/18/2015	1177.313	1207.729	1176.418	1180.891	280271.5797
3/17/2015	1189.837	1193.416	1162.999	1177.313	173594.3379
3/16/2015	1198.783	1198.783	1176.418	1190.732	189824.7937
3/13/2015	1171.945	1198.783	1171.945	1189.837	164210.407
3/12/2015	1127.214	1171.05	1127.214	1167.472	278695.4817
3/11/2015	1129.898	1129.898	1116.479	1127.214	299536.8624
3/10/2015	1139.739	1149.58	1130.793	1137.055	88619.18294
3/9/2015	1154.053	1157.631	1132.582	1140.633	161689.7681
3/6/2015	1162.999	1170.156	1145.106	1155.842	169061.659
3/5/2015	1151.369	1158.526	1137.95	1137.95	104279.5608
3/4/2015	1127.214	1157.631	1109.322	1142.423	99344.47382
3/3/2015	1086.957	1140.633	1086.957	1126.32	357438.9017
3/2/2015	1055.645	1086.957	1055.645	1085.167	98394.34383
2/27/2015	1073.537	1073.537	1055.645	1055.645	80721.92604
2/26/2015	1071.748	1071.748	1061.907	1068.17	93783.41888
2/25/2015	1081.589	1081.589	1064.591	1071.748	118028.5006
2/24/2015	1073.537	1076.221	1070.853	1071.748	232183.8242
2/23/2015	1078.01	1078.01	1072.643	1073.537	110064.1757
2/20/2015	1072.643	1078.01	1063.697	1078.01	69510.39217
2/18/2015	1073.537	1074.432	1065.486	1065.486	109695.3017
2/17/2015	1073.537	1073.537	1064.591	1069.064	158934.3911
2/16/2015	1088.746	1090.535	1067.275	1073.537	149159.2302
2/13/2015	1073.537	1091.43	1071.748	1078.01	444811.7377
2/12/2015	1069.064	1082.483	1055.645	1071.748	185146.8008
2/11/2015	1073.537	1096.797	1073.537	1078.01	374088.5325
2/10/2015	1062.802	1073.537	1060.118	1073.537	311212.2833
2/9/2015	1055.645	1067.275	1044.015	1061.907	255232.86
2/6/2015	1064.591	1064.591	1042.226	1051.172	231909.9632
2/5/2015	1073.537	1073.537	1053.856	1055.645	144330.3343
2/4/2015	1073.537	1095.903	1071.748	1082.483	490077.0482
2/3/2015	1028.807	1095.903	1023.439	1073.537	669964.6
2/2/2015	1084.273	1084.273	1028.807	1055.645	256132.689
1/30/2015	1084.273	1084.273	1054.75	1082.483	218569.0204
1/29/2015	1067.275	1091.43	1067.275	1082.483	431325.4809
1/28/2015	1051.172	1066.38	1050.277	1066.38	93218.92989
1/27/2015	1051.172	1065.486	1050.277	1062.802	177920.2239
1/26/2015	1052.067	1061.013	1043.12	1052.067	124293.7695
1/23/2015	1046.699	1058.329	1044.015	1049.383	271228.5778
1/22/2015	1025.228	1046.699	1019.86	1045.804	519089.5468
1/21/2015	1053.856	1053.856	984.076	1043.12	124897.3815
1/20/2015	1010.02	1049.383	993.022	1027.912	383824.5704
1/19/2015	984.076	1017.177	984.076	1010.914	291952.5895
1/14/2015	984.076	1001.968	983.181	987.654	98992.36682
1/13/2015	984.076	984.076	979.603	981.392	32108.80462
1/12/2015	991.233	991.233	975.13	983.181	169777.051
1/9/2015	984.076	1011.809	979.603	993.022	291455.1685
1/8/2015	966.184	975.13	965.289	967.973	241741.0141
1/7/2015	970.657	970.657	965.289	967.078	301912.1874
1/6/2015	981.392	981.392	961.711	970.657	341951.7829
1/5/2015	930.399	984.076	930.399	984.076	118095.5686
