ICT 1216

12/27/2019	129	131.3	127.1	128.6	1669580
12/26/2019	127.5	129.4	125.2	129.4	523710
12/23/2019	126.6	129.9	126.6	128.3	2567870
12/20/2019	130	130	124.7	130	4444120
12/19/2019	133	133	127.2	130	4434910
12/18/2019	134.9	134.9	130.1	133	2513860
12/17/2019	125	135	124.2	135	4820100
12/16/2019	126.8	130.8	125.2	127.9	1844850
12/13/2019	122.9	126.6	120	126	2882280
12/12/2019	120	121.4	117.5	121.4	4270550
12/11/2019	118	121.7	117.2	120.5	1140780
12/10/2019	117.6	119.3	117	117	1046210
12/9/2019	120.2	120.9	118.2	119.5	983270
12/6/2019	118	120.9	117.1	120	797190
12/5/2019	123.2	123.3	118.5	119	1934710
12/4/2019	122.8	123.8	120.2	123.3	1601380
12/3/2019	119.8	124.1	119.8	122.8	1676430
12/2/2019	121.5	124.5	121.5	124	1384170
11/29/2019	121.2	124	121.1	123.6	588410
11/28/2019	121.5	123.5	121	123.2	1208070
11/27/2019	122.9	123.4	121.4	123.4	1752050
11/26/2019	121.5	123	120.4	123	3834300
11/25/2019	119.7	122.2	119.7	121.5	1027110
11/22/2019	120.5	122.9	119.2	121.8	2064740
11/21/2019	121	125	120.8	122	2556290
11/20/2019	121.2	125.9	119.9	124	1326840
11/19/2019	119.9	123.3	119.9	122.1	919750
11/18/2019	123	123	119.6	122.3	589820
11/15/2019	120.5	122.8	120.5	122.2	1242200
11/14/2019	122.4	124.5	120.5	122	1502610
11/13/2019	122.4	124	122.2	124	503860
11/12/2019	126	126	122	123.9	1226030
11/11/2019	123.8	126	123.1	124	732960
11/8/2019	124	124	121.2	123.8	902090
11/7/2019	123.8	123.9	121.1	123.8	1742630
11/6/2019	122.8	124	122.2	123.7	965640
11/5/2019	122	125	122	125	3143460
11/4/2019	121.8	124.1	120	122	2303440
10/31/2019	122.1	122.5	118.5	118.7	1779790
10/30/2019	123.5	123.5	121.8	122.1	934550
10/29/2019	123.4	123.4	120	123	1083980
10/28/2019	122	123.4	121.6	122.4	1122820
10/25/2019	122.9	123.2	121.7	122.7	1154970
10/24/2019	122.3	123.5	121.5	122.9	1088010
10/23/2019	123	123.7	121.1	123	1318130
10/22/2019	121.6	123.7	121.3	123.7	1756410
10/21/2019	121.8	123.1	121.7	123	2015780
10/18/2019	122.9	122.9	121.5	121.7	1831600
10/17/2019	121.3	123.4	120.6	122	1475030
10/16/2019	120.5	122.2	120	121.3	1275220
10/15/2019	120.1	122	120.1	121	1924270
10/14/2019	119	122	119	121	1046970
10/11/2019	120.3	121.4	118.5	120	2132150
10/10/2019	115.6	120.8	115.6	118	2712970
10/9/2019	118.8	118.8	114.1	116	1659310
10/8/2019	120.1	122.8	117.8	119	2926020
10/7/2019	120.4	121.6	118	121.1	1283060
10/4/2019	121.3	121.8	118.1	121	2630380
10/3/2019	115.5	121.1	115	120.6	3017150
10/2/2019	121.7	121.7	115.5	115.5	1847240
10/1/2019	120.1	120.2	116.7	120	1285620
9/30/2019	122.5	122.9	120	120.4	2644620
9/27/2019	127	127.1	122.1	122.5	3137290
9/26/2019	128	128.1	126.5	127	1298630
9/25/2019	130.1	130.7	128.5	129.1	962940
9/24/2019	129.2	130.9	129.2	130	1153570
9/23/2019	130	132.6	129.2	130	1630260
9/20/2019	130.9	133.4	130	131.4	2048070
9/19/2019	129.5	130.8	129.1	130	964400
9/18/2019	132	132.8	129.2	130	823170
9/17/2019	134	136.8	131.9	133.3	745260
9/16/2019	132.5	137.2	131.2	137.2	1378640
9/13/2019	131.6	133.5	131	131.4	614280
9/12/2019	133.3	135.5	132	132	1272020
9/11/2019	134.3	138.5	132	135	1076190
9/10/2019	129.5	134.9	129.5	134	1194250
9/9/2019	131	133	129.3	131.6	624390
9/6/2019	129.9	131	127.6	131	670220
9/5/2019	126	128.5	126	127.4	1470970
9/4/2019	130	132.7	125.5	126	1851370
9/3/2019	134	134	129.4	130.2	728810
9/2/2019	135.7	135.7	133	133.5	293780
8/30/2019	132.7	135.8	132.1	135.8	1854410
8/29/2019	131	131	128.3	130	3071800
8/28/2019	131.1	131.1	127.3	130	3862350
8/27/2019	130	131.1	125.1	131.1	7070270
8/23/2019	129.9	132.3	128.9	132.3	1657610
8/22/2019	129	131.4	127	130	1856430
8/20/2019	131.8	132.5	130	131	897960
8/19/2019	129	131.5	128.2	131.5	1068050
8/16/2019	124	129.2	124	128.5	1017040
8/15/2019	124	125.9	121	124	2291130
8/14/2019	125.9	130	123.9	127.5	1842080
8/13/2019	127.4	130.5	120	120	2311550
8/9/2019	130	133.9	125.5	125.5	1570540
8/8/2019	127.9	134.5	127.9	130	3667380
8/7/2019	123.1	126.8	123.1	126	3333630
8/6/2019	123.9	124.5	122.6	122.9	3179130
8/5/2019	129.7	130.9	124.6	124.6	2883850
8/2/2019	133.1	133.9	129.1	129.7	1519510
8/1/2019	134.9	135.4	132.1	135	1327560
7/31/2019	135	135.9	129.9	135	1478420
7/30/2019	129.3	135	129.3	135	1514890
7/29/2019	132	134	128.2	129	886000
7/26/2019	134.3	135.9	132.4	133	721990
7/25/2019	136	137.3	134.1	137	1782170
7/24/2019	135.3	138	131.8	135	1077580
7/23/2019	139.8	139.8	135	135	1804140
7/22/2019	139.5	143.5	137.6	137.7	751910
7/19/2019	143.9	144	141.6	141.6	1293940
7/18/2019	141.5	145	141.2	142.7	703080
7/17/2019	143.2	147	141.4	141.4	862810
7/16/2019	147.4	147.4	143	143	652590
7/15/2019	141.3	147.6	141.3	147.6	1288060
7/12/2019	143	144.7	142.8	143.6	1061600
7/11/2019	143.8	143.8	138.1	142.9	1567140
7/10/2019	141.7	143	138	142.5	1088400
7/9/2019	141.5	143.5	141.5	142	1141540
7/8/2019	143.2	144.7	142.2	142.2	1613800
7/5/2019	145.9	146	144	144.7	348290
7/4/2019	145.3	146.9	145.3	146	573300
7/3/2019	146	146.9	144.7	146.5	1085240
7/2/2019	144	146.4	143.6	146.4	1608570
7/1/2019	146	146.4	143.5	144.5	671330
6/28/2019	144.2	146.4	143	146.4	1228960
6/27/2019	144.8	147	144.4	146.9	1492130
6/26/2019	144.8	144.8	143.2	144.4	1264390
6/25/2019	143.6	145.8	143	144.8	656780
6/24/2019	143.7	147	143.5	143.5	1940500
6/21/2019	144	146.8	143.5	144.3	4566410
6/20/2019	145.1	147.3	143.3	144	1853880
6/19/2019	147.6	147.7	145.7	146.5	1369910
6/18/2019	143.1	147.8	143.1	147.8	1526510
6/17/2019	146.7	147.4	144.7	144.7	1162500
6/14/2019	146	148	142.5	148	1892720
6/13/2019	148	148.9	145	148.5	4532200
6/11/2019	140	146.3	139.9	144	3225260
6/10/2019	137.5	139.9	136	139.9	2921390
6/7/2019	136.5	138	136	137.5	1219190
6/6/2019	136	137	134.9	136	1483460
6/4/2019	134.9	135.8	134	134.9	2597920
6/3/2019	136.9	136.9	134	134.5	3243470
5/31/2019	136	137.2	134.8	136	2083810
5/30/2019	136	137	135.1	135.9	1571580
5/29/2019	135.5	137.7	133.8	134	1478260
5/28/2019	136	138	135	137.3	13123760
5/27/2019	134.3	136.9	134.3	135.9	1124860
5/24/2019	135.4	136	134.3	134.9	2325740
5/23/2019	136	137.9	135.4	136	1957170
5/22/2019	135.4	138.9	135.4	136	1357810
5/21/2019	138.5	139.9	135.1	135.2	1524340
5/20/2019	139.5	142.5	138	139.5	1428030
5/17/2019	137.1	142.7	135.1	139.9	3908240
5/16/2019	142	146	134.5	134.5	3189410
5/15/2019	136.9	144.5	136.7	141.5	2955180
5/14/2019	133.5	137.8	133	136.2	6414720
5/10/2019	133.6	134.1	129.9	133	1754930
5/9/2019	133	134.9	129.3	131	4219190
5/8/2019	138.5	138.5	131.5	135	2836710
5/7/2019	128	137.9	128	136.4	2525040
5/6/2019	137	137	128	128	2261200
5/3/2019	131.7	137.9	130.9	136.7	2838170
5/2/2019	127.7	133	127.7	131.9	4218080
4/30/2019	124	126.5	124	126.5	2712430
4/29/2019	125.2	125.6	124	125.6	759800
4/26/2019	124.4	126.2	123.2	125.2	2036500
4/25/2019	121.4	125	121.4	124	3219290
4/24/2019	120	121.9	119.3	121.4	3486780
4/23/2019	129	129	127.3	127.5	2461370
4/22/2019	130	130.8	128.2	129.3	1172930
4/17/2019	125.8	130	125.8	129	3741570
4/16/2019	127	127	125.4	126.6	2110490
4/15/2019	126	127	125.1	127	1276840
4/12/2019	131	131.2	125.8	127.3	2476700
4/11/2019	132	133.5	131.1	131.2	2272540
4/10/2019	129.9	133.5	129	133.3	3870830
4/8/2019	123	129.6	123	129.6	1209660
4/5/2019	125	126.3	123.1	123.5	743170
4/4/2019	128	128.4	122.6	123.8	1721900
4/3/2019	130	130	128.2	129.4	851410
4/2/2019	129.3	130	129	130	1091140
4/1/2019	130.7	131.1	128.1	128.9	1601170
3/29/2019	127.5	132	127.4	130.7	5065450
3/28/2019	126.9	129	126	127.5	1783720
3/27/2019	125.5	127.8	125.1	127	2560760
3/26/2019	124	128.5	122	125.5	1615980
3/25/2019	124.2	124.3	120.1	124	1574850
3/22/2019	121.2	124.9	121.2	124.2	3041990
3/21/2019	120	122	119	121.4	1271930
3/20/2019	122	122.5	121.2	122	2703910
3/19/2019	118.2	122.5	118.2	120.8	5042840
3/18/2019	118.2	119.2	118.2	119	1470060
3/15/2019	119.5	120	117.5	119.5	8537360
3/14/2019	116.9	122	116.9	118.9	4149290
3/13/2019	116.9	119.8	116.8	118.3	1570750
3/12/2019	114.9	120.4	114.3	119	3774330
3/11/2019	113.6	114.1	113	114	2402590
3/8/2019	114.9	115.2	113	114	3787420
3/7/2019	114.5	116	113.8	114	1754890
3/6/2019	111	116.5	111	116.5	6840960
3/5/2019	117.5	118	112.8	112.8	2515340
3/4/2019	112	113	108.8	113	3126440
3/1/2019	114.5	114.5	111.2	113	3009930
2/28/2019	120.1	120.1	116	116	27250789
2/27/2019	119.6	119.9	118.9	119.3	4492040
2/26/2019	117.5	121.6	117.5	119.6	4119730
2/22/2019	119	119.9	119	119.4	1996820
2/21/2019	119.5	120	118.6	119	3988990
2/20/2019	116	121	116	119	4166690
2/19/2019	118.8	119.3	117.5	117.8	2746210
2/18/2019	115.8	120	115.8	118	3165020
2/15/2019	115.8	116.8	115	115	2369370
2/14/2019	115	116.9	114.6	115.9	2946830
2/13/2019	116.5	118.3	113.7	115	2615570
2/12/2019	121.5	122	116.9	116.9	8348200
2/11/2019	113	117.7	113	114.7	2271840
2/8/2019	110.1	114.2	110	114	5269130
2/7/2019	111.6	111.6	110.2	111.1	3154020
2/6/2019	109	111.7	109	111	966700
2/4/2019	109.5	110.6	108.6	108.6	1324670
2/1/2019	108	111	107.5	108.5	1700790
1/31/2019	106.3	109.5	106.3	108.2	3840200
1/30/2019	106.5	107.9	106.1	106.3	1695310
1/29/2019	108.9	108.9	106.5	107.5	2358980
1/28/2019	107	109.6	107	108.6	3049540
1/25/2019	106	108	106	107.5	2336400
1/24/2019	106	107.7	106	107.4	594590
1/23/2019	105.5	107.4	105.5	107	685100
1/22/2019	107.8	109	106.8	107.4	1255010
1/21/2019	108	110	104	104	430370
1/18/2019	106	109	104	108	1231670
1/17/2019	104.8	106	104	104	1257470
1/16/2019	104.3	105.6	102.8	104.8	821320
1/15/2019	104.2	105.7	102.3	102.3	1739370
1/14/2019	101.3	105.5	101.3	105	1229880
1/11/2019	103.6	104.5	102.7	104.5	910250
1/10/2019	104.7	105	102.3	104.6	3315160
1/9/2019	100	104.6	98.75	104	2923920
1/8/2019	101	101.5	98.8	98.9	1138070
1/7/2019	100	101.2	99.7	100	1539000
1/4/2019	100	101.9	99	99	1169420
1/3/2019	99.4	100	98.95	100	1086910
1/2/2019	99	99.95	98.95	99.5	651950
12/28/2018	98.25	100.1	98	100	734990
12/27/2018	99	102	98	98	476240
12/26/2018	99.95	99.95	98.45	99	2110400
12/21/2018	101.7	103	100	103	1297890
12/20/2018	101	103.5	100.9	102	857040
12/19/2018	100	101.3	99.5	101.3	3566850
12/18/2018	98	100.4	98	99.5	3678230
12/17/2018	98	100.2	96.45	99	1690660
12/14/2018	96.45	98.35	95.95	98	5135640
12/13/2018	96	96.4	95.05	95.8	3056400
12/12/2018	94.4	95.9	93.9	95.05	9263370
12/11/2018	94.5	95.95	93.7	94.4	1217830
12/10/2018	93.6	94.6	93.5	94.4	409050
12/7/2018	93.5	94.95	93.5	94.5	919630
12/6/2018	95	95	93.65	94	832430
12/5/2018	94.6	95	93.5	95	799830
12/4/2018	93.5	95.6	93.5	95.55	1747340
12/3/2018	93.8	95	93.5	93.5	3307280
11/29/2018	96.5	98.7	93.5	93.5	7414180
11/28/2018	97	97.8	96.5	96.85	1001370
11/27/2018	98	98.05	96.6	96.6	2232580
11/26/2018	94.7	98.5	94.7	98	8474740
11/23/2018	95	95	94.1	94.45	732780
11/22/2018	93.9	95.2	93	94.7	807260
11/21/2018	94.2	94.2	93	93.9	1185520
11/20/2018	95.3	95.5	93.95	94.5	475880
11/19/2018	94	96	94	95.3	4439250
11/16/2018	92.3	94	92.3	94	1464760
11/15/2018	92.5	92.6	92.05	92.3	557810
11/14/2018	92.9	92.9	91.6	92.4	890250
11/13/2018	91	92.9	91	92.9	1072300
11/12/2018	92	93.5	91.85	92	2092970
11/9/2018	92.25	93.8	92	92.15	6180360
11/8/2018	91.9	92.5	91.4	92.25	2652560
11/7/2018	91.5	92.9	91.5	92	885600
11/6/2018	93.8	94.9	91.4	91.4	422320
11/5/2018	90	93.8	90	93.8	1105370
10/31/2018	89.9	91	89.45	90.5	7582670
10/30/2018	91.25	92	90.15	91	1368700
10/29/2018	88.3	92	88.3	91	1233870
10/26/2018	87.4	90.8	87.3	90	2656230
10/25/2018	93.5	93.5	89.5	90.2	4328090
10/24/2018	92.2	94	92.2	93	768810
10/23/2018	92.7	94.5	92.6	92.65	312170
10/22/2018	95.2	95.2	93.2	93.2	565690
10/19/2018	94	95.1	93.9	95	526830
10/18/2018	92.7	96	92.7	95	803260
10/17/2018	93.75	95.05	93.75	94	490950
10/16/2018	93.25	93.6	93.05	93.5	5655920
10/15/2018	92	93.5	92	93	721370
10/12/2018	93	93.75	91.35	93.05	1362380
10/11/2018	94.95	95	91.05	93	891120
10/10/2018	94.5	95.25	94.5	95	694860
10/9/2018	94	94.9	93	94.8	1516330
10/8/2018	95.45	95.45	94	94	1022640
10/5/2018	94.15	95.45	93	95.45	417390
10/4/2018	95	95.1	94.15	94.15	742910
10/3/2018	92.1	95	92.1	95	368440
10/2/2018	92	94.65	90.6	94.15	562700
10/1/2018	92.8	94.15	91.3	92	803210
9/28/2018	92.5	95	92.5	94.1	637750
9/27/2018	90.5	95.3	90.5	94	775260
9/26/2018	91	91.5	90.5	91.5	548260
9/25/2018	92.9	92.9	91.05	91.5	76870
9/24/2018	90.5	93	90.5	92.9	1228270
9/21/2018	89.1	93.4	89.1	92.95	1525100
9/20/2018	91.7	91.7	89.1	90	584290
9/19/2018	92.2	93.5	92.1	92.7	287800
9/18/2018	94	94	92.5	93.5	1962350
9/17/2018	94.15	94.15	92.5	93.9	468850
9/14/2018	90.15	94.2	90.15	94.2	601780
9/13/2018	91	93.6	90.9	93.5	810400
9/12/2018	90.5	93	90	90.05	703590
9/11/2018	91.55	92.5	91.55	92	1849680
9/10/2018	92.85	93.05	90	92	841600
9/7/2018	92.4	93	92	92.85	623920
9/6/2018	92.25	93.6	91.3	92.4	629370
9/5/2018	95	95.1	93.15	94	667620
9/4/2018	95	95.9	94.9	95	2881880
9/3/2018	93.1	94.5	92.15	94	609500
8/31/2018	94	94.7	93.15	93.65	1256560
8/30/2018	94	95.9	93.6	94.7	1772430
8/29/2018	93	95	93	95	923600
8/28/2018	91.5	95.7	91.5	95.15	6442090
8/24/2018	92.8	93	89.5	92.5	6822650
8/23/2018	91.1	94.4	91.1	93.15	1222360
8/22/2018	89.95	91	89.9	91	1059140
8/20/2018	89.95	90	88.9	90	311980
8/17/2018	86.8	90	86.8	89.95	556580
8/16/2018	88.6	89.6	87	87.05	1094610
8/15/2018	88	90.8	88	89.5	1245180
8/14/2018	88	89.5	87.1	89.5	548320
8/13/2018	88	90	87.05	88	705500
8/10/2018	90.4	90.55	88.45	88.45	1186860
8/9/2018	91.5	92	90	91	1212740
8/8/2018	86.85	92.8	86	92.15	4761920
8/7/2018	86.8	87.6	86	86	1061910
8/6/2018	85.9	87.3	85	86.85	983970
8/3/2018	85.6	86.55	85.5	85.5	637730
8/2/2018	89	89	86	87	356000
8/1/2018	88.8	89.1	87	89	679200
7/31/2018	86.65	89	86.45	89	1018790
7/30/2018	84	88.4	84	88.4	1128480
7/27/2018	83.7	83.7	83.35	83.55	1616180
7/26/2018	80.7	84.1	80.6	83.35	1294770
7/25/2018	80.1	82.8	80.1	82.3	1220770
7/24/2018	81	82.5	80.8	82.5	267250
7/23/2018	81	81	79.65	80.5	4419380
7/20/2018	79	79.6	78.8	79.6	380630
7/19/2018	79.95	80.5	79.15	79.85	772050
7/18/2018	81.15	81.3	80.05	80.5	413420
7/17/2018	80.5	81.5	79.55	81	573670
7/16/2018	79.5	79.9	79.3	79.5	1037080
7/13/2018	79.5	79.65	79.1	79.4	2938710
7/12/2018	79.5	80.15	79.1	79.4	1279750
7/11/2018	78.9	79.55	78.9	79.35	1166190
7/10/2018	78.8	79.2	78.8	79	1575790
7/9/2018	79	79.6	79	79.3	585320
7/6/2018	79.2	79.2	78.8	79	2047300
7/5/2018	79.5	79.8	78.7	79.2	686630
7/4/2018	78.5	79.8	78.5	79.5	719310
7/3/2018	79.5	79.5	77.85	78.5	1224430
7/2/2018	77.5	79.45	77.5	78	1639080
6/29/2018	79	79	77.05	77.3	1296440
6/28/2018	78.2	78.2	76.95	77.2	1873570
6/27/2018	78	80	77	78	3274910
6/26/2018	79.6	80.7	78	80	2428380
6/25/2018	82	82.75	79.9	80	860280
6/22/2018	78.6	80	77.15	79.4	2020060
6/21/2018	82	82	77.5	79	5385700
6/20/2018	83.1	84	81.55	81.55	490120
6/19/2018	84.5	84.5	82.2	84	1256220
6/18/2018	84.35	86	84	86	1611730
6/14/2018	86	86.5	85	86.05	2108460
6/13/2018	87	87.95	85.15	86	2112050
6/11/2018	86.95	88.5	86.5	88.5	1035670
6/8/2018	87	87.05	86.8	86.95	2069550
6/7/2018	87	87.25	86.8	87	1941470
6/6/2018	87.6	87.75	86.65	87	2103390
6/5/2018	85.1	87.75	85.1	87.5	3351490
6/4/2018	83.35	85.55	82.85	85	4863450
6/1/2018	84.35	84.35	83	83.35	2551890
5/31/2018	83	84.5	82	84.5	5654440
5/30/2018	84	84.3	82.55	83.6	2019480
5/29/2018	83	84.9	82	84.3	161360
5/28/2018	83	84.5	83	83	1838410
5/25/2018	83.2	84.8	83	83.2	1093140
5/24/2018	81.8	83.2	81.8	83	832880
5/23/2018	83.2	83.2	81.6	82.3	1258910
5/22/2018	82.8	83.2	81.6	83.2	2720060
5/21/2018	83	83	81	82	6118740
5/18/2018	82.05	82.85	81.75	82	1912860
5/17/2018	82.15	82.7	81.4	82	2855990
5/16/2018	82.2	82.95	81	82.95	3000510
5/15/2018	83	83	81	82.2	3870470
5/11/2018	81.5	83.3	81.25	83	2265490
5/10/2018	79.5	82	79.2	81.05	2509410
5/9/2018	82.85	82.85	79.25	81	2415000
5/8/2018	84	84.5	82.2	82.9	955310
5/7/2018	85.75	85.75	84.1	85	507560
5/4/2018	85	85	82.95	84.8	2337140
5/3/2018	86.95	87	84.55	84.9	1169820
5/2/2018	84.6	86.95	84.55	86.95	3365710
4/30/2018	83.9	87	82.7	84.6	2784200
4/27/2018	86	88	83.5	84.25	1785870
4/26/2018	85.95	86	83.7	86	2379470
4/25/2018	88.75	88.95	83.5	85.4	1271960
4/24/2018	91.85	91.85	87.1	88.75	951530
4/23/2018	93.35	94	90.5	91.5	647980
4/20/2018	92.2	94.2	92	93.35	356790
4/19/2018	93.6	94.95	92.25	94	2259890
4/18/2018	97.5	97.55	93.7	95.6	536140
4/17/2018	98	98	93.8	97.5	878570
4/16/2018	98	99.4	97.25	98	226150
4/13/2018	99.1	99.1	97.3	97.65	686520
4/12/2018	99	99.25	97	99.1	645960
4/11/2018	97.2	99	97.2	99	249320
4/10/2018	100	100	96.6	97.2	1611950
4/6/2018	100	100	97.5	99.4	768470
4/5/2018	98.5	100.4	98.5	100	1630790
4/4/2018	101	101	98.2	98.3	397150
4/3/2018	98.2	100.2	97	100	471520
4/2/2018	100	100.1	97	98	1827960
3/28/2018	99.05	102	99	100	2017900
3/27/2018	98.65	103	98.65	100.9	1495910
3/26/2018	101	101.1	97.2	100	1403200
3/23/2018	103.8	103.8	100	103	598600
3/22/2018	104.6	108	103.8	104	2049020
3/21/2018	106	107.9	104	104.7	1116400
3/20/2018	109	109	103	105.3	1673100
3/19/2018	107.5	109	107.5	108.9	750410
3/16/2018	107	109	106.3	109	3375490
3/15/2018	109	109	107.6	108	1151600
3/14/2018	109	109.8	107	107.6	2834490
3/13/2018	109.4	109.5	108.3	109	691810
3/12/2018	109.1	109.9	109	109.4	781960
3/9/2018	109.9	110.2	108.7	109.9	682280
3/8/2018	107.6	110.1	107.6	109.9	624340
3/7/2018	110	110	107.2	109.4	996600
3/6/2018	110	110	108.5	110	484070
3/5/2018	110	111.6	108.3	108.5	655350
3/2/2018	108.1	110	107.9	110	400730
3/1/2018	110.3	110.3	108.3	109	580950
2/28/2018	110	111.8	110	110	1227760
2/27/2018	109.9	111.7	109.9	110.7	776590
2/26/2018	110	110	108	109.9	919930
2/23/2018	109.9	110.3	109.8	110	1427190
2/22/2018	111	111	108	109.9	1284710
2/21/2018	110	111.4	109.9	109.9	500540
2/20/2018	110.4	110.4	109.9	110	1708660
2/19/2018	109.9	111.1	109.9	110.4	787560
2/15/2018	110	110	109.2	110	485660
2/14/2018	109.9	110	108.2	110	377870
2/13/2018	109.9	110.5	108.6	110.4	969150
2/12/2018	110.5	111	108.1	110	612100
2/9/2018	110	110.5	107.5	110.5	616990
2/8/2018	112	112	109.9	111	360120
2/7/2018	110	111.9	108	111	589490
2/6/2018	107.9	110	106	109.9	1347330
2/5/2018	108.6	109.5	106.8	109.5	1343710
2/2/2018	110.9	112	110	110	608280
2/1/2018	112.7	112.7	110	110.8	1096440
1/31/2018	109.9	113.5	108.9	113.5	961670
1/30/2018	112	112	110	110	1229570
1/29/2018	111	114	111	112	1657910
1/26/2018	113.5	113.5	112	113	597680
1/25/2018	110.1	113.5	109.5	113.5	798170
1/24/2018	114	114	110	110.1	771010
1/23/2018	113.9	113.9	112.1	113	346060
1/22/2018	112	115	111.5	112.8	757810
1/19/2018	111.7	112.7	111.4	112	389140
1/18/2018	112.6	112.6	111	111.8	496950
1/17/2018	109.3	112.9	109.3	111	532270
1/16/2018	111.8	114	109.2	109.2	1472820
1/15/2018	108.5	112	107	112	370500
1/12/2018	110.7	112	108.5	108.5	1308790
1/11/2018	112	112	109.6	110.7	1320530
1/10/2018	108	112.4	107.9	112	1003570
1/9/2018	108	111	108	110.5	899190
1/8/2018	108	109.2	107.6	107.8	675840
1/5/2018	107	111.1	107	107	2730470
1/4/2018	108	108	106.4	107	453560
1/3/2018	106.5	108.3	105.5	108	1154010
12/29/2017	106.5	106.5	105.3	105.5	697480
12/28/2017	106	106.5	105.6	105.9	708990
12/27/2017	106	106.4	105	106	181290
12/22/2017	105.9	106.4	105	105	928510
12/21/2017	105	105.9	104.2	105.5	444730
12/20/2017	105	105	104.2	104.8	321090
12/19/2017	105	105.8	104.9	105	319670
12/18/2017	105	105.6	103.5	105	562010
12/15/2017	105.4	105.5	104	105	1895240
12/14/2017	104.9	105.4	103.8	104.5	2151730
12/13/2017	102.6	105	102.6	104.3	302800
12/12/2017	103.5	104.6	102.5	102.5	1466800
12/11/2017	104	105.2	103.5	104.6	286000
12/8/2017	104	105.5	103.4	104.5	1336620
12/7/2017	103.2	105	102.9	104	434840
12/6/2017	104	105.1	102.9	105	491600
12/5/2017	103	104.9	102.5	102.5	388240
12/4/2017	105.2	105.2	102.9	103	781860
12/1/2017	104.3	108.7	104.3	106.5	2001140
11/29/2017	105.8	105.9	103.1	105.9	1054360
11/28/2017	105	106.5	104	106	828730
11/27/2017	106.5	107.1	103.5	107.1	342400
11/24/2017	104.5	106.9	102.8	106.9	653190
11/23/2017	104	104.7	101.6	104.7	181140
11/22/2017	103.3	104	102	103	377840
11/21/2017	104	104.8	103	103.3	456820
11/20/2017	104.9	105	103	103	707950
11/17/2017	101	105	101	105	586740
11/16/2017	100.4	103	100.2	100.8	1144730
11/15/2017	102	103	101.7	103	322190
11/14/2017	102.4	103.4	102	102.4	1453870
11/13/2017	101.8	104	101.8	102.4	440940
11/10/2017	103	104	101.5	102	1018000
11/9/2017	102.5	104	101.8	102.4	894640
11/8/2017	103	104	101.5	102.3	419280
11/7/2017	102.7	104	102.7	103	897230
11/6/2017	102.2	103.5	102.2	102.7	460290
11/3/2017	105.3	106	101.5	101.5	1051050
11/2/2017	105.9	106	102.6	103.8	810330
10/30/2017	105.1	106	102.3	105.9	332050
10/27/2017	104.9	104.9	103.5	104	1503740
10/26/2017	102	103	101.6	103	431100
10/25/2017	102.9	102.9	101.6	101.8	557080
10/24/2017	103	104	102	102	360520
10/23/2017	103.4	104	102.4	103	401250
10/20/2017	104	104	102	103.4	334850
10/19/2017	102	103	101.7	102	1479240
10/18/2017	105	105	101.6	102	1333780
10/17/2017	105	106	103.5	103.5	954430
10/13/2017	104.1	105.5	104.1	104.5	917560
10/12/2017	105	107	104	104.1	1495240
10/11/2017	106	107.5	103.8	104.4	521270
10/10/2017	106.8	106.8	106	106	1023260
10/9/2017	106.8	107.5	106	106.1	776300
10/6/2017	105.6	106.1	104.9	105.8	1510180
10/5/2017	104.9	106	104.9	105	1807680
10/4/2017	104.9	105.4	104.3	104.9	639910
10/3/2017	104	105	104	104.6	1805030
10/2/2017	105	105	103	104.6	968710
9/29/2017	104	105	102	104	2003220
9/28/2017	105.9	105.9	102	103.1	1684570
9/27/2017	104	105.4	102.5	103.9	802060
9/26/2017	104	104.3	103	104	591960
9/25/2017	107.6	107.8	102	103	1539610
9/22/2017	106.7	106.7	105.4	105.6	719990
9/21/2017	107.6	107.9	105.3	105.6	737330
9/20/2017	104.8	107.9	104.8	105.5	1426950
9/19/2017	108	108	104.6	104.6	1798890
9/18/2017	108.5	108.8	106.5	107.6	1888510
9/15/2017	105.1	108.8	105.1	108.8	2179350
9/14/2017	107.9	107.9	106.2	106.2	1012730
9/13/2017	108	108.3	106	106	2367760
9/11/2017	108.5	108.5	106.6	106.9	1290750
9/8/2017	105.8	107.3	105.6	106	1007940
9/7/2017	104	105.9	104	105.6	1587410
9/6/2017	103	104.2	103	104.2	949970
9/5/2017	104.5	105.3	103.7	104.5	168630
9/4/2017	106	106	104	104	801770
8/31/2017	105.5	105.5	103.3	104.4	2178970
8/30/2017	104.1	104.8	103	104.8	370090
8/29/2017	105.9	105.9	103.1	103.1	888190
8/25/2017	105.8	105.8	103.5	104.2	1852050
8/24/2017	106.5	106.5	105	105.7	408840
8/23/2017	107	107	105	105.5	3895010
8/22/2017	105.8	107	105.7	106	1787820
8/18/2017	105.3	105.6	104.5	105	1218020
8/17/2017	104.5	105	103	104.3	2332330
8/16/2017	103.8	103.8	103.2	103.3	634260
8/15/2017	105	105	103.1	103.5	753240
8/14/2017	104.6	105	103	103	402120
8/11/2017	105.5	105.5	103	104.6	929170
8/10/2017	104	104.5	103	104.5	526700
8/9/2017	106	106.5	102	103.3	2896310
8/8/2017	106	106.6	104.5	105.2	1486880
8/7/2017	105.5	105.5	103.7	105	1807450
8/4/2017	105.5	105.9	103.6	103.6	2022250
8/3/2017	106	106	104	105.5	464710
8/2/2017	105.8	106	103.6	105	961810
8/1/2017	106	106.2	105	105.7	1508870
7/31/2017	108.4	109	105	106.8	1192750
7/28/2017	107.5	108.6	107.5	107.9	1236380
7/27/2017	110	110	106	106	810320
7/26/2017	108.8	109	108.8	108.9	1384890
7/25/2017	107.5	108.4	107.3	107.8	1887110
7/24/2017	106	107	105.8	106.6	813870
7/21/2017	108	108	105	106	1196370
7/20/2017	106	106.5	105.9	106.2	1951680
7/19/2017	104.5	105.7	103.7	105	3132620
7/18/2017	105	105	102.5	103.4	926460
7/17/2017	102.2	104	102.1	102.7	555660
7/14/2017	102.2	102.7	100.8	101.4	699120
7/13/2017	103	103.5	101	102.2	586090
7/12/2017	105	106.5	103	103	1288890
7/11/2017	101.7	105	101.7	104.2	2059460
7/10/2017	101	102	100	101	3585170
7/7/2017	99	101	99	101	2247590
7/6/2017	96.85	99.8	96.5	99	2537260
7/5/2017	96.95	97.45	96	96.85	2016000
7/4/2017	97.6	99	96.05	96.95	1774620
7/3/2017	98	99.15	97	97.5	2167220
6/30/2017	99.2	99.2	97.6	97.8	1979190
6/29/2017	101.9	101.9	99	99.5	1546630
6/28/2017	103.2	103.2	100	101.9	1748660
6/27/2017	98.25	102.9	98.25	102.7	5271570
6/23/2017	100.3	100.4	97.8	98.25	2575420
6/22/2017	101.4	101.4	100	100.4	2306450
6/21/2017	104	104	100.8	101.4	1305810
6/20/2017	103	104.4	102.8	103	1785010
6/19/2017	102	102.9	101.6	102.8	3091770
6/16/2017	104	104	100.7	102	24014949
6/15/2017	105	105.5	103.3	103.4	3792190
6/14/2017	106.2	107	102.7	105	2766500
6/13/2017	107	107.2	105.9	106	3192930
6/9/2017	103.5	106.9	103.5	105.8	4624850
6/8/2017	102.2	105	102.2	104	3229060
6/7/2017	101.9	102.6	101.7	102	4444790
6/6/2017	102	102	101	102	4362870
6/5/2017	101	102	100.7	101.5	2785470
6/2/2017	102	102	100.3	100.9	3477910
6/1/2017	100	102	100	102	2446310
5/31/2017	102	102	100	100	4058070
5/30/2017	102	102.6	101.8	102	2032740
5/29/2017	102	102.5	101.8	102	1692780
5/26/2017	100.4	102.5	100.4	102	1414260
5/25/2017	99.8	101	99.8	100.3	1210960
5/24/2017	100.8	101	99.2	99.8	1709360
5/23/2017	100.4	101.7	100.1	100.4	1411530
5/22/2017	99	100.3	99	100	2261020
5/19/2017	98	99	97.5	99	2953170
5/18/2017	97.5	98.4	96	98	3324810
5/17/2017	97.4	99.9	97.4	99.5	2267050
5/16/2017	98	98	97.35	97.4	2727920
5/15/2017	96.6	99	96.1	97.9	1227840
5/12/2017	93.65	96.8	90.95	96.8	2278780
5/11/2017	93	94	92.75	93.65	3339490
5/10/2017	92	95.5	91.95	93	2529960
5/9/2017	90.1	92.25	88.05	92	4775500
5/8/2017	90	91.3	89.6	90.1	2182380
5/5/2017	89.5	91.1	89.5	90	2856880
5/4/2017	88	89.5	87.9	88.95	3431840
5/3/2017	89.2	89.2	87.2	88	693620
5/2/2017	89.05	89.35	87.95	88.8	1468460
4/27/2017	89.1	89.4	88.75	89	751760
4/26/2017	89	89.35	88.75	89	1275910
4/25/2017	88.7	89.7	88.7	89	2869940
4/24/2017	88.45	89	88	88.6	173440
4/21/2017	88	88.1	87.7	88	2659440
4/20/2017	87	88.75	87	88	3642650
4/19/2017	88.65	88.9	87.5	87.9	1321870
4/18/2017	89.8	89.8	86.3	88.5	1023250
4/17/2017	90	90	89.2	89.85	2859650
4/12/2017	89.65	90	89.65	90	435580
4/11/2017	90	91	89.8	90.25	1775520
4/10/2017	89	90	88.65	90	927670
4/7/2017	90.75	91.1	89	89	2205440
4/6/2017	91.1	92.15	91	91	4882710
4/5/2017	90.7	92	90.7	91.1	3566300
4/4/2017	90.5	91	90.3	90.5	3266130
4/3/2017	89.95	91.3	89.5	90.5	2612410
3/31/2017	88	90.1	88	89.9	4460730
3/30/2017	86.2	89.2	86.05	88	5509810
3/29/2017	85.55	86.25	85.55	85.95	456750
3/28/2017	87	88	84.95	86	2031040
3/27/2017	88.8	88.8	85.75	87	710070
3/24/2017	87	89.95	87	87.5	2962040
3/23/2017	85.5	88	85.5	87	964800
3/22/2017	86	88.1	84.65	85.5	2309080
3/21/2017	85.5	89	81	88.1	3063770
3/20/2017	86.9	89.95	84	85.45	8785430
3/17/2017	84	86.2	84	86.05	4441820
3/16/2017	82.4	85.5	82	84.65	5444030
3/15/2017	79.1	81.7	79.1	81.5	3969150
3/14/2017	76.95	79.5	75.4	79.2	5230440
3/13/2017	75.1	75.6	74.8	75.4	508150
3/10/2017	75.55	75.95	74.9	75.1	672590
3/9/2017	76.5	76.9	74.5	75.95	2078530
3/8/2017	76.5	76.85	76	76.5	6059820
3/7/2017	76.25	76.7	75.5	76.5	1798580
3/6/2017	75	76.7	74.1	76	1762530
3/3/2017	76	76	75	75	2721330
3/2/2017	75.9	76.3	75.4	76	1861590
3/1/2017	74.05	75	74.05	75	2909150
2/28/2017	75.9	76.2	74	76	3214740
2/27/2017	76	76.45	75.75	76	1920760
2/24/2017	75.3	76.15	75.3	75.45	1369520
2/23/2017	75.75	76	75.3	75.8	2325800
2/22/2017	76	76	75.25	76	2186370
2/21/2017	76.2	76.4	75.85	76	2494680
2/20/2017	75.4	76.2	75.4	76	2025520
2/17/2017	77	77.05	75.05	75.4	7767560
2/16/2017	76.4	77.3	76.4	77	2050470
2/15/2017	75.5	78	75.5	76.5	5629760
2/14/2017	76.3	76.3	72.7	74.4	2310600
2/13/2017	76	76.5	75.8	76.35	1250520
2/10/2017	74.8	76.95	74.55	76	1922360
2/9/2017	76.1	76.1	74.05	74.85	2920290
2/8/2017	76.8	77	75.8	75.9	1133350
2/7/2017	76.2	77.05	76.2	76.8	638510
2/6/2017	77.05	78	76	76.2	746620
2/3/2017	77.5	78	77	77	311960
2/2/2017	77.6	79	77.05	77.5	1525290
2/1/2017	79.1	79.1	77.1	77.5	2970170
1/31/2017	78	78.1	77.45	77.45	3746490
1/30/2017	78.95	79	77.2	77.95	2859980
1/27/2017	78.75	78.85	78.25	78.65	1723160
1/26/2017	77.85	78.55	77.45	78.55	2714430
1/25/2017	77.05	78.05	77.05	77.8	917810
1/24/2017	75.4	77.15	75.35	76.7	2260700
1/23/2017	73.95	75.2	73.5	75.2	1653720
1/20/2017	73.85	73.95	73	73.9	507230
1/19/2017	71	73.95	71	73.95	792410
1/18/2017	71.95	73.15	71	71	1649290
1/17/2017	73	73.75	71	71	3322050
1/16/2017	76	76.5	73	73	1725810
1/13/2017	75.9	76.2	74.8	75.15	578590
1/12/2017	76.1	76.2	75	75.6	382080
1/11/2017	75.5	76.2	75.2	75.95	1190010
1/10/2017	74.25	75.5	74.25	75.45	826490
1/9/2017	74	74.5	74	74.2	1193590
1/6/2017	71.7	74.4	71.7	73.9	4074090
1/5/2017	72.9	72.9	71.55	71.8	1082500
1/4/2017	72	73.3	71.55	71.55	1262550
1/3/2017	71	72.05	71	71.7	572570
12/29/2016	71	71.95	70.05	71.95	1112510
12/28/2016	68.6	71	68.6	71	774130
12/27/2016	69.8	69.8	68	68.6	265390
12/23/2016	67.7	69.85	67.7	69.85	566350
12/22/2016	70	70	67.2	70	1283030
12/21/2016	71	71	69.5	70	286860
12/20/2016	71.25	71.25	69.75	70.45	409350
12/19/2016	70.15	71.45	69.8	71.3	738350
12/16/2016	73	73.45	69.8	69.8	3757830
12/15/2016	70.6	72.25	70.45	71.5	521230
12/14/2016	71.5	73	71	72.45	490090
12/13/2016	72	72	71	71.8	486620
12/12/2016	74.8	74.8	71.55	72	1012430
12/9/2016	74	74.95	73.7	74.9	980970
12/8/2016	73	74	72.5	73.7	2315710
12/7/2016	73	73.5	72	72.7	582340
12/6/2016	71.3	74	71.3	74	350360
12/5/2016	72.7	74.45	70.65	74.45	493230
12/2/2016	73	73	70.95	72.65	1150550
12/1/2016	74.8	74.95	72.6	72.6	908870
11/29/2016	72.15	73.75	71.55	72.2	4040220
11/28/2016	73.2	75	72	72.25	968180
11/25/2016	74	74.9	72	72.5	407730
11/24/2016	74.4	74.95	73	74	288360
11/23/2016	74.25	75	73.5	74.5	395070
11/22/2016	74	76	73.5	74.25	942390
11/21/2016	76.2	76.2	72.9	74	962670
11/18/2016	76.3	77	75.65	76.2	1755790
11/17/2016	75.75	77.3	75.75	76.3	1647300
11/16/2016	73	75	73	75	1579820
11/15/2016	73.5	73.95	72.15	72.6	1292280
11/14/2016	74	74	72	72.1	1776920
11/11/2016	75.95	75.95	73.8	74	4836850
11/10/2016	74.1	75.9	74	75.9	3935960
11/9/2016	77	78.3	71.5	72	4108900
11/8/2016	76	77.1	75.5	76	1293310
11/7/2016	73.25	75.1	73.2	74.7	1797790
11/4/2016	73.5	74.5	73	73.8	974580
11/3/2016	74.55	74.8	73.9	73.9	942100
11/2/2016	75.15	75.95	74.35	74.55	1159390
10/28/2016	75.1	77.8	74.8	77.8	987820
10/27/2016	75.15	77.5	74.8	77.5	564200
10/26/2016	75.85	75.95	74.9	75.15	1666180
10/25/2016	78	78.05	76.3	77	881620
10/24/2016	76	78	75.5	77.85	295830
10/21/2016	77.3	78.2	76	76.1	741560
10/20/2016	77.15	78.2	76.65	76.65	458510
10/19/2016	78.1	79	77.15	77.15	429440
10/18/2016	75.2	78	75	78	1160730
10/17/2016	75.15	77.8	75.05	75.05	788760
10/14/2016	74	75.55	74	75.1	4447280
10/13/2016	74.85	75.1	74	74	1393260
10/12/2016	76.7	77	74.25	75.1	2000500
10/11/2016	79.9	79.9	77	77.2	1142260
10/10/2016	79.9	80	78.1	78.4	455330
10/7/2016	81	81	78.1	80	725450
10/6/2016	79.5	81	79.3	81	1423280
10/5/2016	78	79.5	78	79.5	404660
10/4/2016	77.5	80.5	77.5	79.95	1416600
10/3/2016	77	78.7	76.7	78	1947140
9/30/2016	80.5	80.5	77	77	2772010
9/29/2016	76.9	80	76.8	80	2737750
9/28/2016	76.35	76.5	76.15	76.5	842710
9/27/2016	77	77	75.5	76	833070
9/26/2016	81.6	81.6	76.65	76.9	1999910
9/23/2016	82	82.3	80.95	81.6	1254550
9/22/2016	80	81.95	80	81.6	652000
9/21/2016	82.05	83.5	79.65	80	1089850
9/20/2016	78.35	82	78.3	82	2020400
9/19/2016	77.8	77.8	77	77.75	551640
9/16/2016	78.5	79	76.2	76.2	3484020
9/15/2016	77.05	78	77.05	78	1661160
9/14/2016	79	79.3	77	78.5	1074790
9/13/2016	78.2	79.5	78.2	79	1690350
9/9/2016	83	83	79	79	1092500
9/8/2016	79.6	83.45	79.6	83.35	1469510
9/7/2016	77.9	82	77.9	82	2396950
9/6/2016	79.6	80.5	78	78	1172430
9/5/2016	83.4	83.4	79.5	79.5	1723430
9/2/2016	83	83.8	83	83.5	2026950
9/1/2016	85	85	82.1	83.5	2872520
8/31/2016	85.1	87.1	83	84	2904720
8/30/2016	84.45	86	83.5	85.1	3129110
8/26/2016	82	84.5	81.5	84.5	2656040
8/25/2016	81	81.8	80.55	81	1873510
8/24/2016	80.3	80.5	79.8	80.5	1847600
8/23/2016	80	81	79	80.3	1934320
8/22/2016	80.6	81.6	79	80.5	2494150
8/19/2016	81	81.05	79.85	80.6	7521170
8/18/2016	83.2	86	80.75	82	2306930
8/17/2016	81.3	85	79.5	85	4366280
8/16/2016	77.05	81.5	77.05	81.1	4038070
8/15/2016	75	78.8	75	77.05	3424780
8/12/2016	68.55	79	68.55	74.9	14487060
8/11/2016	63.8	67.95	63.6	67.95	5650660
8/10/2016	61.55	63.6	61.5	63.55	6065630
8/9/2016	61.95	62.3	61.2	61.5	2248620
8/8/2016	63.3	63.4	61	61.95	1727270
8/5/2016	63.95	63.95	63.25	63.25	609040
8/4/2016	63.25	64.9	63.2	63.95	1198380
8/3/2016	64.3	64.3	63	63.1	693200
8/2/2016	64.7	65.05	64.2	64.3	988150
8/1/2016	64.9	65.1	64.5	64.7	508410
7/29/2016	65.5	65.65	64	64	797930
7/28/2016	66	66.05	65	65.8	931280
7/27/2016	66	66.6	65.6	65.95	638320
7/26/2016	67	67.55	65.5	65.5	3964120
7/25/2016	65.65	67.3	65.45	67	1249390
7/22/2016	66.5	66.8	64.1	64.1	741820
7/21/2016	63	66.5	63	66.5	1505980
7/20/2016	63.75	63.75	62.45	62.6	835940
7/19/2016	62.5	63.7	62.15	63.7	22930660
7/18/2016	63.5	63.5	62.2	62.2	412770
7/15/2016	63.1	63.75	62.95	63.3	2512980
7/14/2016	63.4	63.5	62.85	63	768850
7/13/2016	63.1	63.75	62.65	63	2550540
7/12/2016	63.35	63.4	62.35	63.1	2270920
7/11/2016	63.5	63.5	62.95	63	1093370
7/8/2016	63.45	63.45	62	62	717820
7/7/2016	63.7	63.7	62.5	63.45	1648880
7/5/2016	63	63.7	63	63.55	2861570
7/4/2016	62	63.2	62	63	1578830
7/1/2016	62.95	62.95	61.65	61.95	1641550
6/30/2016	61.8	63.15	61.5	61.5	2823960
6/29/2016	61.2	61.7	61.2	61.5	1831200
6/28/2016	61.2	61.3	60.9	61.2	1907080
6/27/2016	61.75	62	60.9	61.2	1208540
6/24/2016	62	62.25	61	61.75	4179430
6/23/2016	62	62	61	61.9	2407450
6/22/2016	61.1	62	61.1	61.8	748300
6/21/2016	61.1	61.95	61	61	977250
6/20/2016	60.8	61.15	60.1	60.7	514990
6/17/2016	60.3	61	60.25	60.8	2169700
6/16/2016	60.1	61.8	59.7	59.95	683760
6/15/2016	61.95	61.95	60	60	757380
6/14/2016	60.05	62	59.15	62	1528670
6/13/2016	62	62	59.6	60.1	1513310
6/10/2016	62.5	63	61.5	61.5	646540
6/9/2016	65	65.5	61.3	61.3	1497860
6/8/2016	61.2	64.9	61.2	64.5	2291440
6/7/2016	59.4	61.1	58.25	61	1491810
6/6/2016	59.15	59.15	58	58.2	758570
6/3/2016	58.7	58.7	57.6	58	1211010
6/2/2016	58.95	59.4	58	58	1443370
6/1/2016	57.15	58.75	57.15	58.45	3325590
5/31/2016	60.25	60.95	56.55	56.55	11365950
5/30/2016	58.55	60.8	58.55	60.25	1026130
5/27/2016	60.95	60.95	58.5	58.5	1486970
5/26/2016	61.2	62.5	60.45	60.5	772740
5/25/2016	61	63	60.85	61.1	2856520
5/24/2016	61.8	61.8	60.6	61	2541180
5/23/2016	62.5	62.7	61.8	61.8	7674790
5/20/2016	63.1	63.2	62	62.3	1130550
5/19/2016	64.4	64.4	63.1	63.25	3690610
5/18/2016	63.4	65.95	63.1	64.4	1971940
5/17/2016	62.6	63.6	62.6	63.35	1195340
5/16/2016	62.1	63.4	62.1	62.5	1455650
5/13/2016	63.1	64.6	63.05	64	827330
5/12/2016	63.55	64.2	63.2	63.2	748440
5/11/2016	63.95	64.65	63.05	63.55	992880
5/10/2016	63	63.95	61.4	63.95	948280
5/6/2016	62.45	64.05	62.45	63	2857750
5/5/2016	62.5	62.95	62.45	62.7	1445430
5/4/2016	63.75	64	62.5	63	1834640
5/3/2016	64.9	64.95	63.5	63.75	628140
5/2/2016	63.85	64.9	62.5	64.9	480260
4/29/2016	63.8	65	63.8	65	435180
4/28/2016	66.8	66.8	63.8	63.8	605350
4/27/2016	65.5	66.05	64.25	64.25	681300
4/26/2016	67.95	67.95	65.2	66.45	629880
4/25/2016	66.6	67.95	66.55	67.95	243900
4/22/2016	66.65	66.85	66	66.6	372640
4/21/2016	64.4	67.1	64.4	66.65	218560
4/20/2016	66.5	66.9	64.3	64.3	397750
4/19/2016	67.5	67.7	66.5	66.5	281210
4/18/2016	68	68	67.3	67.6	370470
4/15/2016	68.2	68.2	66.8	68	198140
4/14/2016	68	68.6	67.8	68	669510
4/13/2016	66.8	68.4	66.5	67.35	1013890
4/12/2016	66.95	67.1	66.6	66.8	1566400
4/11/2016	65.9	67	65.15	67	223930
4/8/2016	66.4	66.4	65.6	66.2	61600
4/7/2016	64.95	66.4	64.75	66.4	226960
4/6/2016	66.15	66.15	64.35	64.5	726190
4/5/2016	67.5	67.5	65.2	66	3965810
4/4/2016	67.5	68.3	66.5	67.75	508400
4/1/2016	67	67.5	66.05	67.5	643090
3/31/2016	67.15	67.7	66.1	67.7	1098850
3/30/2016	67	67.2	65.8	67.15	1143620
3/29/2016	66.1	66.9	65.6	65.65	683720
3/28/2016	68	68	66	67	577500
3/23/2016	68.5	68.6	67.5	68.1	996420
3/22/2016	69	69	67.1	68.7	699180
3/21/2016	69	69	68.5	69	2259220
3/18/2016	67	69	66.95	69	1668660
3/17/2016	64.5	66.7	64.45	66.7	697250
3/16/2016	65	65.2	63.1	64	716610
3/15/2016	65.95	67	65	65	1098540
3/14/2016	67	67.15	65	65	531320
3/11/2016	63.5	66.3	63.2	66.3	2315950
3/10/2016	61.5	63.85	61.05	63.85	240050
3/9/2016	61	62.5	59.55	61	1108020
3/8/2016	61.7	62.1	60.7	61	780320
3/7/2016	62	62	61.5	61.75	991990
3/4/2016	64.5	64.75	61	61.05	1911970
3/3/2016	64.1	64.9	64	64.4	880420
3/2/2016	62.3	64	62.3	64	2075240
3/1/2016	62	62.5	61.05	61.1	793730
2/29/2016	62.45	64.15	60.5	62	2886050
2/26/2016	61	62.75	60.9	62	1145680
2/24/2016	62	62	60	60.95	976360
2/23/2016	60.3	62.5	60.3	62	2548790
2/22/2016	59.35	60.4	59.35	60	2317850
2/19/2016	59.9	59.9	58.85	59.35	2879830
2/18/2016	57.85	59.1	57.85	58.9	1149920
2/17/2016	59.1	59.35	57.35	57.8	898510
2/16/2016	57.55	60.2	57.55	59	2502430
2/15/2016	57	57.75	56.9	57.45	1640560
2/12/2016	56.8	56.9	56.2	56.5	866510
2/11/2016	56.7	57.9	56.7	57.9	1723270
2/10/2016	58	58	56.3	56.45	955030
2/9/2016	58.5	58.5	57.45	57.8	303550
2/5/2016	57	59.25	56.3	58.7	4609330
2/4/2016	56.1	57	56.1	56.3	1054100
2/3/2016	56.8	56.8	55.2	56	936760
2/2/2016	58.15	58.2	56.5	56.85	1191280
2/1/2016	61	62.1	59	59.9	856120
1/29/2016	61.5	62.4	60.5	60.8	1216420
1/28/2016	59.6	62	59.6	60.75	1772790
1/27/2016	58.4	60	58.4	59.6	835510
1/26/2016	59.7	59.7	57.25	58.4	420550
1/25/2016	59	60.2	58.9	60	1975960
1/22/2016	57.4	58	55.2	58	655990
1/21/2016	57	57.35	55	55	2217550
1/20/2016	57.8	60	57.55	57.85	1480490
1/19/2016	57	58.5	57	57.5	697330
1/18/2016	57.55	58.15	56	57.55	1443470
1/15/2016	58.5	61	58.5	59	2784690
1/14/2016	58.2	59	57.2	58.4	557630
1/13/2016	58.8	60.4	58.55	59.1	547580
1/12/2016	58.1	60	58.1	58.8	2444930
1/11/2016	63.1	63.55	57.8	58	2518270
1/8/2016	65	65	63.55	63.7	858230
1/7/2016	67.4	67.4	64.65	65.1	736970
1/6/2016	67.4	67.85	67.4	67.4	710070
1/5/2016	67.5	69	67.4	67.4	219470
1/4/2016	69.9	70.1	67.6	67.6	414930
12/29/2015	70	70.3	68.5	70.3	1585440
12/28/2015	70.5	70.5	69.4	70	774930
12/23/2015	69.7	70.35	69.5	69.75	729480
12/22/2015	68.5	69.35	68.5	69.35	780870
12/21/2015	68	69.3	68	69	558450
12/18/2015	69.85	69.85	68.05	68.95	1489370
12/17/2015	68.75	70.35	68.4	68.95	1280990
12/16/2015	68.35	69	67.9	68.4	1305600
12/15/2015	68	69.45	68	68.15	168900
12/14/2015	70	70	67.7	67.95	1510240
12/11/2015	71.4	71.4	69	70.05	894940
12/10/2015	71	71.4	70.05	71.4	4150270
12/9/2015	70.95	71.95	70.95	71	2221060
12/8/2015	72.2	72.2	70.5	70.95	456580
12/7/2015	71.9	72.95	71.6	72	561300
12/4/2015	72.15	73.25	71.5	71.9	985180
12/3/2015	74.95	74.95	71.05	73.25	2807290
12/2/2015	74.75	75.2	74	75	999830
12/1/2015	73.5	74.75	73.3	74.6	2104930
11/27/2015	74.8	74.8	72.6	73.5	2983470
11/26/2015	73.5	75	71.8	74.8	1647160
11/25/2015	72.95	73.25	72.25	73.05	1345210
11/24/2015	72.9	73	71.5	72.95	1054230
11/23/2015	70.95	73.7	70	72.85	1540590
11/20/2015	67.2	71	67.2	71	1256840
11/17/2015	67.4	68.55	67	67.2	1187840
11/16/2015	68.25	69.25	66.95	66.95	1948550
11/13/2015	69.7	69.7	67.6	68.25	844620
11/12/2015	69.5	70.2	69	69.7	1261120
11/11/2015	67.8	69.35	67.2	68	2721500
11/10/2015	69.3	69.3	67.1	68	982830
11/9/2015	71.2	71.2	69.65	69.9	1899040
11/6/2015	72	73	71.05	71.2	966270
11/5/2015	73	74	71.6	71.9	2429090
11/4/2015	76.7	76.7	72	73	2639530
11/3/2015	81.75	83.5	75.9	75.9	1883190
11/2/2015	81.95	83	81	81.5	337440
10/30/2015	83.9	83.9	81	82.5	1080470
10/29/2015	85.5	86.2	83.05	84.3	703340
10/28/2015	85.5	86	85	85.3	330330
10/27/2015	87	88	85.4	85.5	1429170
10/26/2015	82	88.5	82	87	2717730
10/23/2015	77.25	82	77.25	81.3	3140960
10/22/2015	77.9	77.9	76.8	77.2	1553000
10/21/2015	77.7	78	77.7	77.8	563150
10/20/2015	77	78	77	77.7	474880
10/19/2015	78	78.05	76.85	77	1885910
10/16/2015	78.8	78.9	77.6	78	1014600
10/15/2015	77	77.95	77	77.7	566840
10/14/2015	79	79	76.7	77	3440400
10/13/2015	79.85	80	78.9	78.9	826480
10/12/2015	78	80	78	79.4	1705790
10/9/2015	77.5	78	76.95	77.7	1963340
10/8/2015	78.95	79	77.2	77.3	923630
10/7/2015	77.5	77.5	76	76.85	3420810
10/6/2015	75.7	78.45	75.7	77.75	6793430
10/5/2015	73.5	77	73.25	75.15	2773060
10/2/2015	75.55	75.55	73.8	74	947140
10/1/2015	75	78.5	75	75.5	2523850
9/30/2015	76.4	76.4	75.05	75.05	2805740
9/29/2015	76.25	76.35	75.15	76	1386920
9/28/2015	77.8	78.5	76.15	76.7	2008790
9/24/2015	79	79	75.1	77	2710910
9/23/2015	84.8	84.95	78.05	79	2951840
9/22/2015	86.4	86.4	84.9	85	914340
9/21/2015	87.3	87.3	85	86.4	663520
9/18/2015	89.45	89.45	84.9	84.9	1793820
9/17/2015	88.25	89.5	87.35	87.5	539230
9/16/2015	88.35	89.8	88.2	88.25	1098990
9/15/2015	89.9	89.9	87.55	87.8	874450
9/14/2015	88	88.95	87.8	87.9	1169450
9/11/2015	89	89	87.1	87.4	445050
9/10/2015	88	89.6	88	89	1104430
9/9/2015	89	89	87.9	88	668290
9/8/2015	89	90	87	88.05	1115670
9/7/2015	90	90.8	88	89	1755330
9/4/2015	91	92	90.8	90.85	390000
9/3/2015	91.2	94	89.05	92	2325710
9/2/2015	88.05	89	86	89	2085850
9/1/2015	93	94.6	87	90	4832940
8/28/2015	94	94	92.8	92.95	2030170
8/27/2015	94.5	95.05	93	94	3396750
8/26/2015	94	96	92	94.7	2605990
8/25/2015	90	94	90	94	842580
8/24/2015	98	98	93	93.65	2250080
8/20/2015	102.6	102.6	101.2	101.5	408970
8/19/2015	101.2	103	101.1	102.6	409150
8/18/2015	104.8	104.8	101.6	102	609050
8/17/2015	103.7	105	102.1	105	1488920
8/14/2015	103.6	103.9	103	103.7	1380600
8/13/2015	105.8	105.8	102.1	103.6	1589690
8/12/2015	107.1	107.4	104.5	105.9	1869160
8/11/2015	107.8	108.1	107.5	108	603710
8/10/2015	108.5	110	108.5	108.5	396370
8/7/2015	110	110	108.5	108.5	914740
8/6/2015	109.6	110.1	109.6	110	1821420
8/5/2015	109	110	109	110	815720
8/4/2015	109.5	110.1	109.5	110	1365960
8/3/2015	108	109.9	107.5	109.1	617400
7/31/2015	109	110.4	109	109.9	1183940
7/30/2015	108.9	110.4	108.9	110	1043250
7/29/2015	109	109.3	108	108.9	1299480
7/28/2015	109.2	109.2	107.5	109	1599100
7/27/2015	109.1	109.7	109.1	109.4	332900
7/24/2015	110	110.6	110	110.1	555570
7/23/2015	109.1	111.4	109.1	110	624530
7/22/2015	111.9	111.9	109	109.9	1068290
7/21/2015	110.3	111	109.5	110.6	611680
7/20/2015	112	112.1	110	110.3	325860
7/16/2015	111	112	110.9	112	2108690
7/15/2015	111	111.8	110.6	111.1	268910
7/14/2015	110.7	111.8	110.5	110.5	436260
7/13/2015	110	110.6	109.5	110.5	293750
7/10/2015	109.5	110.8	109.5	110.4	658120
7/9/2015	110	110.8	109.1	110.5	942780
7/8/2015	110	111	109	111	562660
7/7/2015	110	110.6	110	110.4	274050
7/6/2015	111.8	112.7	110	110.6	1676740
7/3/2015	113	113	111.5	111.8	681120
7/2/2015	112	113	111	113	748180
7/1/2015	109.9	113	109.6	113	754850
6/30/2015	110.5	113.5	109.9	110.2	2294500
6/29/2015	111	111	109.8	110.5	679070
6/26/2015	113	113	110.9	111	1077580
6/25/2015	112.9	112.9	110	110.7	624410
6/24/2015	110	114	110	114	660070
6/23/2015	112	112	110	110	213220
6/22/2015	112	112.8	102.6	112	815030
6/19/2015	111.2	112.1	111.2	111.9	1185650
6/18/2015	110.5	111.5	110.1	111	679710
6/17/2015	111	111.5	109	109.7	840500
6/16/2015	110	111.4	110	111.1	1317330
6/15/2015	108.2	110.3	108.2	110	2358710
6/11/2015	111.5	111.6	110	111	1505970
6/10/2015	108.2	111.5	108.2	111.5	635990
6/9/2015	110.2	110.2	108.1	109.4	1638180
6/8/2015	111	111	110.3	110.5	594330
6/5/2015	110.9	110.9	108.1	110.5	683460
6/4/2015	109.8	111.1	109.8	110.9	585810
6/3/2015	109	110	109	110	794110
6/2/2015	108	109.3	108	109	682370
6/1/2015	109	109	106	109	432720
5/29/2015	108	110.5	106.5	107	1884810
5/28/2015	109.5	109.5	106.4	108.2	816540
5/27/2015	110	110	108.3	108.5	871230
5/26/2015	110	110.8	109.5	110	2062650
5/25/2015	111.6	111.6	108	110	917090
5/22/2015	112.8	112.8	111	111.6	864570
5/21/2015	112.4	112.8	112.1	112.2	555140
5/20/2015	111.6	113.2	110.3	112.5	367690
5/19/2015	112.4	112.8	110.3	112	409310
5/18/2015	111	112.8	111	112.2	350250
5/15/2015	109.2	111.4	109.2	111	379030
5/14/2015	110.8	110.8	108.5	109	1500320
5/13/2015	111.1	112	110.8	111	415290
5/12/2015	109.1	113	109.1	111.7	1063350
5/11/2015	108.5	110.2	108.5	109.9	679810
5/8/2015	109.9	110.6	108	109	1280350
5/7/2015	108	111	107.7	109.9	1067380
5/6/2015	111	111.3	110	111	862680
5/5/2015	111.5	111.5	110	111	908580
5/4/2015	110.4	111	108.5	111	473520
4/30/2015	111.1	111.1	108.6	110	1394160
4/29/2015	111.2	111.3	110	111.1	509390
4/28/2015	110.5	111.5	102.6	111.2	1594480
4/27/2015	111	111.4	110.7	111.4	1524760
4/24/2015	108.5	110	107.5	110	694730
4/23/2015	106.9	108.3	106.9	108	1719810
4/22/2015	106	107.4	105.9	107	2845670
4/21/2015	106.3	108	106	106.4	1780220
4/20/2015	106.7	107.4	106	106.3	3235810
4/17/2015	106.1	107.8	106.1	106.7	3413920
4/16/2015	107.5	107.6	105.2	106	2572100
4/15/2015	108	110.4	107	107.6	3612930
4/14/2015	110.4	110.8	107.9	108	1541180
4/13/2015	110.3	111.1	110.3	110.8	1130790
4/10/2015	109.5	111.5	109.5	111	1359670
4/8/2015	108	110.9	107	109.5	1063450
4/7/2015	108	108	107.6	108	1508840
4/6/2015	110	110	107	107.6	988800
4/1/2015	110	110.3	110	110	877510
3/31/2015	111	112.6	108	108	1768210
3/30/2015	110	112.6	110	110.5	1817310
3/27/2015	111	111.3	109.5	109.5	1193860
3/26/2015	111.7	111.7	110.5	110.5	959650
3/25/2015	111.1	111.1	110.1	110.6	788750
3/24/2015	111.8	112	110.8	111.5	893570
3/23/2015	111.9	112.7	111.6	112	717430
3/20/2015	111	112.6	111	112.6	2127420
3/19/2015	112.9	112.9	110.8	112	1449200
3/18/2015	112	112	110.1	110.6	1411470
3/17/2015	112.3	113	111.8	112	1056960
3/16/2015	111.7	112.9	111.5	112.3	3627360
3/13/2015	113.5	114	111.5	111.5	5240110
3/12/2015	113.2	113.5	112.8	113.5	452450
3/11/2015	113	113.4	112.5	113.2	470870
3/10/2015	112.9	113.3	112.1	113	900040
3/9/2015	112	113	111.3	113	820790
3/6/2015	112.5	112.5	112	112.4	1808770
3/5/2015	112.5	112.5	111.8	112.5	364790
3/4/2015	112.6	112.8	112.1	112.5	407150
3/3/2015	114	114	112.2	112.6	1213580
3/2/2015	112.5	114	112.1	114	451410
2/27/2015	111.2	112.5	111.2	112.1	1104770
2/26/2015	113	113	110.8	110.8	2045340
2/25/2015	112.1	113.7	112.1	113.7	648660
2/24/2015	113	113	112	112	487440
2/23/2015	112.5	113.2	112.5	112.9	1417000
2/20/2015	112.5	112.5	112.2	112.4	618640
2/18/2015	115	115	112.1	112.5	538170
2/17/2015	112.7	115	112.6	115	295350
2/16/2015	113	113	112.5	112.6	1166860
2/13/2015	113.1	114	113	113	688490
2/12/2015	112.6	114.5	112.6	113	734670
2/11/2015	114.7	114.7	112.5	112.6	2202130
2/10/2015	115.2	115.2	112.3	114.5	432590
2/9/2015	115	115.1	113.9	115	235810
2/6/2015	115.4	115.4	113.2	115	610850
2/5/2015	114	114.7	113.7	113.9	716260
2/4/2015	114	115	113.8	114.7	268840
2/3/2015	113.3	113.6	113	113	1704550
2/2/2015	114	114	112.1	112.2	2355770
1/30/2015	114.3	116	113.6	114	1853890
1/29/2015	115	116.5	113.7	114.2	2302600
1/28/2015	116.8	117	115.5	116	1147840
1/27/2015	117	118.3	116.8	116.8	584390
1/26/2015	117.2	117.8	116.6	117.8	422140
1/23/2015	118	118.5	116	117.7	883580
1/22/2015	117.1	117.1	115	116	872560
1/21/2015	117	117	115.7	116	800990
1/20/2015	118	118	116	116.3	619860
1/19/2015	118.2	118.2	117.1	117.8	771700
1/14/2015	115.1	118	115.1	117.1	2000840
1/13/2015	116.4	117	115	115	774360
1/12/2015	115.8	116.5	114.5	114.5	835510
1/9/2015	116	117	115.3	115.8	1253090
1/8/2015	115	116.6	115	116	2411420
1/7/2015	115.1	117.4	114.7	116.8	330090
1/6/2015	116.4	116.5	115	116.1	1060160
1/5/2015	117	117	116	116.4	1147530