JFC 1216

12/27/2019	216.2	217	214.6	216	302990
12/26/2019	220	220	214	216.2	238960
12/23/2019	213	220	213	220	394710
12/20/2019	216.2	218	209	213	1402670
12/19/2019	224.6	224.8	216	216	597720
12/18/2019	225	225	223.2	225	935250
12/17/2019	223.8	225	220	225	1157490
12/16/2019	224	228	222.4	223.6	1003110
12/13/2019	217	223.2	216.2	221.2	875710
12/12/2019	207	216	205.8	216	806660
12/11/2019	205.8	207.6	202.6	207.6	259440
12/10/2019	207	207.6	201	201	183340
12/9/2019	204	206.6	202.2	206.6	314690
12/6/2019	205	205.2	200.8	202	330360
12/5/2019	198	205	198	205	533030
12/4/2019	194.9	198	193.2	198	466630
12/3/2019	197.9	198	192	192	621320
12/2/2019	196	198.6	196	197.9	411200
11/29/2019	195	196	192	192	779240
11/28/2019	198	198.6	194.5	195	674160
11/27/2019	187.8	198.6	187.8	197.9	1099600
11/26/2019	186.6	190.5	184.1	184.1	2546200
11/25/2019	195.7	197.5	186.2	186.2	1107270
11/22/2019	200.4	200.4	194.2	195	843410
11/21/2019	205	207.8	198.1	198.6	781770
11/20/2019	205	209.4	204	204	405110
11/19/2019	203	205	202.2	204.4	495140
11/18/2019	202	206	202	202	796290
11/15/2019	202.6	208.8	202	202	1104080
11/14/2019	213.8	217.8	202.6	202.6	1497490
11/13/2019	219.8	220.4	212.4	213.2	1331770
11/12/2019	224	224.8	220	220	734710
11/11/2019	227	227.6	224	224	808840
11/8/2019	226	228.4	226	228	394910
11/7/2019	228	229.4	224.8	226	279580
11/6/2019	233	234.2	226	227	672150
11/5/2019	233	235	232	233	669370
11/4/2019	232.8	233	231.8	233	248530
10/31/2019	232	233	230.2	232	480610
10/30/2019	231.8	232	227.8	232	329130
10/29/2019	223	229.8	223	229.8	834110
10/28/2019	227.2	229.8	223	223	501830
10/25/2019	227.6	228	225.4	226.2	107870
10/24/2019	226	230	226	227.6	710950
10/23/2019	227	227	223.6	225.2	346370
10/22/2019	226.4	229.2	226.2	227.2	404690
10/21/2019	230	232.6	226.2	226.2	237180
10/18/2019	235	235.2	227	230	398090
10/17/2019	233.4	235	232.4	235	327640
10/16/2019	233	233	232	233	203210
10/15/2019	235.2	236.2	232	233.4	718800
10/14/2019	232	235	232	234.6	366980
10/11/2019	229.2	232	229.2	231.2	216770
10/10/2019	228.2	229.8	228	229	906250
10/9/2019	226.6	231.4	225	229	555720
10/8/2019	223	229.4	223	226	904760
10/7/2019	220.8	223.2	219.8	220	1867940
10/4/2019	220	222	219	220.2	600610
10/3/2019	221	221	217.8	218.6	1103310
10/2/2019	220	221.8	218.4	220.8	594020
10/1/2019	222	222.8	219.6	220	453570
9/30/2019	220	222.8	218.2	222	499940
9/27/2019	221	221.4	219	220.2	1260580
9/26/2019	219	220.8	217.4	219	355870
9/25/2019	219.8	219.8	212	219	1038710
9/24/2019	221	221.8	219.6	220	844440
9/23/2019	220.4	221.6	220.2	220.2	1247580
9/20/2019	224	225	220	220	1051740
9/19/2019	226	226	222.8	223	424150
9/18/2019	230	230.2	223.2	223.2	316300
9/17/2019	223.8	230.6	223	230.6	563060
9/16/2019	222.8	225	222.6	224	442140
9/13/2019	222.6	225.4	222.2	222.2	420990
9/12/2019	226	226.2	222.4	222.4	3944530
9/11/2019	227	228	224	226.2	710030
9/10/2019	227	229	225.8	227	337930
9/9/2019	230	232	225.8	225.8	403590
9/6/2019	229	230	226.8	229	764640
9/5/2019	230	231	228	229	477980
9/4/2019	232	232.8	227	228	388340
9/3/2019	235	235.4	231	231	553680
9/2/2019	237.6	238	232	235.6	444890
8/30/2019	235.8	239.4	235	237.8	1522100
8/29/2019	228.2	233.6	226.6	233.6	532340
8/28/2019	229.6	229.6	225.4	228.2	579100
8/27/2019	229.8	230.2	224.4	230	1535510
8/23/2019	225	230	222	230	603580
8/22/2019	224.4	225	220.4	225	891050
8/20/2019	233.6	233.6	224.6	225.2	1045490
8/19/2019	238	238.4	231	234	859570
8/16/2019	234.6	239.2	230.4	237	766170
8/15/2019	229.6	235.2	224	235.2	1056160
8/14/2019	220	234.8	219	234.2	1470580
8/13/2019	225	226	217.2	217.4	1578160
8/9/2019	230	231.6	225	225	1669050
8/8/2019	231.2	235	230	230	1463450
8/7/2019	235	239	229	231	2161100
8/6/2019	244	244	234.8	235	2676260
8/5/2019	258	258	247	247	1793250
8/2/2019	259.8	259.8	255.4	258	791650
8/1/2019	259	260	255	260	707840
7/31/2019	256.4	260	254.4	259	1761680
7/30/2019	253	256.8	248	255	1597640
7/29/2019	254.8	257	242	252.8	2056700
7/26/2019	239	256.6	237.2	252	4396700
7/25/2019	250.8	250.8	231	236	10785110
7/24/2019	272.6	272.6	251	251	5746140
7/23/2019	275.2	277	270.2	272.8	875030
7/22/2019	275.8	277.6	274.4	275	1115340
7/19/2019	279.4	282.4	278.2	279.8	622360
7/18/2019	282	282	279.4	280	330400
7/17/2019	284.6	285.6	281	282	503210
7/16/2019	285.6	285.6	283.6	284.6	882710
7/15/2019	281	285.6	281	285.6	1211860
7/12/2019	282	282.6	280.4	280.4	906650
7/11/2019	282	282	280.4	281	1022180
7/10/2019	284	284.2	281	282	745130
7/9/2019	282	284	281.2	284	244110
7/8/2019	285	285.2	280.2	282	317970
7/5/2019	285.8	286	284.6	285	335280
7/4/2019	285.4	286.8	285	285.8	228480
7/3/2019	285.8	286	284.8	285	311030
7/2/2019	284	285	283.8	285	191510
7/1/2019	282.4	284.6	282.2	284	258770
6/28/2019	284.2	284.2	280.8	281.8	587180
6/27/2019	285	286	283.4	284	358860
6/26/2019	286.8	286.8	283.2	285	278760
6/25/2019	287.2	288.8	284.2	286.8	800460
6/24/2019	287.4	288.2	284	287	530980
6/21/2019	284.8	288	282	288	1273820
6/20/2019	281	284.8	279.4	284.8	455850
6/19/2019	282	282.4	280	281	461510
6/18/2019	282	282	277	282	683400
6/17/2019	286	286	280.8	282	551770
6/14/2019	288.8	288.8	280.2	286	578850
6/13/2019	285	289	281.2	289	717140
6/11/2019	281	286.4	281	285	536820
6/10/2019	275.2	280	275	280	468090
6/7/2019	278	279	275.2	275.2	542820
6/6/2019	279	281	275	275	1161490
6/4/2019	287	287	277	277	685690
6/3/2019	288	290	284.4	287	910270
5/31/2019	283	288	283	288	1111730
5/30/2019	274.6	284.4	274.6	282	933720
5/29/2019	270.8	274.8	270.6	273	699980
5/28/2019	273.8	274	270	270	2630790
5/27/2019	278.2	278.6	274	274	812360
5/24/2019	284	284	277	278	1112480
5/23/2019	287.2	287.2	281	284	1693510
5/22/2019	284	288.8	283.8	287.4	533510
5/21/2019	276	284.8	274	282.6	1088980
5/20/2019	277	278	272	274.2	1336880
5/17/2019	286.4	289.2	277	277	2318150
5/16/2019	293	293	285	285	1852050
5/15/2019	302.6	305.6	293	293	1913390
5/14/2019	301	302.6	291.8	302.6	6205170
5/10/2019	302	305	302	302.8	431890
5/9/2019	300.4	303.4	300.4	302	745620
5/8/2019	303.8	305	302	303	947300
5/7/2019	302.2	305.4	302.2	304	726470
5/6/2019	301.8	306	301.8	302	628950
5/3/2019	301	303.6	300.8	301	1643160
5/2/2019	304.6	306.8	300	300.6	979350
4/30/2019	305	306.8	302.8	304.6	677750
4/29/2019	303.4	304.8	302.8	304	284530
4/26/2019	303	305	301.2	303	494290
4/25/2019	301	307.6	301	303	906290
4/24/2019	301.8	302.8	300	300.4	1141800
4/23/2019	303	304.4	301.4	302.2	963380
4/22/2019	304	309.8	302.6	303	1300150
4/17/2019	306	307.8	303	304	700640
4/16/2019	310.2	310.4	305.8	306	781860
4/15/2019	310	312	305.8	310	1037610
4/12/2019	318	319.8	310	310	1671610
4/11/2019	322	322.6	317.2	317.2	335080
4/10/2019	322	322.6	320.4	322	790720
4/8/2019	320.2	320.6	318.8	318.8	493570
4/5/2019	319	321	319	320	1390800
4/4/2019	318.8	319.6	317.8	318.8	526570
4/3/2019	317	319	316.4	318.8	389250
4/2/2019	315	318.6	315	317	689090
4/1/2019	317	317.4	311.8	315	436040
3/29/2019	316.2	319	316	317	628390
3/28/2019	317	317	313	316	272100
3/27/2019	316.6	317	313	316	334490
3/26/2019	315.8	319.2	314	316.6	730920
3/25/2019	313	316	308	316	2737700
3/22/2019	313.4	317.2	312.2	312.4	809450
3/21/2019	313.6	315	312	312.4	472780
3/20/2019	313	315	312.8	313.6	285920
3/19/2019	315.2	316	312.2	313.6	365990
3/18/2019	316.4	317.2	313	315.2	893290
3/15/2019	313	316.2	310.6	316.2	740420
3/14/2019	316	316	312	312	257020
3/13/2019	315.6	318	315	316.4	364290
3/12/2019	312	317	311	317	139630
3/11/2019	317.6	317.6	308.8	311	453970
3/8/2019	319.8	319.8	316	317.6	566000
3/7/2019	316	320	316	320	678110
3/6/2019	309.8	316	308	316	621600
3/5/2019	309	311	309	309	682530
3/4/2019	309	312	308	309	357810
3/1/2019	309.4	315.8	305.8	309	1837490
2/28/2019	309.8	311	307.8	307.8	653140
2/27/2019	314	314	308	308	1303210
2/26/2019	313.4	316.8	310	315	924040
2/22/2019	307.4	313.2	307.4	313.2	454250
2/21/2019	310	310.6	306.4	307.2	980260
2/20/2019	311	313	309	310.4	972260
2/19/2019	313	316	310	310	1073930
2/18/2019	317	319.8	312	312	287990
2/15/2019	321.2	323.8	316.6	316.6	615040
2/14/2019	316	322	314.2	321.2	838930
2/13/2019	314	317	311.2	316	820960
2/12/2019	318	318	312	312	475100
2/11/2019	317	320	314.8	314.8	434150
2/8/2019	324.8	324.8	314.6	316.2	397410
2/7/2019	322	323	319.2	323	538370
2/6/2019	317	323.8	317	322	1051450
2/4/2019	318	320	315	315	347870
2/1/2019	318	321.6	318	320	705360
1/31/2019	317	320	315	316	1041850
1/30/2019	322	322	307.6	314	991120
1/29/2019	323	328.4	322	322	716830
1/28/2019	323	324	317	317	596470
1/25/2019	315.8	325	315.8	323.6	383120
1/24/2019	319	322.2	315.8	315.8	304390
1/23/2019	324.4	324.4	316.2	317	422300
1/22/2019	325	325	322	325	566250
1/21/2019	324.6	325.2	320	325.2	401380
1/18/2019	315	324.8	314.2	324.8	944340
1/17/2019	308	314.6	308	313	440750
1/16/2019	315.2	317.8	307	307	593810
1/15/2019	324	324	315	315	595560
1/14/2019	316.6	324	312	324	940570
1/11/2019	314	318	312	316.6	428970
1/10/2019	318	319	312	314	1064200
1/9/2019	321	321	316	319	1659810
1/8/2019	323	323	316	321	623090
1/7/2019	309	324.2	309	323	1004160
1/4/2019	293.8	310.4	293.2	309	1622480
1/3/2019	292.8	294.2	290.8	292	1665440
1/2/2019	292	295.8	291.8	293	181410
12/28/2018	295	299.8	291.8	291.8	425440
12/27/2018	292	297.6	288	295	585760
12/26/2018	298	300	285	292	1087620
12/21/2018	303	303	298.6	302.4	715510
12/20/2018	305.6	309.8	303	303	659480
12/19/2018	300	305	298.2	305	1796000
12/18/2018	301	303	298.6	301.2	1014270
12/17/2018	298	305	297	300	1255210
12/14/2018	295	298.6	295	298	1378350
12/13/2018	294	295.2	293.4	294.6	484920
12/12/2018	296	296.6	292	294	1701840
12/11/2018	290	297	288.2	297	602960
12/10/2018	294	294	289	291	264940
12/7/2018	295.6	296	294	295	574500
12/6/2018	294.4	296.6	293	296	504510
12/5/2018	289	297	288.8	294	735640
12/4/2018	286.8	298.8	286	289.6	1533830
12/3/2018	278.6	286.8	278.6	286.8	1030870
11/29/2018	280	284	278.4	278.4	2113500
11/28/2018	282	283	279.8	280	654090
11/27/2018	280.6	283	279.8	283	712330
11/26/2018	282.8	284.2	280	280	316450
11/23/2018	283.2	284.4	283	283	372480
11/22/2018	279.8	285	278	285	585580
11/21/2018	279	282	277.4	282	437010
11/20/2018	282	282	278.4	279	388900
11/19/2018	280	284	278.4	282	562330
11/16/2018	284.8	284.8	280	282	514500
11/15/2018	278.8	282	276.6	280	371040
11/14/2018	274	279	268	279	677510
11/13/2018	273.2	274.4	265.2	272.8	899670
11/12/2018	276	279.4	274	274	337800
11/9/2018	279	279	273	278	333550
11/8/2018	278.8	280	271.2	280	815650
11/7/2018	278.6	280	270.8	280	569150
11/6/2018	280	282	276.8	278.6	646700
11/5/2018	275	284.6	269.2	280	1688940
10/31/2018	267.8	277	265.4	276	1466050
10/30/2018	267	267	259.8	264	823140
10/29/2018	268	271	263.8	270	366380
10/26/2018	262	270	260	270	698210
10/25/2018	261.6	262	255	262	469150
10/24/2018	268	268	263	264.2	462050
10/23/2018	271.8	271.8	265.4	268	688370
10/22/2018	265	272	263.4	272	699990
10/19/2018	261	265	258	265	328340
10/18/2018	258.6	260	256	260	328170
10/17/2018	254.2	262	254.2	258.6	379720
10/16/2018	252	254.8	248	254.2	864680
10/15/2018	262	264	250	250	480350
10/12/2018	253	263	249	262	440520
10/11/2018	246.2	254	246	254	490960
10/10/2018	253.8	254	245	254	1377630
10/9/2018	243.2	256	243.2	252.4	427280
10/8/2018	247	248	243	243	927610
10/5/2018	251	251.4	246.6	247	897790
10/4/2018	253	255.4	251	252	359360
10/3/2018	251	252.4	250.8	252	393580
10/2/2018	252.2	255	248.8	250	913210
10/1/2018	257.2	261	252	252	394210
9/28/2018	262	265	257	257	605490
9/27/2018	266	266.4	259	259	804170
9/26/2018	268.8	268.8	265.4	266.2	132640
9/25/2018	271.8	272	268	268.8	229530
9/24/2018	272.4	273	270	271	207870
9/21/2018	273.8	275.4	269.8	272	694330
9/20/2018	271	273.2	264.2	271	361700
9/19/2018	272	272	258	264	542930
9/18/2018	274.8	274.8	265.2	272	692650
9/17/2018	269	275	269	275	167450
9/14/2018	273	274	267.4	269	560990
9/13/2018	270	277	270	277	550430
9/12/2018	276	279.6	269	269	572730
9/11/2018	278.4	279	275.2	276	358670
9/10/2018	280.8	281	277.6	278.4	799990
9/7/2018	277	281	275.4	281	546950
9/6/2018	282.2	282.2	275.4	276	745500
9/5/2018	286.6	287	279	285	477030
9/4/2018	282	288	282	286.6	575500
9/3/2018	288	288	282	282	347880
8/31/2018	287.8	288	279.4	288	1025030
8/30/2018	285.8	286	278.6	286	545750
8/29/2018	288.8	291	286	287.4	687570
8/28/2018	287.2	294	287	290.2	836640
8/24/2018	293	293	284.2	288	582540
8/23/2018	287	293	286.8	293	2015570
8/22/2018	275	286	273.6	286	1729220
8/20/2018	271.6	274.8	271.2	273	403650
8/17/2018	266.6	271.8	266.6	271.2	985800
8/16/2018	270.4	270.8	266.8	266.8	635710
8/15/2018	273.4	275	270	274	334270
8/14/2018	270.2	273.4	265	273.4	394990
8/13/2018	266	270	262.8	270	242500
8/10/2018	269	274	266	267	492160
8/9/2018	274	274.2	269	269	448860
8/8/2018	271	276.8	270.2	276.8	316510
8/7/2018	279.8	279.8	270	270	641970
8/6/2018	277	280	276.2	280	355370
8/3/2018	275	277.4	273.8	277	442350
8/2/2018	279	279	273.4	276	510190
8/1/2018	270	279.4	267.6	279.4	789140
7/31/2018	265.8	270	261.8	270	997780
7/30/2018	265	266	261.6	266	281580
7/27/2018	257	266	256.2	266	646770
7/26/2018	253	257.8	252	256.2	714360
7/25/2018	251	254	251	251.2	207290
7/24/2018	250.4	254	250	251	224900
7/23/2018	250	251	250	250	257100
7/20/2018	250.6	251.4	250	250	585790
7/19/2018	254.2	254.4	251	253	164630
7/18/2018	252.6	254.2	251	254.2	142770
7/17/2018	249	252.6	248.4	252.6	240860
7/16/2018	252	253.4	246.6	248.8	273670
7/13/2018	252	253.6	249.8	251.8	611160
7/12/2018	249	251.4	247.6	249.8	1783980
7/11/2018	246	249	245.8	247.2	760520
7/10/2018	245.2	249	245	246	535530
7/9/2018	251.8	253	245	245	736500
7/6/2018	254	254.2	250.6	251	583500
7/5/2018	259.8	259.8	252.8	254	635340
7/4/2018	260	260	251	259.8	1220700
7/3/2018	260	262.4	259.6	260	925680
7/2/2018	263	263.2	259	260	965510
6/29/2018	259.8	265	259.6	263	378480
6/28/2018	270	270	259	259.6	1761980
6/27/2018	270.8	273	269	271	529860
6/26/2018	269	272.6	267.8	270.6	370900
6/25/2018	275	277	267	268.4	757810
6/22/2018	270	270	263	267	1495520
6/21/2018	279	279	269	270	1867510
6/20/2018	278.4	282	278.4	279	726920
6/19/2018	276.2	284	276	284	757250
6/18/2018	279.2	279.2	276.2	277.2	609580
6/14/2018	278.4	280.2	276.6	279.2	1393440
6/13/2018	281	282.6	278.8	279	1075600
6/11/2018	284	286	282.8	285	487600
6/8/2018	283	284	280.4	284	235220
6/7/2018	280.8	284.2	280.8	282.6	435860
6/6/2018	281	281.8	279.8	280.8	664040
6/5/2018	280.4	281.8	279.4	280.2	696340
6/4/2018	284	284.2	279.2	280.4	1839120
6/1/2018	280	284.2	276.8	283.8	750260
5/31/2018	280	281.2	274	274	2835720
5/30/2018	280	283.6	278.6	280	1104490
5/29/2018	280.2	283.2	279	283	317450
5/28/2018	281.2	281.2	280	280.4	338540
5/25/2018	285	285	279.8	281.2	486670
5/24/2018	287	287	281.4	285	376390
5/23/2018	285	287.4	280	287	574100
5/22/2018	285	286	283	284	570700
5/21/2018	284	286.6	280	280	355840
5/18/2018	285.2	285.2	281	285	236440
5/17/2018	286	286	284	285	432100
5/16/2018	283	286.6	280.2	286.6	495600
5/15/2018	283	283.6	279.4	283	1041560
5/11/2018	280.8	286	280.6	285	366080
5/10/2018	285.8	286.2	278.4	279.8	949240
5/9/2018	279	285	279	283	646300
5/8/2018	279	280	276.4	278	1470730
5/7/2018	276	279	270.8	279	790120
5/4/2018	276	280	273	275.4	863750
5/3/2018	285	285	275	275	919090
5/2/2018	286	287.6	283	283	439510
4/30/2018	283	287.6	283	285	720250
4/27/2018	282.2	289	282	282	275720
4/26/2018	280	282	279	280	1333040
4/25/2018	285.4	290	280.2	281.6	1202880
4/24/2018	292	293.6	285	285	891380
4/23/2018	291	294	290	294	302310
4/20/2018	288	293	288	291	662390
4/19/2018	289	293.4	282	285	1653070
4/18/2018	288.6	297	288	294.2	496950
4/17/2018	291.6	291.6	287.4	288.6	1061840
4/16/2018	295	295	287.8	291.6	478570
4/13/2018	298	298	290	292.2	1000070
4/12/2018	289.8	300	289.4	300	268920
4/11/2018	284	289.6	284	289.6	1197810
4/10/2018	278	285	275.2	284	1189830
4/6/2018	281	285	276	278	1301960
4/5/2018	285	289	280	280	497530
4/4/2018	296	299.8	285	285	1021530
4/3/2018	295	298	294.8	296.4	1392970
4/2/2018	296	300	292	300	701450
3/28/2018	295	299	292	299	759390
3/27/2018	295	297	289.4	294.4	356420
3/26/2018	286.6	295	282	295	404650
3/23/2018	285	288	280	288	864870
3/22/2018	285.4	288	282.4	286.8	573890
3/21/2018	286.6	293	285	285	953100
3/20/2018	296.8	296.8	285	286	1028940
3/19/2018	299.6	299.6	295.2	298	531280
3/16/2018	286.8	305.4	286.8	305.4	2052470
3/15/2018	288.4	288.6	282.6	284	1140780
3/14/2018	293	294.4	287.4	288.4	757340
3/13/2018	296	297	292.4	293	557650
3/12/2018	296	299	292.2	295.4	303520
3/9/2018	297	297	292	292	352590
3/8/2018	303	304	295	295	367970
3/7/2018	300	304	299.8	304	853340
3/6/2018	300	304	297.8	298.6	833460
3/5/2018	299	300	296	299.6	388840
3/2/2018	297.6	298.4	295	298	735080
3/1/2018	297.6	300	295.8	297.6	663930
2/28/2018	295	298.8	289	298.4	1052820
2/27/2018	292	297.2	289.2	295	815230
2/26/2018	282	292.8	281.6	292	839100
2/23/2018	285	289.4	281.4	282	1269870
2/22/2018	283.4	289.2	280	282	602290
2/21/2018	285.6	286	282	282	442680
2/20/2018	289.6	289.8	283.8	286	397190
2/19/2018	283.8	291	283.8	285	492990
2/15/2018	281.8	289.8	280	285	516060
2/14/2018	281.6	283	275	278	1491080
2/13/2018	283	284	275.6	277	763250
2/12/2018	289	291.8	282.2	283	741090
2/9/2018	289.8	292	284.2	292	413260
2/8/2018	294	294	288	292.8	871390
2/7/2018	290	294.6	288	293.2	582230
2/6/2018	274.4	289	267	289	1021600
2/5/2018	290	290	282	282	742600
2/2/2018	287.2	294	285	294	943050
2/1/2018	284.8	289	284.6	287.2	512760
1/31/2018	284.2	285	282	284.8	910980
1/30/2018	285.4	285.4	281	284.2	1125860
1/29/2018	292	295	285.4	285.4	542160
1/26/2018	290.4	293	290	292.2	375570
1/25/2018	282	293	282	293	491640
1/24/2018	282	288.8	281.4	282	714160
1/23/2018	282.6	283	279.8	282.2	1179360
1/22/2018	280	286.8	279.6	283	1001520
1/19/2018	278	280	275.2	280	560060
1/18/2018	277	279	271.4	279	1484360
1/17/2018	277.4	279.4	276.6	277.6	1680700
1/16/2018	263.8	278	263.8	277.6	1795160
1/15/2018	257	264.2	255	263.8	1256670
1/12/2018	257.8	258	255	255	1311930
1/11/2018	255.4	256	253.8	255	681780
1/10/2018	256.2	256.6	255	255.4	447710
1/9/2018	256	258	255	255.8	978180
1/8/2018	257.4	259	253.4	256	840630
1/5/2018	255.6	257.4	255	255	946040
1/4/2018	255.4	255.4	253	255	617010
1/3/2018	253.4	256.8	253	255.4	745780
12/29/2017	255	257.4	253	253	567530
12/28/2017	248.8	257	248.8	254	871930
12/27/2017	247	248.8	246	248.8	319450
12/22/2017	247.8	248	244.8	247	512020
12/21/2017	245	248.2	244.4	247.8	330590
12/20/2017	246.4	248.8	243.8	243.8	736850
12/19/2017	249.2	250	244.2	244.6	945440
12/18/2017	246	250.2	246	249.4	292370
12/15/2017	245.2	246.2	244.2	246	1612560
12/14/2017	248	248	243.6	244	1358220
12/13/2017	250	250	247	247	545820
12/12/2017	249.4	250	248.4	249.4	1774780
12/11/2017	247.2	249	246.8	249	642820
12/8/2017	247	249	245	248.8	336300
12/7/2017	243	248	243	246.8	319960
12/6/2017	243.2	247.6	242	243	433440
12/5/2017	241.4	244.6	241.4	243.8	447580
12/4/2017	245.4	245.4	240.2	241.4	583130
12/1/2017	244	246.6	243.6	245.4	1037900
11/29/2017	252.4	252.6	243.6	243.6	4477880
11/28/2017	254	254	250	252	713760
11/27/2017	258.2	258.2	253.6	254	551030
11/24/2017	253.2	258.4	252.8	258.4	568850
11/23/2017	254.6	255	253	254	295570
11/22/2017	254	259	253.4	255	680180
11/21/2017	256.2	256.2	251	254	1040390
11/20/2017	260	260	257	257	798610
11/17/2017	260	260	257.4	259.8	733970
11/16/2017	256	260	255.8	258.8	1604010
11/15/2017	258.8	258.8	255.8	255.8	621060
11/14/2017	257	259.6	255.8	259.6	655920
11/13/2017	253	258.6	253	257	968510
11/10/2017	254	254	249.6	251.2	485010
11/9/2017	252	253	251.6	253	1231040
11/8/2017	253.2	253.2	251.4	252	1033750
11/7/2017	251.6	254	250.6	253.4	790140
11/6/2017	248.2	251	248.2	251	171700
11/3/2017	251.4	254.4	248.2	248.2	792110
11/2/2017	248.4	251.4	248.2	251.4	740850
10/30/2017	250	251.2	248.4	249	301950
10/27/2017	250	250	248.6	249.8	459090
10/26/2017	250.2	252	248.6	250	736740
10/25/2017	248.6	250.8	248.2	250	835040
10/24/2017	249	252.4	246.6	248	824150
10/23/2017	246	251	245.6	249	965550
10/20/2017	247	248	245	246	273440
10/19/2017	245.4	250	244.6	247	1090420
10/18/2017	245.2	246	242	246	581580
10/17/2017	246	249.2	244.6	245	1217940
10/13/2017	244.8	248.2	244.8	247	859040
10/12/2017	244.6	247	243.6	244.6	565970
10/11/2017	245	246.6	243.2	244	313220
10/10/2017	244	245	242	245	123900
10/9/2017	242.2	245.8	242	245.8	206590
10/6/2017	241.8	243.6	241.8	242.2	751550
10/5/2017	242.8	242.8	241.6	241.8	968270
10/4/2017	242.6	242.8	241.6	242.4	532970
10/3/2017	242.6	243.6	241	242	777440
10/2/2017	244	244.8	241.6	242.6	830970
9/29/2017	243	245	242	243.8	732140
9/28/2017	248	248	242	242	911910
9/27/2017	249	249	242.2	248.8	887090
9/26/2017	245	249.8	240	249.8	423000
9/25/2017	244.8	245	242	245	198410
9/22/2017	246	246	243.2	244.8	335990
9/21/2017	242.6	248	242	246	390120
9/20/2017	244	244.8	241.4	242	1375890
9/19/2017	246.4	251.4	240.8	244	1421290
9/18/2017	243	245	242.4	245	554560
9/15/2017	245	245	242.6	243	1245630
9/14/2017	242	249.6	241.6	245	637260
9/13/2017	240	244.2	240	242	770740
9/11/2017	244	244.4	242.2	244	615460
9/8/2017	245.8	251.4	244	244	522760
9/7/2017	243	245.6	240.8	245.6	721550
9/6/2017	243	243	240	241	601000
9/5/2017	238	244	238	244	1044220
9/4/2017	238.2	238.4	236	238	673130
8/31/2017	238	238.8	236.2	238.2	502640
8/30/2017	238.6	239.2	237.8	238.8	654510
8/29/2017	240	240.4	237.8	238.8	1024340
8/25/2017	239.8	241	238.4	239	644400
8/24/2017	239.4	240.4	238	240	291780
8/23/2017	240	242	238	239.2	717480
8/22/2017	235.2	240	235	240	1397980
8/18/2017	237.2	237.2	234	235.2	678970
8/17/2017	238	239.8	236	238.2	1061280
8/16/2017	225.4	245	225	239	2324150
8/15/2017	222	226	221.8	225	679390
8/14/2017	216	222.4	215	222	1729060
8/11/2017	217	217.2	213	216.4	1203420
8/10/2017	217	219.8	216.4	217	807360
8/9/2017	219	219	215.8	217	589350
8/8/2017	219.4	220	218.2	219	508310
8/7/2017	216	219.6	216	219	459170
8/4/2017	215.8	218	214.6	215.2	818050
8/3/2017	219	220	216	216	547200
8/2/2017	223	224.8	218	218	571170
8/1/2017	225	225	220	223	346240
7/31/2017	221.8	227.6	217.6	225	829900
7/28/2017	218	222	217	222	897920
7/27/2017	216.8	221	216.6	219	429420
7/26/2017	217.8	219	215	216.8	474360
7/25/2017	219	219	216.2	217.8	266670
7/24/2017	221.8	221.8	218	219.2	137570
7/21/2017	220	221.8	215	221.8	349660
7/20/2017	220.4	223.4	218	220	998670
7/19/2017	217	221.4	216.4	220.4	1442350
7/18/2017	215.4	217	215.4	217	516920
7/17/2017	215.2	215.8	215	215.2	653330
7/14/2017	214.6	215.6	213.4	215	455230
7/13/2017	213	215.8	213	214.6	814280
7/12/2017	208	212.2	207.6	212	307130
7/11/2017	207.8	208.6	207	208	120620
7/10/2017	208	208.2	206	208	265520
7/7/2017	207.8	208.2	206.6	208	278640
7/6/2017	207.8	209.4	206.6	207.2	980840
7/5/2017	208	208.2	207	208	180240
7/4/2017	207	208.8	207	208	671650
7/3/2017	204	207	203	206.2	642580
6/30/2017	205.4	205.4	202.4	204	764880
6/29/2017	209	210	205.4	205.4	474770
6/28/2017	210	211.2	208.6	208.6	528440
6/27/2017	212	212	209	210	456100
6/23/2017	212.8	212.8	211	211	564330
6/22/2017	215.4	215.4	211	212.8	399000
6/21/2017	215	215.8	214	215.4	677910
6/20/2017	216	216	213.6	215	425560
6/19/2017	217	217	214.8	216	486210
6/16/2017	215.2	217	212.8	217	828030
6/15/2017	215	216	215	215.2	238320
6/14/2017	214.2	215.4	211.6	215.4	386160
6/13/2017	215.8	215.8	212.6	214.2	452430
6/9/2017	217	218.8	214.8	215.8	783900
6/8/2017	216.8	219.6	215	215.8	698350
6/7/2017	214.8	218	214.8	216.6	578080
6/6/2017	216	216.6	214.4	214.8	369200
6/5/2017	214	216.8	214	216	879570
6/2/2017	215.6	216.8	214	214	748200
6/1/2017	204.6	219.6	204.6	216	1770280
5/31/2017	203.8	205	202.4	204.6	1940890
5/30/2017	203.6	205	201.4	203.8	292950
5/29/2017	201.6	203	201.4	203	412080
5/26/2017	207	207	201.4	201.4	702310
5/25/2017	206.2	208	203	207	291010
5/24/2017	201	206.8	201	206.2	290890
5/23/2017	204	204.4	201	201	404540
5/22/2017	203	206.8	201.4	202.2	387630
5/19/2017	201	204.8	200.4	203	589050
5/18/2017	200	203.8	198.1	200	1615170
5/17/2017	205.4	209	205	205	1310850
5/16/2017	205.6	208	203.2	205	980280
5/15/2017	212	213	206	206	1527880
5/12/2017	213	213	210.2	212	497320
5/11/2017	212	214	211.4	213	709720
5/10/2017	219	220	211	211	1143700
5/9/2017	218.8	222.8	218.8	219	625190
5/8/2017	216	219.8	216	218.6	638980
5/5/2017	213.4	217.2	213.2	216	953300
5/4/2017	213.8	213.8	212.6	213.4	1062110
5/3/2017	215.8	216	213.2	213.2	1049720
5/2/2017	213.4	216	213	215.8	954730
4/27/2017	214	214	210	210	478890
4/26/2017	214	215	212	214	619240
4/25/2017	210.6	215	210.6	214	764260
4/24/2017	208	210.6	207	210.4	845290
4/21/2017	205.4	209	205.4	208	823280
4/20/2017	204	205	201.6	205	436010
4/19/2017	205	206.2	203.2	203.4	480950
4/18/2017	209	209.8	205	207	482940
4/17/2017	209	212	207.8	209	762940
4/12/2017	207.6	209.8	207.4	208.8	576590
4/11/2017	208.6	209	206	207.6	601790
4/10/2017	210	210	207	208.6	615630
4/7/2017	200	210.4	200	210.4	1410280
4/6/2017	198.2	200	198.2	200	624550
4/5/2017	198.5	199.9	198.1	198.2	1150130
4/4/2017	197	199.9	197	198	976980
4/3/2017	197.5	197.8	196	197	820890
3/31/2017	191.1	197.9	191.1	197.5	1272220
3/30/2017	189	194.7	189	194.5	1043500
3/29/2017	183.1	189	183.1	188	1231100
3/28/2017	184	185.5	182.5	182.5	656230
3/27/2017	189	190	182.1	182.1	1914760
3/24/2017	191.9	191.9	187.4	188	711720
3/23/2017	193.9	194	190.1	190.2	685300
3/22/2017	193.9	193.9	191	191	472170
3/21/2017	191.1	195	191.1	194	380830
3/20/2017	193.2	195	192.8	192.8	346930
3/17/2017	197	197	191.5	193.2	1253720
3/16/2017	196.3	199	195	196	389080
3/15/2017	197	197.4	195	196	141740
3/14/2017	197.6	198	196.4	197	325820
3/13/2017	195	198.1	195	196.8	400820
3/10/2017	197.1	199	194	194	597590
3/9/2017	194	198	194	197.1	836090
3/8/2017	195.2	195.2	193.7	193.8	1775410
3/7/2017	198	198.5	194.8	194.9	2031830
3/6/2017	201	201.6	197.2	198	716610
3/3/2017	203.4	203.4	200	201	471400
3/2/2017	203.2	204.2	203	203.4	550330
3/1/2017	202	204	201.6	202.8	296860
2/28/2017	202.8	204	201.8	201.8	640150
2/27/2017	202	204.2	202	203	512380
2/24/2017	203	204.8	201.8	201.8	491280
2/23/2017	202.2	204.4	202	203	550210
2/22/2017	206	206	201.8	201.8	882270
2/21/2017	205	207	204.2	206	498940
2/20/2017	205	206	204	205	115630
2/17/2017	206.2	207	203	205	198960
2/16/2017	202.2	207	201.8	206	1627630
2/15/2017	209	209.8	201.4	201.4	993700
2/14/2017	206	207	205.8	206	680590
2/13/2017	206	207.2	205.8	207	580600
2/10/2017	206	207	205	206	381160
2/9/2017	207.4	207.4	205.2	206	477160
2/8/2017	207.4	207.4	206	206	305110
2/7/2017	208	208	205.2	206.6	202830
2/6/2017	206.6	208.2	206.4	208	346070
2/3/2017	206.4	207.2	202.6	206	359090
2/2/2017	208	208	205.8	206.4	873790
2/1/2017	209	209	205.6	207	340350
1/31/2017	209.4	209.8	205.6	205.6	488180
1/30/2017	209	209	208	209	172300
1/27/2017	207	208.8	207	208	698600
1/26/2017	208	210	206.6	207	1844970
1/25/2017	209.8	209.8	207	207.2	414310
1/24/2017	208.4	208.6	205.8	206	415040
1/23/2017	206	208	204	207	287470
1/20/2017	206.2	208	203	203	542100
1/19/2017	204.8	207	204	205	336040
1/18/2017	206	208	202.2	203	435560
1/17/2017	212	212.2	205.8	205.8	494420
1/16/2017	212	215	209	209	413410
1/13/2017	214	215.6	211	212	355890
1/12/2017	219.6	219.8	214	214	461460
1/11/2017	220	220	217.6	219.6	755150
1/10/2017	215	220	214.6	219	1109890
1/9/2017	214	215.4	213.4	215	803570
1/6/2017	214.2	215.2	210.2	213	632770
1/5/2017	206	219.4	206	214	1127830
1/4/2017	200	206	198	206	737800
1/3/2017	194.6	200	193.8	200	487890
12/29/2016	199.3	200.4	194	194	615820
12/28/2016	195	200	194	200	444860
12/27/2016	191.5	196	191	193.7	176610
12/23/2016	186	190.9	185	190.6	725220
12/22/2016	190	192	184.6	185.5	1459780
12/21/2016	194	198	190	190	960260
12/20/2016	195.1	197.9	193	195	600480
12/19/2016	205	205.8	193.2	195	1259390
12/16/2016	207	209	205	205	634910
12/15/2016	210	212.4	206	206	589500
12/14/2016	212.4	214.8	210	210	590140
12/13/2016	211.4	215.2	210.2	215	601050
12/12/2016	217	217	210.8	211.4	542630
12/9/2016	216	217.4	215.8	217	517220
12/8/2016	213.8	217	210	217	615570
12/7/2016	209.2	211	208	210	524850
12/6/2016	212.8	216.8	206.4	208	1553380
12/5/2016	218.6	218.6	212.8	212.8	159670
12/2/2016	215	219	212.2	219	465930
12/1/2016	217	219	212	212	838780
11/29/2016	209.4	215.8	209	215.8	1394180
11/28/2016	217	217	210	210	507180
11/25/2016	214	217	212.4	217	310700
11/24/2016	210	215	210	212.4	346590
11/23/2016	216	216	208.6	210	620200
11/22/2016	213.8	216	210.2	216	770270
11/21/2016	210	215.4	210	212	466430
11/18/2016	214	215	209	209	1738540
11/17/2016	213	218	211	211.8	1191930
11/16/2016	210.4	218	209.2	209.4	1568650
11/15/2016	231	231	208	208	2605300
11/14/2016	235	235.4	230.4	231	573040
11/11/2016	233	238	230.8	231	827730
11/10/2016	240	240	236.2	239.8	294990
11/9/2016	242	244	231	232	596440
11/8/2016	233	244.8	232.6	241	844580
11/7/2016	235	235.6	230	230.4	730090
11/4/2016	232.8	236	232.2	235	534770
11/3/2016	236	237	232.2	232.2	800550
11/2/2016	238.2	240	236	236	625330
10/28/2016	243	245	236.8	238	773470
10/27/2016	246	247	243	243	437520
10/26/2016	246.2	247	244.2	247	479650
10/25/2016	248	250	246	246	347960
10/24/2016	248	252	247	250.8	488690
10/21/2016	248.2	252	246	247	179150
10/20/2016	250	250	241.8	248.2	360100
10/19/2016	246	252	245.8	250.4	412440
10/18/2016	244	247.2	242.2	246	517230
10/17/2016	241	244.6	236.6	236.6	305360
10/14/2016	241	244	241	241	478250
10/13/2016	241	245	240.2	241	405070
10/12/2016	241.6	245	240	241	579600
10/11/2016	244	244.4	241.8	244	390070
10/10/2016	247.2	248	246	246.4	183590
10/7/2016	251	252	245	245.8	702830
10/6/2016	250	253	250	251	355830
10/5/2016	248	249.8	247	249.8	318640
10/4/2016	248.8	253	248.6	251.4	891270
10/3/2016	247.4	249.6	247	248.8	229490
9/30/2016	248	249.8	246.6	247	627520
9/29/2016	248.2	248.2	245	248.2	270410
9/28/2016	247	247	243	245	336790
9/27/2016	250	250	246	248.6	395880
9/26/2016	247.8	249.8	247.4	249.8	525060
9/23/2016	246.2	249.4	245.4	247.8	428320
9/22/2016	248	250	247.8	249.4	262750
9/21/2016	249	249.4	246	248	253460
9/20/2016	248	249.8	245.2	248.6	342840
9/19/2016	245.2	249	244.6	248.6	184010
9/16/2016	249.6	249.8	241.2	245.2	498840
9/15/2016	243	250	241.2	250	699170
9/14/2016	246	246	241.2	243	313500
9/13/2016	236.4	247.8	236.4	246	574110
9/9/2016	247	247	236	236	1180000
9/8/2016	247	249.2	243	247.2	610690
9/7/2016	246	248	240.6	247	493640
9/6/2016	244.8	248	244.8	246	744330
9/5/2016	250	250	244.6	244.6	171670
9/2/2016	252.4	252.4	249	250	644230
9/1/2016	245	253	240.6	253	342180
8/31/2016	249.8	250.2	245	245	1080940
8/30/2016	251.2	252.8	248	249.8	783930
8/26/2016	251	253	251	253	306170
8/25/2016	252	254	251	251	552790
8/24/2016	253	253	249	250	504810
8/23/2016	252.8	253	251.8	253	667190
8/22/2016	253	253	250.6	253	309320
8/19/2016	253	253	252	252.6	327810
8/18/2016	251.2	252.8	250.4	252.8	277070
8/17/2016	253	253	251.2	251.2	380300
8/16/2016	253	253.2	252.2	253	516570
8/15/2016	253	253	251.8	253	390410
8/12/2016	253	253.2	252.8	253	619340
8/11/2016	252.6	254.6	252.2	253	643940
8/10/2016	257	257.8	251.2	252.2	431770
8/9/2016	256	259	255	257	475420
8/8/2016	255	256.4	254.4	255	283210
8/5/2016	260	260	254.8	255	450160
8/4/2016	255	260	253	260	605700
8/3/2016	254.2	254.6	251.8	253.8	380770
8/2/2016	251	254.4	251	254	528030
8/1/2016	258	259.8	251	251	633860
7/29/2016	258	258.6	255	255	420200
7/28/2016	258	258	255.8	258	811570
7/27/2016	250.2	259	250.2	258	1234530
7/26/2016	253	257.8	250.2	250.2	765090
7/25/2016	255	259.6	252.8	252.8	503040
7/22/2016	252.8	257.8	252.8	255	747230
7/21/2016	250.2	252.2	249.6	252.2	761690
7/20/2016	249	250.6	249	250.4	729770
7/19/2016	247	249.8	247	248	722680
7/18/2016	250	250	245	246	775780
7/15/2016	250	250	249.6	250	714340
7/14/2016	249.8	250	249.4	250	580410
7/13/2016	250.4	251	247	249.8	928800
7/12/2016	250	253	249.4	250	1169420
7/11/2016	247.8	252	245.8	250	963190
7/8/2016	244.4	245	244	244.8	462530
7/7/2016	244.8	247	244	244.8	896050
7/5/2016	244	245.8	243.8	244.8	629320
7/4/2016	245	245	243	244	843490
7/1/2016	243	245.4	243	245.2	993530
6/30/2016	235.8	249.4	235.8	242	2444310
6/29/2016	235	236.6	234.6	235.8	1153270
6/28/2016	234	235.2	233.6	235	611860
6/27/2016	231.2	235.2	231.2	233.2	578730
6/24/2016	235.8	235.8	231.8	235	752550
6/23/2016	231.6	234.6	231.6	232.2	439830
6/22/2016	237	237	233.8	234.6	705190
6/21/2016	239	239.4	230	230	802280
6/20/2016	238.8	239	235	238	464400
6/17/2016	235	239.4	235	239	646860
6/16/2016	231.2	235	231.2	234	380010
6/15/2016	231.2	233	230	230	285100
6/14/2016	231	234	230	231	395630
6/13/2016	231	232	229.2	231	437310
6/10/2016	235	238	230	230	415750
6/9/2016	237	237	233	233	460940
6/8/2016	239	239.8	237	237	505640
6/7/2016	235	239.6	233.2	239	781950
6/6/2016	231	233.4	231	233	667220
6/3/2016	234	235	229.8	230	917380
6/2/2016	235.6	236	230	230	760710
6/1/2016	235.2	236	234.4	235	514430
5/31/2016	237.6	237.8	235.4	235.4	2820800
5/30/2016	237	238.2	236.8	237.6	245260
5/27/2016	235	237.8	234.6	236.6	362890
5/26/2016	236	236	230	233.6	637360
5/25/2016	237.2	237.2	235.4	236	679360
5/24/2016	235.8	237.4	235.6	236.2	456240
5/23/2016	236	238	235.8	236	426750
5/20/2016	233.6	237	233	235	708500
5/19/2016	235.8	235.8	231.2	233.6	802110
5/18/2016	237	239	231	235	1829080
5/17/2016	240	240	235.2	235.6	751020
5/16/2016	233.2	242.6	230	240	1381190
5/13/2016	230	237.8	229.6	234.6	1392040
5/12/2016	233	233	229.2	229.8	617660
5/11/2016	230	235	229	233.8	1903810
5/10/2016	225	230	223	230	1485060
5/6/2016	227	228	224.2	226.8	768720
5/5/2016	228	228	224.8	227	584430
5/4/2016	227.4	229.4	224.2	229.4	455940
5/3/2016	229	229	225.8	227	427460
5/2/2016	227.8	230	222	230	430230
4/29/2016	229.6	229.6	222.8	229.6	379870
4/28/2016	226	230	226	230	866840
4/27/2016	221	226	221	226	2507200
4/26/2016	226.6	227.8	225	226	2653520
4/25/2016	224	226.8	223.6	226.8	363910
4/22/2016	226	228	223.4	223.4	469390
4/21/2016	226	227	223.4	226	596430
4/20/2016	221.8	227.8	221.8	226	422350
4/19/2016	224.4	225	221.4	221.8	845070
4/18/2016	227.8	228	224	224.2	514420
4/15/2016	229	229	227.8	228.2	510220
4/14/2016	230	230	227.6	228.8	551560
4/13/2016	232	233	229.8	230	600510
4/12/2016	230.8	231.2	230.4	230.8	480180
4/11/2016	230.6	232	230.2	230.8	465950
4/8/2016	231	231	228.4	230.6	392720
4/7/2016	228.4	233.4	228.4	231	830170
4/6/2016	230	230	227	228	487650
4/5/2016	227	230	226.6	230	1346350
4/4/2016	226	227.8	225.2	227	844050
4/1/2016	227	229	226.4	227.2	241180
3/31/2016	230	230.6	223	227	1670900
3/30/2016	228	233.4	228	230	1130610
3/29/2016	234	234	228	228	288320
3/28/2016	234.2	234.2	232.2	234	257120
3/23/2016	230.2	234.4	229.8	234.4	479130
3/22/2016	230.4	233.8	229.4	230	1007070
3/21/2016	232	235	229.4	230	1304090
3/18/2016	232	232	231.2	232	830420
3/17/2016	230.8	232	230.4	232	1227470
3/16/2016	233	234	226.8	230.2	347510
3/15/2016	230	235	229.6	232.8	500780
3/14/2016	231	235	229.4	229.6	633600
3/11/2016	227	232	227	230	1514170
3/10/2016	226.2	231	226	230	1424890
3/9/2016	223.8	228	223.4	226	1638640
3/8/2016	225	225	223	225	485070
3/7/2016	228	228.2	223.6	225	234970
3/4/2016	228	228.6	223.8	225	1100840
3/3/2016	229.8	229.8	224.2	228	645100
3/2/2016	222	230	222	230	2393330
3/1/2016	220	222.8	220	221.6	1721300
2/29/2016	222	223.4	218	219	996720
2/26/2016	220	223.8	219.6	222	2039580
2/24/2016	220	220	218.8	220	803330
2/23/2016	218.8	220	218.6	220	890820
2/22/2016	217.4	220	217.4	218.8	1287070
2/19/2016	220	220	217.6	217.8	1864110
2/18/2016	214.8	220	214.8	220	2156810
2/17/2016	210	214.6	210	214.2	1767410
2/16/2016	210	210.8	209	209.8	705170
2/15/2016	210.4	210.4	209	209.6	1022010
2/12/2016	210.6	211	208.6	210.4	2048130
2/11/2016	208.4	213	208	213	288390
2/10/2016	211.8	211.8	205	210	2380860
2/9/2016	214	214.2	211	212.2	404140
2/5/2016	208	217.4	207.2	214.6	1519180
2/4/2016	206.4	207.8	205	207	977580
2/3/2016	204	206.8	201	206.4	1085110
2/2/2016	207.8	208	206.8	207	795570
2/1/2016	207	209.8	205.6	207.8	1911460
1/29/2016	204.8	205.8	204	205.2	1478920
1/28/2016	203.4	206	202.8	204.8	1168710
1/27/2016	201	207	201	206	1704750
1/26/2016	199.2	201.8	197.8	200.4	620440
1/25/2016	199.7	201.2	199.5	200.2	1271290
1/22/2016	196.1	199.3	196.1	198	1366550
1/21/2016	201	201	195	195	896940
1/20/2016	204.8	205	199.6	201.4	525880
1/19/2016	201	201.4	199.8	201.4	982090
1/18/2016	199.6	202	198	201	594890
1/15/2016	205	205.8	202.2	202.4	362190
1/14/2016	203	203	199.6	201.8	709490
1/13/2016	199	205.2	199	205	661400
1/12/2016	195	202.2	194.2	199	331720
1/11/2016	205	206	194	194	917740
1/8/2016	204	207	200.8	205	438520
1/7/2016	213.6	213.6	205	205	512490
1/6/2016	210	214	208	214	1128830
1/5/2016	212	213	209.4	210	1279680
1/4/2016	218.6	218.6	213.4	213.4	197040
12/29/2015	222	222.4	218	219	817330
12/28/2015	221.8	223	221.4	222	887410
12/23/2015	220	222	216.8	220	861100
12/22/2015	216.2	219	213.8	219	920960
12/21/2015	210.6	220	210.6	220	946870
12/18/2015	209	210.6	207	210.6	471200
12/17/2015	209	211.8	209	211.2	742590
12/16/2015	205	209	204.4	205	1102980
12/15/2015	206.2	207	203.2	204	509950
12/14/2015	209	209	204	206	783740
12/11/2015	209.6	210.6	208	209	832970
12/10/2015	210.6	210.6	208.8	209.6	4152990
12/9/2015	207.2	210.6	206.4	210.6	633650
12/8/2015	205	208	204.6	207.2	656800
12/7/2015	205.8	207	205.8	206	463680
12/4/2015	205.4	205.8	203	205	283020
12/3/2015	206.8	207	203.2	205.4	633640
12/2/2015	207	207.4	206	206.8	926400
12/1/2015	201.8	207.4	201.2	207	1505280
11/27/2015	206.8	207	200.2	201	1110150
11/26/2015	207	207.4	206	206	1833250
11/25/2015	206	207	204.2	206	1439090
11/24/2015	204	204.8	203	203	446650
11/23/2015	200	203	199.4	202	243680
11/20/2015	196	203.8	194.5	200	519020
11/17/2015	195	199.8	194	195.5	455590
11/16/2015	199.9	199.9	191	194	432370
11/13/2015	203.8	203.8	199.9	200	250680
11/12/2015	204	204.6	203.2	204	529750
11/11/2015	204	204.4	200	204	1279020
11/10/2015	206	207.2	205	205.8	1190280
11/9/2015	207.4	207.4	205.2	206.8	630670
11/6/2015	205.6	208.6	205	207.4	567280
11/5/2015	206.4	206.8	205.4	205.8	152150
11/4/2015	207	208	206.6	207	604380
11/3/2015	207	209	206.6	207	1005220
11/2/2015	206	207.4	205.8	207	392670
10/30/2015	207	207.4	206	206	999750
10/29/2015	209	209	205.6	207	737730
10/28/2015	207.8	208.2	205.6	208.2	217390
10/27/2015	207	208	205.4	208	346330
10/26/2015	207.8	208.2	207	207	510030
10/23/2015	207.6	208.8	207.2	207.6	828810
10/22/2015	207	207.6	206.4	207	443960
10/21/2015	206	209	205.4	207	478970
10/20/2015	206	208	205	206	1970270
10/19/2015	205.4	206.4	204.6	205	900520
10/16/2015	205.2	206.8	204.6	205.4	714340
10/15/2015	202	205	202	204	861740
10/14/2015	203	207.6	203	203	921880
10/13/2015	200.4	206.2	200	202	1398150
10/12/2015	197.4	200	197.4	200	440370
10/9/2015	198	198	195.5	197.4	115500
10/8/2015	197.5	197.8	194.5	195	756580
10/7/2015	197.2	198	196	198	489810
10/6/2015	197.5	199.5	196.5	196.7	747830
10/5/2015	192.7	199.9	192.7	195.5	706890
10/2/2015	192	193.1	192	192.8	503080
10/1/2015	192.8	193.1	192	192	576740
9/30/2015	192	192.8	191.7	192.8	897270
9/29/2015	188	192	186.8	191.2	594870
9/28/2015	187	188.3	186.1	188	323130
9/24/2015	189	189.4	185.5	187	1039210
9/23/2015	190	190	185.5	189	234880
9/22/2015	190.5	191.2	189	190.9	245270
9/21/2015	187	190.5	186	190.5	338400
9/18/2015	190	191	184	184	629920
9/17/2015	187.6	189.9	186.5	188	454200
9/16/2015	188.5	190	187	187.7	153000
9/15/2015	188	188.8	187	187.8	157830
9/14/2015	184	189	184	188.2	105140
9/11/2015	189.9	189.9	183.1	183.1	158100
9/10/2015	188	188.4	186.5	187.1	229270
9/9/2015	186.2	191	184.8	191	316940
9/8/2015	185.2	188.1	184.1	185.9	483910
9/7/2015	189.5	189.5	185	185	259060
9/4/2015	192	192	188	191.3	343210
9/3/2015	191	191.8	189	191	357870
9/2/2015	186	192.3	182	192.3	861030
9/1/2015	191.5	194	187.8	188.1	588450
8/28/2015	191.3	193.6	188	191.5	902320
8/27/2015	182.3	191.4	182.3	191.3	1134580
8/26/2015	181	182.9	180	182.2	565310
8/25/2015	178	183	175.5	180	504730
8/24/2015	183	183	176	180	1053550
8/20/2015	189.7	189.8	182.1	185.9	493670
8/19/2015	190	190	189	189.7	450050
8/18/2015	190	190	188.7	190	452230
8/17/2015	188.4	190	188	190	341930
8/14/2015	188.3	190	188.3	188.4	177890
8/13/2015	192	192	187	188.1	451950
8/12/2015	191.2	192.5	187.6	192.2	628160
8/11/2015	191.8	191.9	188.8	191.2	307640
8/10/2015	189	192.2	188.8	192	357360
8/7/2015	188.1	189	187.9	188.3	1090040
8/6/2015	191	191	188.1	188.1	656590
8/5/2015	194.1	195.9	190	192	843200
8/4/2015	194	194.1	191.5	194.1	446150
8/3/2015	190	195	190	195	649850
7/31/2015	189	190	188.5	190	605850
7/30/2015	189	189.9	188.5	188.7	759090
7/29/2015	190	190	187.7	189	659430
7/28/2015	190	190	187.8	189.5	885690
7/27/2015	192	192.1	188.6	190	241410
7/24/2015	192	192.8	191	192	856880
7/23/2015	188.1	191.9	188	190.3	1170650
7/22/2015	192	192	187.7	188.1	1008070
7/21/2015	189.7	192	189.5	192	426080
7/20/2015	192.4	192.4	189	189	1088350
7/16/2015	192.8	193	191.9	192.6	670310
7/15/2015	192	193.5	191.9	193	1176030
7/14/2015	192	193	191.5	192	501490
7/13/2015	189	191	188.1	190	532350
7/10/2015	187.2	193.1	187.1	189	688580
7/9/2015	188.6	188.6	186	187.2	674440
7/8/2015	192	193.9	188.4	188.6	701800
7/7/2015	192.9	194.9	191.4	192	434810
7/6/2015	195.6	199	192.2	192.5	801720
7/3/2015	196	197	195.4	195.7	1219540
7/2/2015	195.4	197.7	195.4	196	993340
7/1/2015	197.1	197.1	195	195.4	2936980
6/30/2015	199.3	199.3	196	197.3	1345080
6/29/2015	198.6	199.9	195	199.8	331510
6/26/2015	199.8	200	199.1	200	842640
6/25/2015	200	200	197	198	990090
6/24/2015	195	200	195	200	415380
6/23/2015	196	196	194.6	194.8	548290
6/22/2015	197.5	197.5	195.9	196	975170
6/19/2015	198.3	198.9	196.7	197.2	540360
6/18/2015	199.2	199.5	197.7	198.3	701880
6/17/2015	197.1	199.2	195.5	198.4	1068160
6/16/2015	195.5	197.4	195	197	498280
6/15/2015	196	196.9	194.9	195	1181690
6/11/2015	196	199	195	195.5	707480
6/10/2015	195.5	196.5	195.1	195.8	408300
6/9/2015	196	196	194	195.5	637100
6/8/2015	199	199	195.5	196	760110
6/5/2015	198.3	201	197.8	199	663250
6/4/2015	198	199.2	197.9	198	625640
6/3/2015	197	202	197	202	600240
6/2/2015	200.2	202	197.7	198.3	1005230
6/1/2015	201	201.2	197.5	200	615660
5/29/2015	200.8	204.4	200	201	2073320
5/28/2015	201.2	205	198.9	201	829030
5/27/2015	208	208.4	200.2	201	1331280
5/26/2015	211.2	211.6	208.6	209	1047990
5/25/2015	211	213.8	210	211	1418920
5/22/2015	212	212.2	210.4	211	448110
5/21/2015	212.2	212.6	211	211	757720
5/20/2015	212.6	212.8	212	212	269900
5/19/2015	212	213	212	212.6	208020
5/18/2015	212	214	211.4	213	570460
5/15/2015	211	212	211	212	1521790
5/14/2015	211.4	211.6	210.6	211.4	1994160
5/13/2015	211.4	212	211	211.4	1082870
5/12/2015	210.8	212.8	210.2	212	600070
5/11/2015	210	211.8	210	211.6	419790
5/8/2015	210	210.8	209.2	210	952800
5/7/2015	207	210	205.4	209	1484140
5/6/2015	210.8	211	207	209	477890
5/5/2015	209	212	208.6	211	672480
5/4/2015	200.8	207	200.8	207	1255480
4/30/2015	202	202.8	196.9	199	2631890
4/29/2015	205	205.8	201	201	1462440
4/28/2015	208	208	200.4	203	3822390
4/27/2015	211	212.2	208	208	1700390
4/24/2015	213	213	210.2	211	999240
4/23/2015	213	215	211.2	211.2	747960
4/22/2015	215	215.2	211.2	211.6	945790
4/21/2015	214.2	216	211.8	216	718900
4/20/2015	213.4	213.8	211	212	537120
4/17/2015	214	214.8	212	213.4	283450
4/16/2015	212	214.8	211	212.4	641080
4/15/2015	215.6	215.6	210	211	964740
4/14/2015	217	219.8	216.4	216.8	405210
4/13/2015	216	219	214.4	219	548560
4/10/2015	217.2	217.4	215.6	217	1146790
4/8/2015	224	224	217	217.4	423090
4/7/2015	220	225	220	224	977670
4/6/2015	222.4	222.4	219.2	220	295020
4/1/2015	220	222.8	219	222.4	1744160
3/31/2015	217	220.4	217	220	1214000
3/30/2015	221	223.4	215	215	1015050
3/27/2015	219	219.6	215.6	217.4	1001100
3/26/2015	215	220.2	215	218.2	916910
3/25/2015	217	217.2	215.4	217	518770
3/24/2015	212.6	216	211.4	216	978700
3/23/2015	212	213	211.2	211.6	505080
3/20/2015	212	214.4	211.2	214.4	1550050
3/19/2015	214	215	211.2	212	671500
3/18/2015	212	214.8	212	213	783070
3/17/2015	211	215	210.8	212	767910
3/16/2015	210.8	212.4	210.6	211	385460
3/13/2015	214	214.8	210.8	210.8	689650
3/12/2015	214.6	214.8	213.4	214.8	337710
3/11/2015	215	216.8	214	214	333100
3/10/2015	217	217.2	215	217	210290
3/9/2015	219	219	212.2	216.8	748260
3/6/2015	219.8	220.2	219.4	219.8	796140
3/5/2015	220	220	218.2	218.6	488950
3/4/2015	219.4	220	218.6	220	556310
3/3/2015	218.4	221	218.4	219	1041990
3/2/2015	219.8	220.6	215.8	217	763830
2/27/2015	213	219.8	212.2	219.8	2299990
2/26/2015	216	216	210.4	210.8	1599760
2/25/2015	220.4	220.4	215.4	216.8	1489840
2/24/2015	227	227	218.8	219.6	2433010
2/23/2015	227.2	228	225.4	226	889710
2/20/2015	228.6	229.8	226.8	226.8	437800
2/18/2015	230	230	228.6	228.6	174910
2/17/2015	228	229.6	227.8	229	528430
2/16/2015	230	230	229.4	229.8	597720
2/13/2015	230	230	229	230	848890
2/12/2015	236	236	228	230	826240
2/11/2015	233	236	233	235.2	646280
2/10/2015	237	237.4	232.4	233	494770
2/9/2015	233	237	231	235.8	315440
2/6/2015	225	232	225	232	660430
2/5/2015	229	229.4	223	224	1070990
2/4/2015	227	232	227	229.4	935740
2/3/2015	228	228.8	224.2	225	893670
2/2/2015	240	241	223.8	226	1101740
1/30/2015	226	234	225	232	1693160
1/29/2015	217	225	216.6	224	996390
1/28/2015	212	218	212	218	1151840
1/27/2015	215	215.6	211.8	212	1060670
1/26/2015	214	216.8	213.4	216	577130
1/23/2015	213.8	214.4	213	214	1579690
1/22/2015	211	212	209	210	1317270
1/21/2015	212	213.6	209	209.8	562310
1/20/2015	213	214	211.2	212	670960
1/19/2015	212	215.4	212	214	398890
1/14/2015	210	212	210	211	1358360
1/13/2015	211	214	209.6	210	635160
1/12/2015	209.8	211.8	209.6	210	810160
1/9/2015	215.8	216	209.6	209.6	1142530
1/8/2015	215	216.4	214	215.8	898180
1/7/2015	216.8	216.8	215	216	726590
1/6/2015	211	217	208	216	820750
1/5/2015	217	220.8	211	211	575280