JGS 1216

12/27/2019	75.429	77.143	75.429	76.952	1805863.495
12/26/2019	76.286	77.048	75.238	75.238	518878.4986
12/23/2019	77.048	78.095	76.667	77.81	1340125.496
12/20/2019	73.333	76.286	71.619	76.286	5851009.484
12/19/2019	74.571	75.238	73	73.333	2227375.494
12/18/2019	75.905	76.19	74.476	74.476	1385432.996
12/17/2019	74.476	76.19	73.714	75.905	3421582.491
12/16/2019	78	78.143	73.81	74.476	2473684.493
12/13/2019	78.143	79.048	77.619	78	2031718.494
12/12/2019	75.429	78.143	75.429	77.762	4027232.989
12/11/2019	75.238	75.524	74.762	75.524	1522352.996
12/10/2019	73.81	75.238	73.81	75.238	766877.9979
12/9/2019	75.143	75.238	74.095	74.857	483146.9987
12/6/2019	75.048	75.143	73.238	75.143	1457200.496
12/5/2019	75.238	75.238	73.048	73.905	859078.4976
12/4/2019	75.238	75.238	74.19	75.238	2214019.494
12/3/2019	74.381	75.238	74.095	75.238	939581.9974
12/2/2019	73.238	74.905	72.762	74.286	1626134.996
11/29/2019	72.667	74.19	71.905	73.238	1253395.497
11/28/2019	73.952	74.714	72.667	72.667	1337909.996
11/27/2019	72.667	74.714	72.667	74.714	1285892.996
11/26/2019	74.714	74.714	72.571	72.667	9166268.975
11/25/2019	75.143	75.19	73.524	74.762	870743.9976
11/22/2019	72.333	75.19	72.333	75.19	1434089.996
11/21/2019	74.048	74.238	71.952	74.238	961621.4974
11/20/2019	74.286	74.286	73.571	74.095	751022.9979
11/19/2019	74.143	74.286	73.333	74.286	602762.9983
11/18/2019	74.19	74.19	72.619	73.905	379238.999
11/15/2019	74.19	74.19	72.476	74.095	7524583.479
11/14/2019	73.81	74.286	72.429	74.286	620497.4983
11/13/2019	73.667	74.667	73.619	73.81	638273.9982
11/12/2019	73.81	75.19	73.619	74.286	957578.9974
11/11/2019	74.667	75	73.619	73.81	530113.4985
11/8/2019	74.762	74.952	73.619	74.762	1353334.496
11/7/2019	74.905	74.905	73.333	74.762	1356589.496
11/6/2019	75.286	75.286	73.667	74.381	654359.9982
11/5/2019	72.952	75.238	72.952	75.238	3271747.491
11/4/2019	71.714	73.429	71.714	73.429	1306787.996
10/31/2019	72.571	72.619	69.714	72.619	2264356.494
10/30/2019	72.381	72.619	71.952	72.619	1036906.497
10/29/2019	71.429	72.476	70.714	72.476	1486369.496
10/28/2019	69.714	71.429	69.095	71.429	2122396.494
10/25/2019	70.286	70.286	69.048	69.714	297569.9992
10/24/2019	70.429	71.238	69.095	69.524	2565107.993
10/23/2019	70	70.429	68.905	70.429	1260766.497
10/22/2019	68.524	70.19	68.524	70	2276452.494
10/21/2019	69.143	69.143	67.714	68.143	881453.9976
10/18/2019	70.333	70.333	68.714	69.143	1260125.997
10/17/2019	70.381	70.429	69.524	70.333	1260556.497
10/16/2019	67.619	70.381	67.429	70.381	1410790.496
10/15/2019	68.571	68.619	66.476	67.619	277000.4992
10/14/2019	68.571	69.429	68.238	68.571	1347664.496
10/11/2019	67.524	68.952	66	68.571	720383.998
10/10/2019	67.524	67.619	65.762	67.524	536045.9985
10/9/2019	66.286	67.19	65.286	66.81	1358300.996
10/8/2019	65.905	67.619	65.714	66.286	1004797.497
10/7/2019	65.81	67.571	65.81	65.905	312836.9991
10/4/2019	65.714	67.524	65.714	66.667	898726.4975
10/3/2019	66.667	66.667	65.381	65.714	2004302.994
10/2/2019	68.762	68.762	65.857	67.143	2182330.494
10/1/2019	69.048	69.238	67.905	68.762	1795982.995
9/30/2019	70.095	70.429	69.048	69.048	1719878.995
9/27/2019	71.905	71.952	70	70	1086088.497
9/26/2019	71.619	71.905	71.429	71.905	1292990.996
9/25/2019	70.952	71.524	69.619	71.524	1963888.495
9/24/2019	70.571	71.429	70.571	70.952	524516.9986
9/23/2019	71.714	71.714	69.81	70.619	773639.9979
9/20/2019	68.81	71.714	68.714	71.714	5241001.486
9/19/2019	71.429	71.429	68.619	69.048	563261.9985
9/18/2019	71.667	71.667	70.952	71.429	1409960.996
9/17/2019	70.81	71.667	69.286	71.667	1874323.495
9/16/2019	70.905	70.952	68.571	70.952	1652237.995
9/13/2019	70.857	71.238	69.81	70.952	1604389.496
9/12/2019	69.524	70.952	69.429	70.952	920398.4975
9/11/2019	68.952	70.048	68.857	69.952	2518645.493
9/10/2019	67.714	69.429	67.714	69.429	2460611.993
9/9/2019	67.619	69.333	67.619	68.571	277420.4992
9/6/2019	68.429	69.381	67.571	67.619	1928933.995
9/5/2019	66.667	68.571	66.19	68.571	1092860.997
9/4/2019	66.667	68.095	66.238	66.952	1505752.496
9/3/2019	68.143	68.333	66.667	66.667	1211552.997
9/2/2019	68.238	68.238	67.381	68.19	513554.9986
8/30/2019	67.286	68.524	66.857	68.524	3285418.491
8/29/2019	65.571	67.143	64.667	67.143	2989874.992
8/28/2019	63.286	65.619	63.286	65.619	1849228.495
8/27/2019	65.333	65.333	62.905	63.286	5721670.484
8/23/2019	64.19	65.524	62.524	65.524	2135458.494
8/22/2019	63.619	64.286	62.19	64.286	1562767.496
8/20/2019	63.952	64	62.667	63.952	1335473.996
8/19/2019	61.857	64.19	60.667	64.19	2494883.993
8/16/2019	63.238	63.238	60.476	60.476	1637422.495
8/15/2019	60.476	63.333	59.476	63.333	1888267.495
8/14/2019	62.286	62.476	60.524	62.476	1603570.496
8/13/2019	60	62.476	58.143	62.476	2478125.993
8/9/2019	62.667	62.762	60.048	60.048	1015066.497
8/8/2019	63.143	63.714	62.429	62.857	962387.9974
8/7/2019	62.143	63.143	61.714	62.857	1873472.995
8/6/2019	63.571	63.571	61	61.905	2987449.492
8/5/2019	65.714	65.714	63.714	64.286	2866426.492
8/2/2019	63.667	66.19	62.143	66.19	2099485.494
8/1/2019	62.19	64.095	61.905	64.048	1814756.995
7/31/2019	64.286	64.571	61.952	62.143	1526038.496
7/30/2019	62.952	64.286	62.19	64.286	1180178.997
7/29/2019	62.905	63.762	62.048	63.762	478663.4987
7/26/2019	65.714	65.714	63.048	63.048	1141664.997
7/25/2019	66.048	66.048	64.762	65.714	1324165.496
7/24/2019	65.381	66.19	64.857	64.857	1161793.497
7/23/2019	65.714	66.19	64.952	66	1597753.496
7/22/2019	64.238	66	64.19	66	669395.9982
7/19/2019	66.524	66.571	65.19	65.19	974798.9973
7/18/2019	66.19	66.619	65.857	66.571	855224.9976
7/17/2019	66.619	66.714	66	66.19	910591.4975
7/16/2019	67.381	67.381	66.619	66.619	1393423.496
7/15/2019	64.571	67.429	64.571	67.429	1361576.996
7/12/2019	65.333	65.667	64.619	64.619	1323430.496
7/11/2019	66.095	66.095	65.143	65.333	731933.998
7/10/2019	65.619	66.381	64.095	66.381	975418.4973
7/9/2019	64.762	65.667	64.667	65.667	877789.4976
7/8/2019	65.048	65.238	64.238	65.238	469528.4987
7/5/2019	64.762	65.476	63.619	65.476	642557.9982
7/4/2019	64.524	64.619	62.714	63.762	1135102.497
7/3/2019	65.238	65.381	63.905	64.286	1217485.497
7/2/2019	64.095	65.238	63.762	65.238	1237865.997
7/1/2019	63.857	64.095	62.095	64.095	511129.4986
6/28/2019	63.762	64.19	61.952	64.19	1408291.496
6/27/2019	63.81	63.81	63.048	63.81	1042565.997
6/26/2019	63.714	63.81	62.524	63.81	1025807.997
6/25/2019	62.81	63.714	62.381	63.714	1675148.995
6/24/2019	63.286	63.429	61.476	62.381	1518436.496
6/21/2019	61.619	63.429	60.762	63.429	2733632.992
6/20/2019	60.476	61.905	60.048	60.952	1213516.497
6/19/2019	60.762	62.286	59.524	62.286	1338298.496
6/18/2019	58.762	60.81	58.762	60.81	899156.9975
6/17/2019	60.619	60.619	58.476	58.762	1670192.995
6/14/2019	61.81	61.81	59.524	60.905	1724162.995
6/13/2019	60.952	62.381	59.048	62.381	2121650.994
6/11/2019	60.381	61.619	59.905	60.952	2363644.493
6/10/2019	60.381	60.476	59.429	60.381	1677616.495
6/7/2019	59.667	60.476	59.048	60.381	971407.4973
6/6/2019	59.524	60.429	58.571	59.667	1790921.995
6/4/2019	60.619	60.857	59.048	59.524	1248880.497
6/3/2019	59.619	60.762	58.143	60.381	2875550.992
5/31/2019	58.571	59.714	58.238	59.619	1744910.995
5/30/2019	58.667	59.286	58.143	58.19	1931117.995
5/29/2019	57.905	59.048	57.619	58.667	1860284.995
5/28/2019	57.143	58.476	57.143	57.143	9152975.975
5/27/2019	56.905	58.095	56.857	57.143	1015990.497
5/24/2019	57.048	58.048	56.476	57.81	2239901.994
5/23/2019	58.524	58.667	56.714	58.667	734012.998
5/22/2019	56.476	58.619	56.476	58.619	2470639.493
5/21/2019	56.19	57.524	56.048	56.19	1758865.495
5/20/2019	54.81	55.952	53.667	55.952	2073833.994
5/17/2019	53.571	54.81	53.571	54.286	3469997.99
5/16/2019	55.238	55.476	53.81	53.81	3494756.99
5/15/2019	57.143	57.571	55.619	55.619	1820122.495
5/14/2019	58.095	58.238	55.238	56.667	5180027.986
5/10/2019	58	59.048	58	58.571	2922370.492
5/9/2019	61.429	61.429	57.81	57.81	3451465.491
5/8/2019	60.476	62.667	58.429	62.667	3209177.991
5/7/2019	61.714	61.905	59.619	60.524	593911.4984
5/6/2019	61.333	62.762	61.333	61.714	604421.9983
5/3/2019	62.714	63.333	61	61.333	2028946.494
5/2/2019	61.714	62.857	61.714	62.429	1617514.496
4/30/2019	61.952	62.857	61.857	62.857	1442132.996
4/29/2019	61.429	62.333	60.333	62.333	1158674.997
4/26/2019	61.905	61.905	60.762	61.524	2350015.494
4/25/2019	62.524	62.524	60.667	61.905	1830307.495
4/24/2019	60.81	62.524	58.81	62.524	1718387.995
4/23/2019	59.81	60.762	59.048	60.762	761155.4979
4/22/2019	58.429	60.381	58.429	60.381	513901.4986
4/17/2019	59.952	60.381	58.429	58.429	981434.9973
4/16/2019	58.381	60.143	58.381	59.905	1048267.497
4/15/2019	59.429	60.381	58.381	58.381	766678.4979
4/12/2019	61	61.81	59.143	59.381	790660.4978
4/11/2019	63.286	63.286	60.571	60.571	1248827.997
4/10/2019	62.857	63.333	62.381	63.286	1569781.496
4/8/2019	61.571	62.714	61.476	62.381	1857880.495
4/5/2019	61.381	61.571	60.952	61.571	590992.4984
4/4/2019	61.524	61.524	60.524	61.19	882514.4976
4/3/2019	61.429	61.429	60.571	61.429	783961.4978
4/2/2019	60.952	61.429	60.476	61.429	1394756.996
4/1/2019	60.667	61.667	59.048	61.667	896836.4975
3/29/2019	59.762	61.429	59.095	60.476	4044442.489
3/28/2019	59.905	59.905	58.571	59.238	855581.9976
3/27/2019	59.762	59.81	58.286	59.81	1356316.496
3/26/2019	58.81	59.619	58.714	59.619	866606.9976
3/25/2019	61.143	61.143	58.095	58.714	1815827.995
3/22/2019	61.286	61.667	60.905	61.333	4583060.987
3/21/2019	58.095	61.81	58.095	61.81	3694204.49
3/20/2019	58.762	59.857	57.571	57.714	5037962.986
3/19/2019	59.905	60	58.762	58.762	1654474.495
3/18/2019	58.19	60.048	57.524	60.048	1728163.495
3/15/2019	58.762	59.81	57.905	58.143	79750034.48
3/14/2019	59.857	59.952	58.524	58.762	4619338.487
3/13/2019	61.381	61.905	59.429	60.19	4127686.489
3/12/2019	62.952	64	61.476	61.905	1835893.495
3/11/2019	63.095	64.667	62.857	62.857	4113469.489
3/8/2019	64.524	66.143	63.714	63.81	3862645.489
3/7/2019	62.81	64.762	62.81	64.571	4021667.989
3/6/2019	63.619	64.571	62.857	63.619	3926716.489
3/5/2019	62.857	64.333	61.905	63.714	3819563.989
3/4/2019	62.667	64.381	61.143	63.048	4427093.988
3/1/2019	62.952	64.667	60.81	62.667	3537743.99
2/28/2019	65.571	65.571	62.667	63.048	5869258.484
2/27/2019	66.19	66.429	63.857	64.762	3598423.49
2/26/2019	65.333	66.19	64.571	66.19	5420813.985
2/22/2019	63.905	65.667	63.905	65.238	3200557.491
2/21/2019	63.524	63.762	62.333	63.333	2158621.494
2/20/2019	63.238	63.524	62.571	63.524	1866511.495
2/19/2019	63.905	63.905	61.905	62.476	3098570.991
2/18/2019	61.905	64.095	61.905	63.905	8651873.976
2/15/2019	59.524	61.857	59.286	59.286	1681879.495
2/14/2019	59.905	60.81	59.619	59.81	1740091.495
2/13/2019	62.667	62.857	59.667	60.238	1136194.497
2/12/2019	62.571	63	62	62.667	1082266.497
2/11/2019	62.571	62.952	62.286	62.952	899104.4975
2/8/2019	61.905	62.476	60.952	62.286	1840618.495
2/7/2019	61.857	62.619	60.952	61.905	1012903.497
2/6/2019	62.857	64.667	60.524	60.524	1989035.995
2/4/2019	62.762	63.095	62.571	62.857	833678.9977
2/1/2019	61.571	63.19	61.571	62.524	2093489.994
1/31/2019	61.81	62.762	60.762	61.571	1674455.995
1/30/2019	61.905	62.762	60.667	61.857	1639627.495
1/29/2019	61.714	61.905	60.762	61.905	2363623.494
1/28/2019	62.381	63.19	60.048	60.667	1531340.996
1/25/2019	63.333	63.524	60.952	61.571	1368233.996
1/24/2019	63.333	63.667	61.905	62.857	1809737.995
1/23/2019	63.048	63.619	61.571	63.619	1377620.996
1/22/2019	63.905	64	62.857	63.667	2639888.993
1/21/2019	63.333	64.095	62.857	63.905	2267233.494
1/18/2019	62.19	63.762	62.19	63.095	3104944.491
1/17/2019	61.905	62.381	61.714	62.143	2203634.994
1/16/2019	62.762	62.857	61	61.905	1370470.496
1/15/2019	62.524	63.762	62.19	62.762	2747324.992
1/14/2019	61.429	63.143	59.524	63.143	3591451.49
1/11/2019	60.476	61.429	60.19	61.429	3025774.492
1/10/2019	60.286	60.952	59.571	60.476	4134364.489
1/9/2019	57.095	60.476	57.095	60.476	5005832.986
1/8/2019	57.571	57.571	56.333	57.095	1376938.496
1/7/2019	57.048	57.571	56.762	57.143	2760407.992
1/4/2019	54.905	57.429	54.905	56.571	3403364.991
1/3/2019	53.048	56.857	53	54.905	3008491.492
1/2/2019	53.048	53.143	51.81	52.476	583379.9984
12/28/2018	53.238	53.238	52.143	53.048	2813275.492
12/27/2018	52.571	53.238	51.81	53.19	2394503.993
12/26/2018	53.048	53.048	51.571	52.571	626356.4983
12/21/2018	51.333	53.429	51	53.429	3396151.491
12/20/2018	51.238	51.762	49.857	51.524	1354468.496
12/19/2018	48.619	51.81	48.619	51.81	2821969.492
12/18/2018	50.571	50.571	48.143	48.571	1607822.996
12/17/2018	50.381	50.905	49.429	50.667	1349848.496
12/14/2018	49.476	50.667	48.857	50.667	1738652.995
12/13/2018	49.667	49.857	48.571	49.476	1569256.496
12/12/2018	48.286	49.905	47.619	49.905	1030438.497
12/11/2018	46.81	47.81	46.714	47.619	600074.9983
12/10/2018	47.714	47.714	46.476	46.81	1283656.496
12/7/2018	49.524	49.524	46.714	47.714	3290206.491
12/6/2018	50.143	50.429	48.857	49.524	979019.9973
12/5/2018	48.619	50.19	48.571	49.905	3055972.492
12/4/2018	47.905	50.381	47.81	50.381	3129724.491
12/3/2018	46.714	48	46.714	48	2536484.993
11/29/2018	47.286	48.048	45.905	45.905	5811434.984
11/28/2018	45.952	47.286	45.952	47.286	3261089.991
11/27/2018	45.857	46.524	45.286	45.857	811754.9978
11/26/2018	45.238	46.095	44.762	45.714	2318504.994
11/23/2018	44.857	45.571	44.857	45.143	1514834.996
11/22/2018	44.667	45.286	44.333	45.048	2309369.994
11/21/2018	44.571	44.857	43.81	44.762	970934.9973
11/20/2018	44.524	44.762	43.81	44.762	1501604.996
11/19/2018	43.619	45.095	43.476	44.762	2063039.994
11/16/2018	43.429	43.81	42.381	42.857	2654399.993
11/15/2018	41.714	42.81	41.714	42.381	960014.9974
11/14/2018	40.857	41.714	40.095	41.429	1774394.995
11/13/2018	42.571	42.667	39.333	39.905	2692199.993
11/12/2018	44.143	44.143	42.857	42.857	1576889.996
11/9/2018	45.952	45.952	43.333	44.238	1766834.995
11/8/2018	45.238	46.476	44.571	46	1576154.996
11/7/2018	46.476	46.476	45.238	45.81	1575419.996
11/6/2018	46.286	46.952	46	46.571	1575734.996
11/5/2018	46.095	47.476	45.524	46.286	2360714.994
10/31/2018	45.238	46.381	45.048	45.048	1792664.995
10/30/2018	46.143	46.19	44.714	44.905	800624.9978
10/29/2018	45.333	46.19	45.333	46.143	789389.9978
10/26/2018	45.143	46.667	44.476	45.238	2098214.994
10/25/2018	46.095	46.095	44.286	45.143	1576259.996
10/24/2018	46.667	46.905	45.429	46.095	1574999.996
10/23/2018	46.81	47	45.381	46.286	599444.9984
10/22/2018	46	46.667	45.81	46.429	1111214.997
10/19/2018	45.238	46.905	45.238	45.714	1230599.997
10/18/2018	46.667	46.667	45.333	45.81	904469.9975
10/17/2018	44.762	46.857	44.762	46.19	2269679.994
10/16/2018	43.81	44.762	43.667	44.762	2005289.994
10/15/2018	43.667	44.714	43.619	44.714	1615949.996
10/12/2018	43.143	43.667	42.476	43.333	2058314.994
10/11/2018	43.81	43.81	41.857	43.238	2074379.994
10/10/2018	46.095	46.095	44.286	44.762	1580459.996
10/9/2018	45.524	46.19	44.857	46.19	1708664.995
10/8/2018	46.714	47.619	45.333	46.19	1712969.995
10/5/2018	48.619	48.952	46.714	46.714	1910663.995
10/4/2018	51	51	48.381	48.381	1032202.497
10/3/2018	49.524	51	48.952	51	508094.9986
10/2/2018	51.238	51.238	49.048	49.048	1056992.997
10/1/2018	51.143	51.143	49.571	51.095	874723.4976
9/28/2018	52.667	53.143	51.381	51.381	1073152.497
9/27/2018	52.381	52.857	51.524	52.857	2018225.994
9/26/2018	53.143	53.143	51.095	52.571	527446.4985
9/25/2018	51.905	53.143	50.857	53.143	1890640.495
9/24/2018	51.429	52	51.19	51.81	290933.9992
9/21/2018	50.571	51.524	50	51.429	4821106.487
9/20/2018	50.476	50.476	49.571	50.476	1574999.996
9/19/2018	49.571	50.905	49.571	49.619	817466.9978
9/18/2018	50.476	51.095	49.19	49.81	662686.4982
9/17/2018	49.429	49.81	49.095	49.81	814610.9978
9/14/2018	51.667	51.905	49.524	49.524	1707068.995
9/13/2018	50	51.571	49.571	51.571	1170718.497
9/12/2018	52.381	52.429	49.143	49.143	1837835.995
9/11/2018	54.524	54.524	52	52	1165646.997
9/10/2018	54.857	54.857	53.095	54.619	1920323.995
9/7/2018	52.286	54.905	52.095	54.905	1928996.995
9/6/2018	54.667	54.667	52.381	53.619	1990652.995
9/5/2018	57.143	57.143	54.571	55.238	1763863.495
9/4/2018	57.095	57.429	56.19	57.429	1739398.495
9/3/2018	57	57.143	55.571	57.143	454019.9988
8/31/2018	56.762	57.143	55.381	57.143	2280190.494
8/30/2018	56.381	57.286	56.286	56.667	1674319.495
8/29/2018	55.19	56.381	53.619	56.381	1135249.497
8/28/2018	52.238	55.19	52.238	55.19	1588576.496
8/24/2018	52.381	52.381	50.952	52.238	2206784.994
8/23/2018	49.714	52.714	49.619	52.381	1715752.495
8/22/2018	48.952	49.905	48.952	49.524	628529.9983
8/20/2018	50.952	51.619	48.857	48.857	991777.4973
8/17/2018	50.333	51.429	49.905	50.952	962692.4974
8/16/2018	50	51.238	49.667	50.333	552352.4985
8/15/2018	50.952	51.095	49.905	50.476	653068.4982
8/14/2018	52.857	52.857	50.19	50.952	1799090.995
8/13/2018	55.238	55.238	51.905	51.905	859876.4976
8/10/2018	55.381	55.714	54.667	55.714	848620.4977
8/9/2018	55.429	55.429	54.286	55.333	506813.9986
8/8/2018	53.619	55.238	53.619	55.238	833584.4977
8/7/2018	55.19	55.476	53.333	53.333	594131.9984
8/6/2018	54.286	55.238	54.095	55.238	1154443.497
8/3/2018	53.619	54.429	53.238	54.286	1780726.495
8/2/2018	54.762	55.476	52.619	53.143	6005474.983
8/1/2018	53.286	54.571	52.905	54.571	3335618.991
7/31/2018	53.333	53.571	52.333	53.333	1960423.495
7/30/2018	53.333	54.667	52.381	53.476	2836669.492
7/27/2018	52.381	53.333	51.238	53.333	1735187.995
7/26/2018	50.476	52.571	50.476	52.333	2189470.494
7/25/2018	50.476	51.048	49.905	50.476	1807711.495
7/24/2018	51.048	51.143	49.905	50.476	1757909.995
7/23/2018	51.381	51.429	50.476	50.476	189188.9995
7/20/2018	49.571	51.429	49.571	51.429	1807039.495
7/19/2018	51.095	51.095	49.524	50.476	460298.9987
7/18/2018	50.381	51.905	50	50.476	1756282.495
7/17/2018	50	52.476	49.905	50.381	2050051.494
7/16/2018	49.524	50.333	49.095	49.905	333007.4991
7/13/2018	48.333	50.381	48.333	50.381	2347201.494
7/12/2018	48.857	49.286	47.714	48.571	1671221.995
7/11/2018	47.524	48.905	47.524	48.524	1914160.495
7/10/2018	47.714	48	46.714	48	777524.9979
7/9/2018	48.048	48.048	47.143	47.143	723827.998
7/6/2018	47.619	48.095	47.143	47.619	1467406.496
7/5/2018	48.619	48.619	47.667	47.667	615173.9983
7/4/2018	48.095	48.619	47.571	48.619	3444262.491
7/3/2018	48.238	48.571	47.143	48.095	1075493.997
7/2/2018	47.619	48.286	46.857	47.619	1777639.495
6/29/2018	47.619	48.333	46.857	47.619	2070494.994
6/28/2018	48	48	46.857	46.857	2230735.494
6/27/2018	46.429	48.81	45.333	48.81	2863034.992
6/26/2018	45.952	46.381	44.762	46.381	2349164.994
6/25/2018	48.381	48.571	44.667	44.667	1949324.995
6/22/2018	46.857	48.714	46	47.286	2284568.994
6/21/2018	47.381	48.571	45.238	48.095	4154954.989
6/20/2018	49.524	50	47.143	47.333	2175064.494
6/19/2018	50.952	50.952	48.333	49.524	2618447.993
6/18/2018	53.333	53.333	50.476	51.429	1572364.496
6/14/2018	55.762	55.762	53.333	54.381	4304684.988
6/13/2018	57.19	57.238	55.238	55.762	1874039.995
6/11/2018	56.667	58.952	56.381	58.095	1113850.497
6/8/2018	57.19	57.19	56.238	56.524	2211677.994
6/7/2018	57.81	58.381	56.429	57.19	2273407.494
6/6/2018	56.905	57.667	56.19	57.524	505427.9986
6/5/2018	55.333	56.857	54.333	56.857	1003243.497
6/4/2018	55.143	55.286	53.429	55.286	1129841.997
6/1/2018	54.286	55.238	53.333	55.238	1445755.496
5/31/2018	54.476	55.476	52.571	54.381	9219787.475
5/30/2018	55.238	56.667	53.619	54.476	2723783.993
5/29/2018	56.905	56.905	55	56.19	1994863.495
5/28/2018	57.476	57.476	55.952	55.952	1648993.495
5/25/2018	55.714	57.429	55.238	57.429	1811554.495
5/24/2018	55.238	56.19	53.952	56.19	1088030.997
5/23/2018	56.905	56.905	53.952	55.238	2677552.493
5/22/2018	56.19	56.667	55.429	56.524	930688.4974
5/21/2018	56.81	56.81	55.714	56.19	1090393.497
5/18/2018	56.381	56.81	56	56	882923.9976
5/17/2018	57.143	57.143	55.714	56.381	1549915.496
5/16/2018	57.143	57.333	56.19	57.143	1446584.996
5/15/2018	57.952	58.571	56.286	57.333	2224508.994
5/11/2018	56.524	58.048	56.524	57.81	1732699.495
5/10/2018	56.333	57.19	56.19	56.429	1397633.996
5/9/2018	57.81	58.476	56.238	56.238	2083115.994
5/8/2018	58.143	58.857	56.905	58.571	2555972.993
5/7/2018	57.333	58.286	57.333	58.095	503968.4986
5/4/2018	56.905	57.333	56.19	57.333	1045474.497
5/3/2018	58.857	58.857	56.19	57	2561684.993
5/2/2018	60.905	60.905	57.714	57.714	2559416.993
4/30/2018	59.619	60.905	59.333	60.905	1187350.497
4/27/2018	58.286	60	57.333	59.619	1458428.996
4/26/2018	56.19	58.333	56.19	58.333	1602215.996
4/25/2018	56.667	57.381	55.476	56.19	1101827.997
4/24/2018	57.048	57.476	55.238	56.667	2520188.993
4/23/2018	57.905	58.571	56.286	57.048	2239450.494
4/20/2018	57.143	58.762	57.143	58.143	1849921.495
4/19/2018	58.476	59.048	55.714	57.143	6587332.482
4/18/2018	59.238	60	59.143	59.476	1890829.495
4/17/2018	60	60	58.952	59.048	2552486.993
4/16/2018	60.857	60.857	59.333	60.476	2470282.493
4/13/2018	61.048	61.714	59.81	59.81	2006203.494
4/12/2018	61	61.429	59.81	60.952	2194321.494
4/11/2018	60.238	61.286	60.19	61	979849.4973
4/10/2018	60	61.095	59.381	60.238	2844155.992
4/6/2018	60.905	60.952	59.333	59.333	1910936.995
4/5/2018	60.19	60.952	60.19	60.81	887848.4976
4/4/2018	61.429	61.429	59.81	60	1837930.495
4/3/2018	60.762	61.905	60.619	61.571	1995010.495
4/2/2018	60	61.714	60	61.714	1213358.997
3/28/2018	60.19	60.476	59.19	59.714	2805284.992
3/27/2018	60	60.476	60	60.19	1503914.996
3/26/2018	60.381	60.476	59.524	60.476	1402568.996
3/23/2018	59.429	60.476	59.048	60.476	2226881.994
3/22/2018	59.524	60.476	59.095	60.476	3618478.49
3/21/2018	60.381	60.667	59.048	59.048	2524483.493
3/20/2018	59.524	60.952	59.333	60	3044957.992
3/19/2018	61.524	61.524	59.238	60.476	7072789.481
3/16/2018	60.095	62.762	59.333	61.476	72318422.2
3/15/2018	60.952	60.952	60.286	60.952	3172123.491
3/14/2018	63.714	63.714	60.762	60.952	5740538.984
3/13/2018	63.238	63.81	62.667	63.81	1881032.995
3/12/2018	63.048	63.19	62.619	63.048	3470407.49
3/9/2018	62.857	62.857	62.286	62.81	960046.4974
3/8/2018	61.905	62.857	61.905	62.857	823745.9977
3/7/2018	61.952	62.286	61.857	61.905	4780691.987
3/6/2018	61.571	63.619	61.571	62.571	3169498.491
3/5/2018	61.762	62.857	60.952	61.619	3386449.491
3/2/2018	64.762	64.762	60.048	61.619	8611742.976
3/1/2018	66.667	66.762	63.905	64.857	5785226.984
2/28/2018	70	70	68.571	68.571	3538877.99
2/27/2018	67.143	71.429	66.714	71.429	2327188.494
2/26/2018	69.048	69.095	66.667	67.619	4174652.989
2/23/2018	70.952	70.952	69.048	69.048	3288242.991
2/22/2018	71	72	70.333	71	1316615.996
2/21/2018	72.381	72.762	71	71	1729853.995
2/20/2018	72.333	72.81	70.952	72.429	1325729.996
2/19/2018	71.667	72.857	70.476	72.333	1303469.996
2/15/2018	70.571	71.905	69.81	71.905	1603234.496
2/14/2018	70.905	71.048	69.714	70.952	1853585.995
2/13/2018	70	71.333	69.429	71.333	1773460.495
2/12/2018	70.19	71.429	69.238	69.524	1447939.496
2/9/2018	71.048	71.048	69.762	70	2228057.994
2/8/2018	71.238	71.429	70.286	71.238	1007117.997
2/7/2018	70	71.238	69.81	71.238	2478745.493
2/6/2018	70.476	70.714	68.571	70	3267263.991
2/5/2018	72.857	73.238	70.762	70.952	3276535.491
2/2/2018	72.762	73.81	72.762	73.714	1593311.996
2/1/2018	72.857	73.81	72.381	72.381	1730452.495
1/31/2018	74.143	74.143	72.524	72.857	2145412.494
1/30/2018	74.286	74.286	72.286	74.286	2595179.993
1/29/2018	74.667	75.429	74.286	74.286	1666528.495
1/26/2018	74.286	75.952	73.81	74.286	1451929.496
1/25/2018	75.429	75.429	72.857	75.238	1668218.995
1/24/2018	76.19	76.524	73.81	74.286	1399282.496
1/23/2018	75.048	76.667	73.571	76.667	1274773.496
1/22/2018	75.048	75.238	73.333	75.048	1101995.997
1/19/2018	74.19	75.524	73.095	75.238	1002434.997
1/18/2018	74.286	74.619	74.143	74.19	1783655.995
1/17/2018	73.524	74.905	73.048	73.81	1687265.995
1/16/2018	74.286	76.19	72.571	72.571	2082128.994
1/15/2018	75.19	75.19	73.524	74.286	867583.4976
1/12/2018	73.429	76	73.429	74.19	597953.9984
1/11/2018	75.333	75.333	72.286	73.19	1843883.995
1/10/2018	76.381	76.381	74.762	75.333	1677437.995
1/9/2018	74.762	77.143	74.762	77.143	2072678.994
1/8/2018	74.333	74.762	73.81	74.762	967186.4973
1/5/2018	72	74.571	71.952	74.238	2402263.493
1/4/2018	71.429	72.762	71.095	72.095	2203277.994
1/3/2018	70.286	72.857	68.667	72.857	1612358.996
12/29/2017	69.762	71.429	68.524	68.667	2513825.993
12/28/2017	68.667	69.762	68.667	69.762	1559102.996
12/27/2017	70.286	70.286	68.476	69.524	807607.4978
12/22/2017	68.952	70.286	68.381	70.286	497815.4986
12/21/2017	68.571	69.238	67.857	69.048	629621.9983
12/20/2017	68.095	68.571	67.524	68.571	388058.9989
12/19/2017	69.714	71.048	67.429	67.619	1564604.996
12/18/2017	69.333	71.048	69.19	71.048	663295.4982
12/15/2017	68.571	69.524	68.429	69.381	2600576.993
12/14/2017	68.095	69.524	66.81	69.524	2108578.494
12/13/2017	64.762	68.095	64.762	68.095	1640929.495
12/12/2017	65.238	66.238	64.571	64.762	989215.4973
12/11/2017	65.762	66.762	64.952	65.524	394747.4989
12/8/2017	63.381	65.714	63.381	65.714	2135395.494
12/7/2017	63.619	64.381	63.381	63.381	828428.9977
12/6/2017	64.19	65.19	63.429	63.429	1583473.496
12/5/2017	65.143	65.714	64	64	1109146.497
12/4/2017	63.81	65.333	63.81	64.286	1467385.496
12/1/2017	65.524	65.524	63.619	63.857	2724959.993
11/29/2017	67	68.143	64.762	65.524	6712334.982
11/28/2017	68.381	68.381	67.143	67.143	736501.498
11/27/2017	67.619	68.667	67.381	68.571	882976.4976
11/24/2017	68.571	68.857	67.571	67.619	1945607.995
11/23/2017	67.667	68.571	67.571	68.571	826244.9977
11/22/2017	68.571	68.952	67.619	67.667	2338738.494
11/21/2017	69.238	70	68.095	68.095	1114312.497
11/20/2017	70.429	71.286	69.143	69.143	647167.4982
11/17/2017	69.952	71.333	69.619	70.476	678089.9981
11/16/2017	69.143	70.667	69.143	69.524	1788475.495
11/15/2017	71.333	72.333	69.952	69.952	1512125.996
11/14/2017	70.381	72.857	69.381	72.857	1283383.496
11/13/2017	72.381	72.381	70.095	70.095	832313.9977
11/10/2017	73.286	73.333	71.476	71.476	1121914.497
11/9/2017	72.048	73.333	71.429	73.286	1119782.997
11/8/2017	73.238	73.286	71	71	1315408.496
11/7/2017	73.095	73.286	72.143	73.286	576859.4984
11/6/2017	71	73.333	70.81	73.333	1747462.495
11/3/2017	73.286	74.857	70.476	70.476	2613754.493
11/2/2017	72.381	73.333	72.333	73.286	1512986.996
10/30/2017	71.048	73.238	71.048	73.238	1209400.497
10/27/2017	72.19	72.571	70.762	71.048	958429.4974
10/26/2017	73.19	73.19	71.524	72.524	357083.999
10/25/2017	70.857	73.333	70.857	73.333	643135.4982
10/24/2017	71.81	71.81	70.714	70.857	855077.9976
10/23/2017	72.571	72.571	71.429	71.81	479555.9987
10/20/2017	72.333	72.571	70.952	72.571	349019.999
10/19/2017	72.619	72.619	70.952	71.619	715595.998
10/18/2017	73.286	73.286	71.048	72.667	1278227.996
10/17/2017	72.143	74.286	72.143	73.286	1534480.496
10/13/2017	74.238	74.238	72.143	72.143	1622543.996
10/12/2017	74	74.476	72.857	73.333	582791.9984
10/11/2017	74.762	74.762	73.571	74	916282.4975
10/10/2017	73.905	74.952	73.333	74.286	1206964.497
10/9/2017	73.333	75.19	73.333	75.19	527687.9985
10/6/2017	72.286	74.19	72.238	73.048	1464067.496
10/5/2017	74.143	75.143	70.714	70.714	1218881.997
10/4/2017	74.81	75.238	74	74.238	719774.998
10/3/2017	73.429	75.238	72.571	75.238	848945.9977
10/2/2017	72	74.571	71.619	74.381	885664.4976
9/29/2017	73.143	74.762	71.429	71.429	1808887.495
9/28/2017	75.238	75.238	72.952	73.81	3491438.99
9/27/2017	75.238	75.429	72.619	75.429	2204653.494
9/26/2017	75.048	75.238	72.476	75.238	900133.4975
9/25/2017	73.333	75.238	72.143	75.238	747284.9979
9/22/2017	74.381	74.381	72.952	73.333	633559.4983
9/21/2017	72.238	75.619	72.238	74.381	2536810.493
9/20/2017	70.571	72.333	70.571	72.333	819094.4977
9/19/2017	72.762	72.762	70.571	70.571	764063.9979
9/18/2017	71.81	72.952	71.238	72.952	898568.9975
9/15/2017	72.381	72.381	70.476	71.714	4086578.989
9/14/2017	69.048	72.381	68.952	72.381	1611980.996
9/13/2017	69.952	70.476	69.048	69.048	1553170.496
9/11/2017	70	70.095	69.048	69.238	584933.9984
9/8/2017	70.095	70.095	68.619	70	868381.4976
9/7/2017	69.524	70.429	69.048	69.524	725560.498
9/6/2017	70	70.19	69.143	69.524	1195193.997
9/5/2017	70.286	70.286	68.381	70.286	1289462.996
9/4/2017	68.476	70.524	68.476	70.286	1407997.496
8/31/2017	68.381	68.381	67.429	68.381	1705777.495
8/30/2017	68.571	68.619	66.952	68.381	586823.9984
8/29/2017	68.905	69.238	66.81	68.571	2086055.994
8/25/2017	68.524	69.333	68.095	69.333	837143.9977
8/24/2017	67.81	68.524	67.762	68.381	479167.4987
8/23/2017	68.571	68.857	67.429	67.762	923338.4975
8/22/2017	66.714	68.571	65.762	68.571	1061287.497
8/18/2017	68.19	68.619	66.19	66.19	1443035.996
8/17/2017	69.238	70	68.095	68.095	754109.9979
8/16/2017	68.571	69.333	67.667	69.095	655168.4982
8/15/2017	66.714	68.476	66.571	68.476	553045.4985
8/14/2017	66.762	67.19	65.905	66.714	1375205.996
8/11/2017	66.667	66.667	65.381	66.19	1517869.496
8/10/2017	70.524	70.667	66.095	66.143	2526751.493
8/9/2017	71.905	72.095	70.524	70.524	651713.9982
8/8/2017	73.143	73.143	70.857	70.857	610049.9983
8/7/2017	70.476	72.857	70.476	72.857	822863.9977
8/4/2017	70.238	72.667	70	70.476	511990.4986
8/3/2017	71.143	71.571	69.952	70.19	2107276.494
8/2/2017	73.333	74.667	70.762	71.667	2754905.992
8/1/2017	75.286	75.714	72.381	72.381	1525082.996
7/31/2017	76.143	76.143	73.81	75.714	2177741.994
7/28/2017	74.762	76.143	74.286	76.143	1708255.495
7/27/2017	75.238	75.905	74.571	74.762	1376665.496
7/26/2017	75.143	75.476	74.714	75.238	2436671.993
7/25/2017	74.762	75.333	74.286	74.429	1223134.497
7/24/2017	73.81	75.619	72.905	74.762	1164617.997
7/21/2017	74.333	74.714	72.857	73.81	2314714.494
7/20/2017	75.619	75.81	74.286	74.286	2589509.993
7/19/2017	76.238	76.381	75.524	75.524	2845814.992
7/18/2017	76.429	76.429	75.714	76.19	1057874.997
7/17/2017	76.667	77.143	76	76.19	910874.9975
7/14/2017	76.19	76.286	75.095	75.238	929606.9974
7/13/2017	77	77.619	75.714	76.19	1392205.496
7/12/2017	75.19	78.19	75.143	77	2386145.993
7/11/2017	74.762	75.476	74.619	75.238	1411136.996
7/10/2017	76.19	76.286	74.619	74.619	648721.4982
7/7/2017	76.762	76.857	76.19	76.19	122366.9997
7/6/2017	76.381	77	76.381	76.762	638956.4982
7/5/2017	77.429	77.429	76	76.381	1086098.997
7/4/2017	77.571	77.619	76.238	76.429	1160480.997
7/3/2017	77.143	77.714	76.905	77.619	950480.9974
6/30/2017	76.667	78	76.381	77.143	3248311.491
6/29/2017	76.429	76.762	76.429	76.667	2131069.494
6/28/2017	76.19	76.714	75.286	76.429	1677143.995
6/27/2017	76.238	76.762	75.238	75.238	753448.4979
6/23/2017	75.476	75.762	74.952	75.238	1335662.996
6/22/2017	75.048	75.762	74.476	75.762	579683.9984
6/21/2017	74.619	76.19	74.286	75.714	1884445.495
6/20/2017	75.238	75.714	74.286	74.286	1175884.497
6/19/2017	75.143	76.19	75.143	75.524	761365.4979
6/16/2017	76.857	76.857	74.286	75.143	4138742.989
6/15/2017	77.333	78.143	76	76	804362.9978
6/14/2017	76.19	77.286	75.381	76.952	1763653.495
6/13/2017	76.19	77.81	75.238	75.333	1263097.497
6/9/2017	76.381	77.143	76.19	76.19	1169321.997
6/8/2017	77.143	77.905	76.286	76.667	736501.498
6/7/2017	78.381	78.381	75.762	76.19	2596093.493
6/6/2017	77.762	78.524	77.143	78.19	749542.4979
6/5/2017	78.571	79.048	77.667	77.667	1626439.496
6/2/2017	76.667	80.286	76.19	76.19	3890533.489
6/1/2017	75.857	79.048	75.143	77.048	2401381.493
5/31/2017	76.095	76.667	75.143	75.857	4426337.988
5/30/2017	77.143	77.619	76.095	76.095	940978.4974
5/29/2017	79.048	80	77.143	77.143	650432.9982
5/26/2017	79.286	79.286	78.381	79.048	2507441.993
5/25/2017	80.286	80.286	78.667	79.286	1456192.496
5/24/2017	78.667	80.381	78.095	80.381	1220677.497
5/23/2017	79.048	79.952	78.905	79.429	957179.9974
5/22/2017	80	80.048	78.571	79.048	2838244.492
5/19/2017	78	79.048	77.429	79.048	2019202.494
5/18/2017	78.667	78.762	76.19	78.762	2941301.992
5/17/2017	78.571	79.048	78.524	78.905	3099274.491
5/16/2017	80.905	80.905	77.667	78.571	3652099.49
5/15/2017	79.333	80.905	79.095	80.905	2262508.494
5/12/2017	79.524	80.905	77.952	79.238	3598811.99
5/11/2017	80	80	77.714	79.524	4013887.489
5/10/2017	81.619	81.905	79.524	79.905	2920144.492
5/9/2017	82.429	82.762	81.476	81.905	2951234.992
5/8/2017	81.429	82.476	81.429	82.429	3203780.991
5/5/2017	80.952	83	80.524	81.048	3302543.991
5/4/2017	79.429	81.429	79.333	80.952	4365805.488
5/3/2017	79.905	80.095	79.143	79.429	1396142.996
5/2/2017	80.19	80.429	79.762	79.952	1691003.995
4/27/2017	80.857	80.857	79.762	80.19	602048.9983
4/26/2017	80.905	80.952	79.762	80.81	1821749.995
4/25/2017	78.762	80.857	78.762	80.524	3509824.49
4/24/2017	79.095	80.048	77.81	78.762	1179695.997
4/21/2017	77.143	79.81	77.143	79.095	3733957.49
4/20/2017	75.619	78.095	75.619	78.095	1102783.497
4/19/2017	78	78.048	75.619	75.619	1115540.997
4/18/2017	77.571	78	76.19	78	980132.9973
4/17/2017	77.571	77.619	76.952	77.571	586729.4984
4/12/2017	76.286	77.619	76.286	77.571	1058956.497
4/11/2017	76.19	76.857	76.19	76.19	1338718.496
4/10/2017	76.619	77.667	74.81	77	1935275.995
4/7/2017	75.143	77.667	75.143	76.714	3332321.991
4/6/2017	75.19	75.952	73.333	75.143	4224128.988
4/5/2017	78.952	79.762	75.19	75.19	3823511.989
4/4/2017	77.143	79	77.143	78.476	2305652.994
4/3/2017	77.476	77.524	76.19	77.143	1229864.997
3/31/2017	78.762	78.762	77.143	77.476	3065569.492
3/30/2017	78.762	78.952	78.476	78.762	1634398.496
3/29/2017	78.952	78.952	78.095	78.667	1593395.996
3/28/2017	77.619	78.952	77.571	78.952	1793137.495
3/27/2017	78.095	78.524	76.19	77.143	798388.4978
3/24/2017	78	78.571	77.857	78.095	1209305.997
3/23/2017	76.095	78.095	75	78.048	1460308.496
3/22/2017	77.619	77.619	74.333	75.238	2225632.494
3/21/2017	77.143	79.048	77.143	77.619	2289167.994
3/20/2017	77.19	79.143	76.667	77.095	1770877.495
3/17/2017	74.095	79.524	73.571	77.19	6871514.981
3/16/2017	72.381	74.143	72.048	74.095	806021.9978
3/15/2017	72.381	72.667	71.524	72.667	1101733.497
3/14/2017	71.333	72.381	71.333	72.095	1299595.496
3/13/2017	70.714	71.857	70.714	71.143	1261154.997
3/10/2017	72.238	72.381	70.476	70.476	884614.4976
3/9/2017	72.381	72.571	72.095	72.238	1470902.996
3/8/2017	74.571	74.571	71.952	71.952	824974.4977
3/7/2017	74.762	75	72.857	74.571	1325173.496
3/6/2017	71.952	74.762	71.952	74.762	2201797.494
3/3/2017	72.762	73.524	72	73.524	798535.4978
3/2/2017	71.905	73.286	71.524	73.286	1020284.997
3/1/2017	71.524	73.333	71.476	71.714	530260.4985
2/28/2017	73.286	74	71.143	74	1745036.995
2/27/2017	73.714	73.714	72	72	343864.4991
2/24/2017	74.095	74.286	73.333	73.333	1697870.995
2/23/2017	73.333	74.286	72.429	74.286	1905655.495
2/22/2017	73.095	73.619	73.048	73.333	1510025.996
2/21/2017	72.667	73.333	72.19	73.333	1202155.497
2/20/2017	71.524	72.667	71.048	72.667	405772.4989
2/17/2017	72.19	72.19	71.429	71.667	1092587.997
2/16/2017	70.476	72.476	70.429	72.19	3286583.991
2/15/2017	69.048	70.952	69.048	69.524	1165636.497
2/14/2017	70.095	70.095	68.476	68.762	1266940.497
2/13/2017	68.857	70	68.714	69.905	1247840.997
2/10/2017	69.238	69.762	68.143	68.571	3105920.991
2/9/2017	70.762	70.762	68.571	69.19	1988563.495
2/8/2017	70.952	70.952	69.81	70.762	1627478.996
2/7/2017	71.238	71.238	70	70.952	779215.4979
2/6/2017	70.905	71.095	70.286	70.952	1910821.495
2/3/2017	70	70.952	69.524	70.952	2432471.993
2/2/2017	70.476	71.19	70.333	70.381	1079672.997
2/1/2017	71.381	71.381	69.571	70.381	1134797.997
1/31/2017	72.286	72.286	70.095	70.762	795952.4978
1/30/2017	73.333	73.333	72.381	72.381	1487566.496
1/27/2017	73	73.333	72.381	72.667	940495.4974
1/26/2017	72.571	73.429	72.476	72.857	2641474.493
1/25/2017	72.667	73.905	72.619	72.762	758813.9979
1/24/2017	74.286	74.286	73.238	73.333	1405991.996
1/23/2017	73.524	74.286	73.333	74.19	1199141.997
1/20/2017	72.19	73.524	71.619	73.429	1873745.995
1/19/2017	71.238	72.19	71.048	71.905	1217201.997
1/18/2017	70.476	71.429	70.381	71.333	1159483.497
1/17/2017	71.714	72.048	69.524	69.524	1210691.997
1/16/2017	71.476	73.143	71.048	72.333	863677.4976
1/13/2017	71.81	72.333	71.476	71.476	899534.9975
1/12/2017	71.952	72.381	71.619	71.905	1473506.996
1/11/2017	72.667	72.952	71.857	72.095	3455003.99
1/10/2017	71.143	72.667	71.048	72.667	2043100.494
1/9/2017	70.476	71.143	70.476	71.143	1359350.996
1/6/2017	69.524	71.19	69.524	70.476	2770844.992
1/5/2017	68.381	70.476	68.381	69.667	4159553.989
1/4/2017	66.619	68.333	66.381	67.905	2207372.994
1/3/2017	64.762	66.619	64.429	66.619	1052225.997
12/29/2016	65.857	65.857	64.429	64.429	3164573.991
12/28/2016	64.762	65.81	64.762	65.714	1886597.995
12/27/2016	63.238	64.81	63.19	64.762	2310703.494
12/23/2016	62.429	62.952	61.429	62.857	2203235.994
12/22/2016	64.857	65.619	62.429	62.429	2124622.494
12/21/2016	64.476	65.619	63.619	65.524	2547719.993
12/20/2016	64.762	64.762	62.81	63.143	2916952.492
12/19/2016	65.952	65.952	63.857	64.762	2274100.494
12/16/2016	66.333	66.571	65.333	65.952	2040212.994
12/15/2016	66.667	66.667	64.905	65.714	1883594.995
12/14/2016	66.667	67.476	66.19	67.476	608663.9983
12/13/2016	65.714	66.714	65.524	66.714	1638640.495
12/12/2016	68.571	68.667	65.714	65.714	1989497.995
12/9/2016	68.952	69.381	68.381	68.571	2444956.493
12/8/2016	66.571	68.81	65.667	68.81	3863033.989
12/7/2016	66.667	66.667	64.952	65.667	1715101.495
12/6/2016	66.095	66.667	65.333	66.667	1002728.997
12/5/2016	67.429	67.429	66.095	66.095	1342235.996
12/2/2016	66.333	67.429	65.857	67.429	2214869.994
12/1/2016	66.667	67.524	65.476	65.714	3126721.491
11/29/2016	67.095	67.095	64.762	65	4813367.987
11/28/2016	68.095	68.095	65.524	67.095	1315796.996
11/25/2016	68.095	68.381	66.952	68.286	480238.4987
11/24/2016	68.333	68.381	66.667	68.381	1278448.496
11/23/2016	64.81	68.857	64.714	68.857	1189124.997
11/22/2016	65.714	65.714	64.286	64.762	1678802.995
11/21/2016	67.619	67.619	65.238	65.524	1023518.997
11/18/2016	66.714	67.476	66.714	67.238	623552.9983
11/17/2016	67.381	68.667	66.19	66.667	3044054.992
11/16/2016	66.476	67.81	66	67.286	2239744.494
11/15/2016	65.238	66.619	64.905	64.905	2915807.992
11/14/2016	65.714	67.571	64.81	65.333	2044675.494
11/11/2016	67.476	67.619	65.905	66	3624242.99
11/10/2016	68.762	69.476	67.238	67.429	1994107.495
11/9/2016	70.19	71.048	67.714	68.429	2020546.494
11/8/2016	69.524	70.381	69.048	69.667	2214250.494
11/7/2016	69.048	69.19	68.286	68.524	1911818.995
11/4/2016	69.429	70.095	68.571	69.286	2629913.993
11/3/2016	69.81	69.857	68.143	68.143	2985958.492
11/2/2016	69.81	71.429	69.762	70	2272262.994
10/28/2016	71.429	72.381	68.619	72.381	2461388.993
10/27/2016	71.905	71.905	70.286	71.048	2561852.993
10/26/2016	72.381	73.333	71.524	71.952	3041461.492
10/25/2016	74.238	74.238	72.952	73.333	1358825.996
10/24/2016	74.476	74.952	73.952	74.286	2457440.993
10/21/2016	75.952	75.952	74.476	75.143	2835955.492
10/20/2016	75.667	76	74.286	76	2015243.994
10/19/2016	72.381	76.095	72.238	75.667	5825546.984
10/18/2016	67.714	72.381	67.667	72.381	4256059.488
10/17/2016	67.714	68.524	67	67.905	2562314.993
10/14/2016	67.714	68.952	67.429	67.762	2408048.993
10/13/2016	66.667	68.143	66.619	67.714	1614731.996
10/12/2016	68.286	68.286	65.857	68.286	2380811.993
10/11/2016	69.524	70.762	68.19	68.286	2296969.494
10/10/2016	71.429	72.048	70	70.571	730999.498
10/7/2016	72.095	72.19	70.476	71.524	1689449.995
10/6/2016	71.476	72.333	71.476	71.905	596840.9984
10/5/2016	72.762	72.762	71.333	71.429	1231712.997
10/4/2016	72.333	72.762	71.905	72.571	1622869.496
10/3/2016	70.762	72.333	70.762	72.333	713306.998
9/30/2016	71.905	72.19	69.429	70.952	5085863.986
9/29/2016	70	71.905	70	71.905	2456506.493
9/28/2016	69.429	70.476	69.333	69.857	1807574.995
9/27/2016	72.095	72.095	68.952	68.952	2062504.494
9/26/2016	72.714	72.714	71.857	72.143	1671568.495
9/23/2016	74.619	74.619	72.381	72.714	3109007.991
9/22/2016	74.762	75.238	73.81	75.238	3773804.99
9/21/2016	74.762	75.048	74.095	74.571	1622134.496
9/20/2016	73.905	74.762	72.857	74.762	2398063.493
9/19/2016	73.429	73.905	72.571	73.905	2628317.993
9/16/2016	73.286	73.524	70.952	73.524	4210783.488
9/15/2016	70.381	73.714	69.619	73.714	2557169.993
9/14/2016	69.524	70.524	69.429	70.524	2559542.993
9/13/2016	71.238	71.238	69.333	69.524	2576542.493
9/9/2016	71.238	72.048	70.476	71.619	1863560.995
9/8/2016	70.857	71.524	69.524	71.333	5396558.985
9/7/2016	73.143	73.143	70.714	71.333	4230859.488
9/6/2016	74.667	74.667	72.524	73.143	3508060.49
9/5/2016	74.381	75	73.238	74.667	470021.9987
9/2/2016	75.238	75.286	74.571	75.048	2672291.993
9/1/2016	74.143	75.429	71.571	75.238	2004512.994
8/31/2016	73.333	74.286	71.714	74.286	4191788.988
8/30/2016	74.286	74.333	71.476	73.333	4093193.989
8/26/2016	75.476	75.476	73.667	74.286	1663241.995
8/25/2016	76.048	76.048	75.238	75.476	1290628.496
8/24/2016	79.048	79.048	74.095	76	2978104.492
8/23/2016	78.762	79	77.714	79	519067.4986
8/22/2016	78.143	78.905	77.714	78.905	2162800.494
8/19/2016	78.286	78.333	77.952	78.095	1351433.996
8/18/2016	78.095	79.048	77.762	78.286	1293820.496
8/17/2016	78.619	79.571	77.667	78.095	4205995.488
8/16/2016	78.81	78.81	77.524	78.667	1878145.495
8/15/2016	78.048	79.048	77.143	78.524	1671799.495
8/12/2016	79.048	79.476	77.429	77.952	2215247.994
8/11/2016	79.095	79.381	78.143	78.429	1577351.996
8/10/2016	80	80	79.095	79.095	1909529.995
8/9/2016	80.476	80.905	79.905	80	2566546.493
8/8/2016	78.333	80.476	77.619	80.476	1274321.996
8/5/2016	78.952	78.952	78.143	78.333	1041295.497
8/4/2016	77.333	78.952	77.333	78.952	1130797.497
8/3/2016	79.619	79.619	77.048	77.429	3050648.992
8/2/2016	79.714	80.095	79.333	79.429	1548697.496
8/1/2016	80.19	80.952	79.619	79.714	1470913.496
7/29/2016	80.19	81.429	79.524	79.524	1943024.995
7/28/2016	82.762	82.762	80	80.238	3613994.99
7/27/2016	80.952	82.762	80.762	82.762	1453787.996
7/26/2016	81.429	81.762	81	81	1804718.995
7/25/2016	81.429	81.905	81.238	81.238	1783183.495
7/22/2016	81.857	81.905	80.905	81.238	2168617.494
7/21/2016	81.857	81.857	80.667	81.81	1268378.997
7/20/2016	81.905	81.905	81.333	81.857	2010203.994
7/19/2016	81.905	82.095	81.524	81.905	2280788.994
7/18/2016	81.619	81.905	81.143	81.667	1038554.997
7/15/2016	81.905	81.905	81.429	81.571	2357785.494
7/14/2016	81.905	81.905	80.857	81.81	2517511.493
7/13/2016	82.571	83.476	81.143	81.571	3722291.99
7/12/2016	81.333	83	80.952	82.571	3152834.991
7/11/2016	80.381	81.429	80.095	81.238	2845856.992
7/8/2016	80.381	80.381	79.619	80.238	1919546.995
7/7/2016	79.905	81.143	79.714	80.286	4267168.488
7/5/2016	80.476	81.429	79.81	80	3234493.491
7/4/2016	81.429	81.619	79.524	80	1262803.497
7/1/2016	81.905	81.905	79.524	80.476	1050787.497
6/30/2016	80.333	82	80.333	81.905	5813839.484
6/29/2016	80.667	80.857	79.905	80.333	1510151.996
6/28/2016	80.714	80.762	79.667	80	2731070.992
6/27/2016	78.571	80.857	77.048	80.857	1437428.996
6/24/2016	80.714	81.714	77.048	79.714	3783128.99
6/23/2016	81.381	81.381	80.476	80.762	1366826.996
6/22/2016	81.714	81.857	80.714	81.238	2348104.494
6/21/2016	80.714	81.714	80.429	81.714	5975318.984
6/20/2016	79.524	80.619	79.238	80.333	4059604.489
6/17/2016	79.952	81.19	79.048	79.429	19838646.4
6/16/2016	79.571	80.19	79.524	79.81	5226469.486
6/15/2016	79.238	80.19	78.857	79.429	3254978.991
6/14/2016	79.429	79.429	78.524	79.238	3236761.491
6/13/2016	79.714	80	78.095	80	4203380.988
6/10/2016	79.905	80.905	78.857	79.524	1860788.995
6/9/2016	81.81	81.857	79.905	79.905	3268996.491
6/8/2016	80.952	81.905	80.857	81.81	7667540.979
6/7/2016	80.19	81.095	80.143	80.952	6674692.482
6/6/2016	79.81	80.238	79.714	79.905	11271172.47
6/3/2016	79.905	80	79.429	79.524	3664814.99
6/2/2016	79.143	80	78.857	79.381	10570045.47
6/1/2016	78.714	79.286	78.238	79.143	5428520.985
5/31/2016	79.19	79.667	76.667	78.667	30247821.37
5/30/2016	78.762	79.81	78.762	79.19	5121448.486
5/27/2016	78.952	79.048	77.429	78.762	10566023.97
5/26/2016	79.524	80.952	78.381	78.476	14869175.96
5/25/2016	87.524	87.524	86.429	86.857	3298984.491
5/24/2016	87.571	87.81	85.81	85.81	2669729.993
5/23/2016	88.571	89.524	86.619	86.619	1464224.996
5/20/2016	88.571	88.81	88.143	88.143	3997517.989
5/19/2016	88.524	89.286	88.429	88.81	4387645.488
5/18/2016	89.048	89.048	87.619	88.381	3494977.49
5/17/2016	90.714	90.714	89.048	89.048	2880275.992
5/16/2016	87.619	90.667	87.143	90.476	7809469.479
5/13/2016	84.095	87.619	84.095	86.762	8937484.475
5/12/2016	83.81	83.81	82.524	82.667	3130070.991
5/11/2016	79.048	84.762	78.667	83.81	9226213.475
5/10/2016	73.333	78.667	73.333	78.667	3584489.99
5/6/2016	74.381	75.333	74.19	74.667	2681300.993
5/5/2016	74.81	75.238	74.286	75.238	2434750.493
5/4/2016	75.238	77.619	73.429	77.619	1887742.495
5/3/2016	76.095	76.19	75.238	75.238	1167473.997
5/2/2016	75.857	76.714	75.857	75.905	2172775.494
4/29/2016	77.619	78.905	76.619	77.619	2283571.494
4/28/2016	79.524	79.81	76.19	77.619	1660259.995
4/27/2016	79.333	79.762	78.19	79.524	1296823.496
4/26/2016	79.429	79.476	78.81	79.333	1976362.495
4/25/2016	79.429	79.667	79.333	79.667	632089.4983
4/22/2016	79.048	79.524	78.524	79.429	1093721.997
4/21/2016	78.905	79.333	77.524	79.048	1914874.495
4/20/2016	77.476	78.952	76.19	77.524	2880202.492
4/19/2016	78.762	78.905	77.476	77.476	1343989.496
4/18/2016	78.571	79.048	78.238	78.571	1291016.996
4/15/2016	78.857	79.619	78.381	78.571	2509195.493
4/14/2016	78.381	79.095	77.905	78.381	2128790.994
4/13/2016	77.19	78.571	77.143	78.381	3156247.491
4/12/2016	77.619	77.905	76.571	77.048	1647481.495
4/11/2016	77.048	78.524	74.571	78.095	2385011.993
4/8/2016	75.571	77.048	73.905	77.048	2391742.493
4/7/2016	74.286	76.19	74.286	76.19	1987859.995
4/6/2016	74.667	75.762	73.952	74.286	555890.9985
4/5/2016	75.238	75.381	73.905	74.762	1084744.497
4/4/2016	74.095	76.19	74.095	75.476	865084.4976
4/1/2016	74.286	75.571	73.667	74.095	2060120.994
3/31/2016	76.571	76.619	74.286	75.571	4575416.987
3/30/2016	76.619	76.667	75.667	75.81	1889243.995
3/29/2016	76.667	76.667	74.857	76	1463752.496
3/28/2016	77.143	77.143	74.762	76.667	936484.4974
3/23/2016	75.81	77.143	73.381	77.143	2529344.993
3/22/2016	78.048	78.048	75.667	76.952	3810964.49
3/21/2016	75.238	79.048	75.143	78.095	4513970.988
3/18/2016	72.381	75.238	72.381	75.238	5898553.484
3/17/2016	71.857	72.429	71.429	72.381	3403753.491
3/16/2016	72.476	72.476	70.238	70.476	1163798.997
3/15/2016	71.905	72.476	71.857	72.333	2283833.994
3/14/2016	72.381	72.81	71.952	71.952	2457755.993
3/11/2016	68.571	72.476	68.571	72.381	4524628.488
3/10/2016	70.667	71.238	69.952	71.238	1901465.995
3/9/2016	69.524	70.714	69.524	70.667	2020619.994
3/8/2016	69.762	69.762	66.952	69.524	1640225.995
3/7/2016	69.81	70	68.762	68.952	1782301.495
3/4/2016	69.476	70	69.143	69.429	2069392.494
3/3/2016	67.619	69.952	67.619	69.429	3365554.491
3/2/2016	65.714	67.762	65.238	67.762	2622038.993
3/1/2016	64.286	65.905	64.238	65.238	1457861.996
2/29/2016	65.238	66.048	63.476	63.714	2315050.494
2/26/2016	63.81	65.429	63.476	65.238	2833141.492
2/24/2016	66.619	66.619	64.286	65.238	1682288.995
2/23/2016	66.19	66.667	65.714	66.667	705358.4981
2/22/2016	65.238	65.905	64.81	65.714	750571.4979
2/19/2016	65.714	66.571	65.238	65.714	1426876.496
2/18/2016	64.81	66.571	64.81	66.571	1962218.995
2/17/2016	65.714	65.714	64.143	64.952	2818903.492
2/16/2016	64.762	65.714	64.143	64.667	1607833.496
2/15/2016	63.714	64.762	63.333	64.048	1666349.995
2/12/2016	62.095	63.714	62.095	63.714	1774930.495
2/11/2016	61.714	63.333	60.048	62.381	1492049.996
2/10/2016	61.429	62.857	59.571	62.857	718850.998
2/9/2016	61.905	62.381	61.857	62.048	1364243.996
2/5/2016	61.905	63.81	61.905	63.524	2061800.994
2/4/2016	60.286	61.905	60.238	61.905	1359350.996
2/3/2016	60.952	61.81	59.81	60.286	1302356.996
2/2/2016	60.714	62.762	60.714	62.048	2637610.493
2/1/2016	63.81	63.857	61.905	63.81	3414305.991
1/29/2016	59.857	63.81	59.048	63.81	4345918.488
1/28/2016	58.571	59.905	58.095	59.714	1318873.496
1/27/2016	58	59.048	58	58.286	1351727.996
1/26/2016	56.286	57.952	56.143	57.952	1036129.497
1/25/2016	58.143	58.952	58.143	58.762	1337521.496
1/22/2016	56	57.952	55.238	57.143	2105197.494
1/21/2016	58	58	54.19	54.19	2312624.994
1/20/2016	59.952	60.571	58.143	58.143	574937.9984
1/19/2016	59.333	60	58.571	59.714	853534.4977
1/18/2016	59.524	60.143	58.095	59.286	2057705.994
1/15/2016	61.524	61.762	60.762	60.762	1810388.995
1/14/2016	61.524	63.19	60.952	60.952	1900867.495
1/13/2016	61.143	64.286	61.095	63.286	1797736.495
1/12/2016	62.381	63.286	61.095	61.095	1734767.995
1/11/2016	63.333	63.333	61.905	62.381	2453167.493
1/8/2016	63.619	64.476	63.429	63.905	1708370.995
1/7/2016	66.667	66.667	63.381	63.429	2496301.493
1/6/2016	66.857	67.429	66.19	66.667	1098352.497
1/5/2016	66.952	67.429	66.619	66.81	1978094.995
1/4/2016	69.429	69.524	66.81	66.952	1094078.997
12/29/2015	69.524	69.81	67.619	69.81	926026.4975
12/28/2015	67.19	70	66.667	69.571	500702.9986
12/23/2015	69.714	70.238	69.429	70	1316237.996
12/22/2015	68.571	69.905	68.571	69.524	1493477.996
12/21/2015	68.571	69.714	67.571	69.048	1316930.996
12/18/2015	67.762	68.571	65.714	68.571	2712622.493
12/17/2015	67.619	68.429	66.667	67.762	949262.9974
12/16/2015	66.143	66.81	65.714	65.714	2106793.494
12/15/2015	67.714	67.714	65.81	66.667	617851.4983
12/14/2015	65.714	68.381	63.429	68.381	1288769.996
12/11/2015	67.619	68.571	63.619	68.571	3793880.99
12/10/2015	68.048	68.048	66.905	67.095	1066022.997
12/9/2015	66.667	68.095	66.095	67.619	1901875.495
12/8/2015	68.714	68.714	65.238	67.143	1218934.497
12/7/2015	67.905	69.333	67.905	68.619	2568488.993
12/4/2015	68.095	68.286	67.619	67.952	783037.4978
12/3/2015	68.095	68.095	67.619	67.905	872623.4976
12/2/2015	69.381	69.381	68.095	68.095	2020955.994
12/1/2015	68.381	70.381	68.381	69.524	4708787.987
11/27/2015	69.429	69.429	66.905	67.381	6161368.483
11/26/2015	70.19	70.286	69.952	70.19	2077088.994
11/25/2015	69.333	70	69.286	70	2617376.993
11/24/2015	68.095	68.952	67.667	68.81	1712318.995
11/23/2015	65.714	68.81	65.714	68.571	1278112.496
11/20/2015	64.571	66.571	64.571	66.571	1800025.495
11/17/2015	64.857	66.667	64.571	64.571	2499881.993
11/16/2015	66.476	66.476	64.429	64.667	1582538.996
11/13/2015	67.905	67.905	66.619	67.048	2586979.493
11/12/2015	69.524	70.048	67.905	67.905	1596755.996
11/11/2015	68.19	69.19	68.095	68.286	1135343.997
11/10/2015	70.19	70.19	68.571	68.667	1154642.997
11/9/2015	70	71.19	69.524	70.19	1148384.997
11/6/2015	70.381	70.381	69.857	70	1461589.496
11/5/2015	71.429	71.476	70	70.476	895313.9975
11/4/2015	71.048	71.429	70.333	71.238	2283277.494
11/3/2015	70.476	71.381	70.381	70.667	1310410.496
11/2/2015	69.905	70.476	69.333	70.476	1905350.995
10/30/2015	69.429	69.524	68	68	1374008.996
10/29/2015	70	70.952	68.905	69.429	2072164.494
10/28/2015	69.524	71.19	68.571	70	2778751.492
10/27/2015	71.381	71.429	68.571	68.571	2726650.493
10/26/2015	69.714	72.381	69.714	71.429	3976654.489
10/23/2015	68.571	69.81	68.571	69.524	2677562.993
10/22/2015	68.048	68.571	67.952	68.571	759412.4979
10/21/2015	68.286	68.571	67.619	67.952	344830.4991
10/20/2015	68.048	68.095	66.857	67.81	998560.4973
10/19/2015	68.571	68.571	66.619	68.095	437314.4988
10/16/2015	68.524	68.571	67.857	68.381	2775086.992
10/15/2015	65.714	68.476	65.714	67.429	1906999.495
10/14/2015	66.476	66.762	65.714	65.714	1586329.496
10/13/2015	68.095	68.095	66.524	66.571	4148927.989
10/12/2015	67.762	68.667	67.429	68.095	1993697.995
10/9/2015	68.333	68.714	67.143	67.143	2173573.494
10/8/2015	67.524	68.143	67.524	67.81	3259010.991
10/7/2015	67.619	67.619	66.952	67.524	2332196.994
10/6/2015	67.143	68.095	67	67.714	3692828.99
10/5/2015	66.571	67.143	66.571	67	2200915.494
10/2/2015	66.619	66.857	65.571	66.571	2164795.494
10/1/2015	66.714	67.476	64.857	66.619	1470461.996
9/30/2015	67.619	67.619	67.238	67.476	3447958.491
9/29/2015	66.429	67.619	64.476	67.429	2127425.994
9/28/2015	65.571	66.81	65.571	66.429	1398799.496
9/24/2015	65.619	65.619	64.048	65.429	2245729.494
9/23/2015	66.381	66.381	65.333	65.667	1924849.495
9/22/2015	66.095	66.81	66.095	66.619	1837888.495
9/21/2015	67.476	67.476	66.571	66.81	815062.4978
9/18/2015	67.333	69.048	67.333	67.476	2812067.992
9/17/2015	68.524	68.524	65.952	67.619	2447822.993
9/16/2015	67.619	70	67.571	68.333	4226396.988
9/15/2015	67.619	67.619	66.524	67.571	1745897.995
9/14/2015	64.81	67.619	64.762	67.619	740953.498
9/11/2015	64.429	65.714	63.81	65.714	1125242.997
9/10/2015	63.81	64.619	63.81	64.19	1330549.496
9/9/2015	65.619	65.619	63.619	64.381	1784926.495
9/8/2015	64	65.667	64	64.286	1832869.495
9/7/2015	65.81	66.667	63.857	64.095	1424923.496
9/4/2015	65.905	67.619	65.905	67.333	1566358.496
9/3/2015	67.19	67.619	66.048	67.19	1654274.995
9/2/2015	66.667	67.667	65.714	67.143	2944955.992
9/1/2015	66.429	68	66.429	67.333	4017226.489
8/28/2015	66.81	69.429	66.667	67.619	4174621.489
8/27/2015	65.714	66.571	64.619	65.714	3161812.491
8/26/2015	62.381	64.714	62.381	64.619	2243807.994
8/25/2015	59.048	62.81	59.048	62.333	1797652.495
8/24/2015	65.905	65.905	58.095	61.857	4830514.487
8/20/2015	65.571	66.19	64.143	66	1689523.495
8/19/2015	64.762	65.714	63.81	65.571	3424774.491
8/18/2015	64.952	65.476	64.905	65.143	2217295.494
8/17/2015	66.048	66.476	64.762	65.333	1011968.997
8/14/2015	66.857	67.524	65.714	66	1444379.996
8/13/2015	68.667	68.667	66.19	66.667	1962691.495
8/12/2015	68.905	68.952	67.714	68.238	1718198.995
8/11/2015	68.952	69.81	68.571	68.952	1880224.495
8/10/2015	69.476	70	69.381	69.524	1832690.995
8/7/2015	69.714	69.714	69.333	69.381	878167.4976
8/6/2015	69.524	71.333	69.524	69.714	1728866.995
8/5/2015	68.619	71.333	68.619	69.524	2781796.492
8/4/2015	68.619	69.143	68.619	69	3340469.991
8/3/2015	69.048	69.524	68.286	69.048	1944820.495
7/31/2015	68.571	69.048	68.476	69.048	3836101.489
7/30/2015	68.857	69.048	68.571	68.571	1583777.996
7/29/2015	68.238	69.429	68.238	68.857	2793692.992
7/28/2015	68.571	69.286	68.19	68.19	5347660.485
7/27/2015	68.857	69.524	68.667	68.714	943876.4974
7/24/2015	69.952	69.952	69.476	69.524	1343086.496
7/23/2015	70	70.238	69.571	70	1742327.995
7/22/2015	70.476	70.476	68.619	70.429	3857794.489
7/21/2015	68.571	70.476	68.524	70.476	2816488.492
7/20/2015	68.571	68.81	68	68.619	2209031.994
7/16/2015	68.571	68.571	67.667	68.571	2011127.994
7/15/2015	68.476	68.476	67.476	68.286	1406569.496
7/14/2015	68.095	68.571	68.095	68.571	1401382.496
7/13/2015	65.81	68.095	65.81	68.095	1325225.996
7/10/2015	64.333	67.143	64.333	67.143	915820.4975
7/9/2015	65.238	65.952	63.81	65.714	3248552.991
7/8/2015	65.714	66.286	65.048	65.857	3406651.491
7/7/2015	67.143	67.619	65.286	67.619	2410852.493
7/6/2015	68.286	68.286	65.905	66.619	1720183.495
7/3/2015	68.571	68.857	68.286	68.286	1178110.497
7/2/2015	67.952	69.048	67.238	68.571	2546722.493
7/1/2015	67.143	68.524	67.095	67.952	1659766.495
6/30/2015	66.667	68.81	66.19	68.286	4361458.488
6/29/2015	67.143	68.571	66.667	68.571	1830580.495
6/26/2015	68	68.524	67.619	68.429	1653739.495
6/25/2015	67.619	67.619	66.19	67.048	1583452.496
6/24/2015	65.952	67.857	65.952	66.238	2367214.493
6/23/2015	68.952	68.952	65.905	65.905	1969610.995
6/22/2015	68.571	69.333	68	68.381	1753982.995
6/19/2015	68.095	69.524	67.905	68.095	5344321.485
6/18/2015	66.476	68.381	66.429	67.905	2696935.493
6/17/2015	63.857	66.714	63.714	66.381	3341866.491
6/16/2015	63.238	64.286	62.857	63.714	1352494.496
6/15/2015	64.952	64.952	62.952	62.952	1665488.995
6/11/2015	62.381	64.762	62	64.762	2575828.493
6/10/2015	62.095	62.619	61.381	61.905	1186856.997
6/9/2015	64.571	64.571	59.81	61.905	4433614.488
6/8/2015	64.571	65.143	63.619	64.571	778333.4979
6/5/2015	63.381	66.048	63.095	64.571	2949260.992
6/4/2015	63.81	64.81	63.714	64.286	1870658.995
6/3/2015	63.333	64.143	62.905	63.81	1872370.495
6/2/2015	65.143	65.19	63.81	64.381	3990944.989
6/1/2015	66.19	66.19	64.762	65.714	3068719.492
5/29/2015	63.762	65.524	63.762	65.238	7667078.979
5/28/2015	66.714	67.238	63	63.714	6469427.982
5/27/2015	67.619	67.619	64.857	66.714	2827439.992
5/26/2015	68.952	68.952	66.667	68.095	2657759.993
5/25/2015	69.524	69.714	68.905	69.048	1365986.996
5/22/2015	70.333	70.333	68.571	69.524	1622186.996
5/21/2015	69.048	70.381	69.048	69.714	888173.9976
5/20/2015	69.429	70.667	69.048	69.048	2506528.493
5/19/2015	69.476	69.476	69.048	69.381	1444631.996
5/18/2015	68.619	69.714	68.476	69.429	1802062.495
5/15/2015	68.571	69.905	68.381	68.571	1253563.497
5/14/2015	69.524	69.524	67.905	68.333	1191739.497
5/13/2015	67.857	69.714	67.857	69.143	1679380.495
5/12/2015	67.429	69.238	66.667	69.048	1971899.995
5/11/2015	68.095	68.095	67.429	67.571	1489004.996
5/8/2015	69.524	69.524	66.81	67.381	2306209.494
5/7/2015	69.095	69.524	67.81	68.857	1104263.997
5/6/2015	70.381	70.476	69.381	70.048	1367771.996
5/5/2015	69	70.667	69	70.476	3052633.492
5/4/2015	67.619	69.143	66.857	69.048	2074978.494
4/30/2015	68.762	68.762	66.333	68.095	3648098.99
4/29/2015	68.81	68.952	67.857	68.524	2439905.993
4/28/2015	69.238	69.238	68.714	68.857	2331241.494
4/27/2015	69.429	69.524	68.571	68.952	994706.9973
4/24/2015	68.571	69.19	68.476	69.19	2025827.994
4/23/2015	68.952	69.19	67.952	68.143	3733033.49
4/22/2015	68.476	68.571	67.095	67.714	2534710.493
4/21/2015	68.571	69.333	68.143	68.476	1782185.995
4/20/2015	69.19	69.19	67.143	68.571	1353827.996
4/17/2015	69.048	69.476	68.143	69.19	1287026.996
4/16/2015	68.095	70.429	67.143	68	6167332.483
4/15/2015	71.905	72.095	66.476	67.619	4527788.988
4/14/2015	71.429	72.143	70.286	71.286	3135194.991
4/13/2015	70.714	70.762	69.524	69.714	1579357.496
4/10/2015	71.524	71.905	70.524	70.762	3994199.989
4/8/2015	70.952	71.762	70	71.143	2574599.993
4/7/2015	70	72.381	70	70.952	2981863.492
4/6/2015	69.286	70.667	68.667	70.238	2835388.492
4/1/2015	69.048	69.143	68.048	69.048	1759946.995
3/31/2015	68.952	69.048	68.571	69.048	4164551.989
3/30/2015	67.905	69.048	67.905	68.476	4741673.987
3/27/2015	68.286	68.286	67.81	67.905	2475091.493
3/26/2015	65.714	68.571	65.333	68.286	4217912.988
3/25/2015	66.667	66.762	65.714	66.048	2626091.993
3/24/2015	68.19	68.571	65.81	66.667	1760534.995
3/23/2015	66.857	68.476	66.81	68.19	3970910.989
3/20/2015	65.476	67.238	65.476	66.905	5274086.985
3/19/2015	64.857	66.571	64.857	66.238	5736223.484
3/18/2015	63.238	65.143	63.238	64.714	4113070.489
3/17/2015	62.19	63.381	62.19	63.333	3399007.491
3/16/2015	61.619	62.571	61.429	62.286	2556298.493
3/13/2015	62.81	62.81	61.905	61.905	1260713.997
3/12/2015	61.952	63.333	61.952	62.81	1429438.496
3/11/2015	62.476	62.476	61.667	61.905	2277680.994
3/10/2015	62.905	63.381	62.81	62.81	2309978.994
3/9/2015	63.762	63.762	62.667	62.857	1279960.496
3/6/2015	63.762	64.095	63.619	63.905	2199004.494
3/5/2015	63.667	64	62.905	62.905	2139584.994
3/4/2015	63.524	64	63.143	64	2980634.992
3/3/2015	63.81	64.048	63.619	63.714	1783193.995
3/2/2015	63.81	63.81	62.381	63.81	2863832.992
2/27/2015	62.857	63.81	62.095	63.81	3314209.491
2/26/2015	63.429	63.429	62.429	62.81	2050145.994
2/25/2015	64.333	64.381	63.476	63.857	1746800.995
2/24/2015	64.667	64.667	63.429	64.333	1619824.496
2/23/2015	64.619	64.714	64.381	64.619	1518163.496
2/20/2015	64.381	64.667	64.048	64.571	1023812.997
2/18/2015	63.762	64.667	63.762	64.333	2329718.994
2/17/2015	63.571	63.81	63.476	63.762	2462942.993
2/16/2015	63.429	63.762	63.381	63.571	2118227.994
2/13/2015	61.905	63.81	61.905	63.429	3014255.992
2/12/2015	62.667	62.762	61.429	61.857	1855969.495
2/11/2015	62	63.333	61.905	62.667	3711707.99
2/10/2015	63.143	63.857	61.714	61.905	2490473.993
2/9/2015	61.714	64	61.619	62.857	3320404.491
2/6/2015	61.286	62.238	61.19	61.714	4762841.987
2/5/2015	61.524	61.571	61.143	61.524	5232233.986
2/4/2015	61.905	61.905	60.952	61.524	4993064.986
2/3/2015	61.905	62.095	60.571	61.524	2303405.994
2/2/2015	62.857	62.857	61.571	61.857	4265498.988
1/30/2015	61.429	62.381	60.952	62.381	6970928.981
1/29/2015	60.857	61.286	60.476	60.905	2624516.993
1/28/2015	60.952	61.905	60.714	60.952	5421569.985
1/27/2015	61.048	61.667	60.762	60.857	9911243.973
1/26/2015	61.048	61.143	60.667	61	9702031.473
1/23/2015	59.762	60.857	59.333	60.714	14048989.46
1/22/2015	59.143	60	58.905	59.143	18162701.5
1/21/2015	68	68	65.714	66.571	2689228.493
1/20/2015	66.857	67.619	66.667	66.714	2472529.493
1/19/2015	66.667	68	66.571	66.857	1068248.997
1/14/2015	65.714	67.095	64.952	66.667	5330156.985
1/13/2015	64.952	66.667	64.762	64.762	2509604.993
1/12/2015	66.667	66.667	64.286	64.286	2744605.492
1/9/2015	66.667	67.619	66.429	66.619	2116831.494
1/8/2015	65.857	67.81	65.238	66.667	3826966.489
1/7/2015	65.238	66.667	65.238	66.19	2911744.492
1/6/2015	65.714	65.905	65.19	65.714	1190216.997
1/5/2015	65.143	66.143	64.857	65.714	3506516.99