LTG 1216

12/27/19	11.9	12	11.68	11.98	1645800
12/26/19	11.9	11.9	11.44	11.9	612800
12/23/19	12	12	11.5	11.5	2043700
12/20/19	11.7	12	11.7	12	10512900
12/19/19	11.5	12	11.48	12	921800
12/18/19	11.88	11.88	11.46	11.5	2851600
12/17/19	11.96	12	11.5	11.72	4016800
12/16/19	12	12	11.7	11.8	844400
12/13/19	12	12.04	11.86	11.9	1722000
12/12/19	11.84	12	11.84	12	1337300
12/11/19	11.6	11.86	11.6	11.84	636600
12/10/19	11.76	11.78	11.36	11.62	2108700
12/09/19	11.5	11.8	11.4	11.74	1640000
12/06/19	11.46	11.58	11.4	11.5	1839600
12/05/19	11.46	11.48	11.22	11.4	5892800
12/04/19	11.54	11.54	11	11.4	5102400
12/03/19	11.5	11.7	11	11	3446900
12/02/19	11.3	11.5	11.26	11.5	887400
11/29/19	11.86	11.86	11.06	11.06	3108100
11/28/19	12.04	12.06	11.5	11.5	3999000
11/27/19	12.26	12.48	12	12	1548300
11/26/19	12.5	12.58	12.2	12.2	1340600
11/25/19	12.6	12.74	12.32	12.74	818200
11/22/19	12.8	12.8	12.22	12.6	436400
11/21/19	13	13	12.7	12.8	4029200
11/20/19	12.44	13.1	12.44	13.06	4529000
11/19/19	11.64	12.42	11.56	12.42	7612300
11/18/19	12.16	12.16	11.5	11.64	889000
11/15/19	12.44	12.48	11.98	11.98	2739000
11/14/19	12.74	12.76	12.2	12.2	2138100
11/13/19	12.42	12.5	12.42	12.42	12196900
11/12/19	12.7	12.7	12.42	12.42	4944700
11/11/19	13.04	13.04	12.7	12.7	4997800
11/08/19	13.3	13.36	13	13.02	952500
11/07/19	13.26	13.36	13.22	13.3	393700
11/06/19	13.38	13.56	13.08	13.08	6107600
11/05/19	13.38	13.5	13.32	13.32	1380700
11/04/19	13.34	13.42	13.3	13.38	2264000
10/31/19	13.28	13.42	13.22	13.34	1964200
10/30/19	13.34	13.44	13.18	13.3	1493600
10/29/19	13.4	13.4	13.1	13.1	6019200
10/28/19	13.46	13.76	13	13	4594800
10/25/19	13.58	13.58	13.34	13.36	50948602
10/24/19	13.52	13.76	13.22	13.22	828100
10/23/19	13.6	13.78	13.52	13.54	601700
10/22/19	13.66	13.8	13.58	13.6	640700
10/21/19	13.88	13.88	13.6	13.66	1853800
10/18/19	13.8	13.88	13.7	13.72	1180500
10/17/19	14.1	14.16	13.72	13.72	1412000
10/16/19	13.84	14.1	13.7	14.1	334700
10/15/19	13.64	13.94	13.64	13.94	578500
10/14/19	13.46	13.86	13.46	13.54	625500
10/11/19	13.44	13.46	13.22	13.28	3544500
10/10/19	13.4	13.5	13.28	13.3	384200
10/09/19	13.52	13.7	13.34	13.34	333100
10/08/19	13.66	13.7	13.52	13.56	1173900
10/07/19	13.9	13.9	13.66	13.7	271700
10/04/19	13.88	13.98	13.7	13.7	1293600
10/03/19	14.1	14.1	13.8	13.88	1572000
10/02/19	14.1	14.1	13.92	13.94	4909500
10/01/19	14.4	14.4	13.92	13.96	4448900
09/30/19	14.48	14.48	13.94	13.94	506500
09/27/19	14.7	14.7	14.48	14.5	473300
09/26/19	14.5	14.7	14.5	14.7	80700
09/25/19	14.66	14.82	14.14	14.5	3664600
09/24/19	14.7	14.7	14.46	14.46	1326800
09/23/19	14.8	14.84	14.54	14.7	1150400
09/20/19	14.8	14.88	14.64	14.72	2931500
09/19/19	14.48	14.8	14.48	14.8	235400
09/18/19	14.2	14.5	14.2	14.46	1255100
09/17/19	14.44	14.44	14.22	14.3	1880000
09/16/19	14.44	14.5	14.36	14.44	1005600
09/13/19	14.5	14.56	14.32	14.44	1790000
09/12/19	14.18	14.78	14.18	14.5	3492400
09/11/19	14.44	14.5	14.04	14.16	3759600
09/10/19	14.8	14.9	14.38	14.4	801800
09/09/19	14.96	15	14.62	14.8	113700
09/06/19	15.26	15.26	14.94	15	1582300
09/05/19	14.76	15.46	14.62	15.24	5250700
09/04/19	14.62	14.78	14.62	14.76	3388400
09/03/19	14.7	14.78	14.58	14.62	387700
09/02/19	14.78	14.8	14.52	14.72	1444400
08/30/19	14.2	14.88	14.2	14.78	3515500
08/29/19	13.76	14.3	13.76	14.2	1991500
08/28/19	13.62	13.78	13.62	13.7	1311100
08/27/19	13.8	14.06	13.6	13.6	4711500
08/23/19	13.58	13.62	13.46	13.62	331700
08/22/19	13.54	13.68	13.4	13.54	2714300
08/20/19	13.5	13.68	13.44	13.5	2043400
08/19/19	13.5	13.88	13.5	13.5	1257800
08/16/19	14.06	14.06	13.5	13.5	1188200
08/15/19	14.06	14.16	13.6	14	1632100
08/14/19	14.38	14.38	14.18	14.18	946000
08/13/19	14.2	14.4	13.9	14.4	2197700
08/09/19	14.4	14.4	14.12	14.2	223800
08/08/19	14.4	14.4	14.26	14.3	1828700
08/07/19	14.18	14.5	14.18	14.4	1459300
08/06/19	14.66	14.66	14.12	14.16	1409700
08/05/19	14.4	14.7	14.3	14.7	1676500
08/02/19	14.16	14.38	14.16	14.38	614700
08/01/19	14.1	14.18	14.08	14.12	589500
07/31/19	14.26	14.26	14.08	14.1	1580600
07/30/19	14.8	14.8	14.1	14.24	3288600
07/29/19	14.96	14.96	14.62	14.88	2336300
07/26/19	14.58	14.98	14.48	14.68	2670600
07/25/19	15.12	15.12	14.58	14.58	6250600
07/24/19	15.08	15.12	15.06	15.08	1459500
07/23/19	15.02	15.8	15.02	15.2	2064700
07/22/19	15.28	15.32	15.02	15.02	1725300
07/19/19	15.88	15.88	15.2	15.26	2820700
07/18/19	15.94	15.98	15.64	15.64	1597000
07/17/19	15.96	16.18	15.94	15.94	1211800
07/16/19	16.06	16.4	15.96	15.96	5459700
07/15/19	15.76	16.3	15.7	16	3922000
07/12/19	15.7	15.8	15.62	15.76	2534300
07/11/19	15.58	15.72	15.46	15.7	534700
07/10/19	15.5	15.74	15.34	15.58	1626100
07/09/19	15.78	15.78	15.3	15.76	2787200
07/08/19	15.92	15.96	15.44	15.8	2441900
07/05/19	15.76	15.92	15.72	15.88	5098100
07/04/19	15.54	15.9	15.4	15.76	2779000
07/03/19	15.3	15.58	15.28	15.58	2970100
07/02/19	15.16	15.32	15.16	15.3	2533100
07/01/19	15.22	15.24	15.18	15.2	985700
06/28/19	15.28	15.3	15.18	15.2	4169700
06/27/19	15.28	15.32	15.22	15.28	2320700
06/26/19	15.2	15.32	15.18	15.2	1387100
06/25/19	15.14	15.32	15.14	15.2	1399100
06/24/19	15.36	15.36	15.14	15.24	413600
06/21/19	15.26	15.38	15.12	15.12	3238500
06/20/19	15.28	15.3	15.18	15.26	891200
06/19/19	15.2	15.46	15.2	15.28	361400
06/18/19	15.22	15.4	15.18	15.2	593800
06/17/19	15.3	15.4	15.22	15.4	4583000
06/14/19	15.32	15.34	15.22	15.3	3202600
06/13/19	15.6	15.6	15.2	15.48	453800
06/11/19	15.58	15.64	15.5	15.54	2774100
06/10/19	15.4	15.58	15.4	15.52	381500
06/07/19	15.1	15.48	15.04	15.38	1438500
06/06/19	15.1	15.24	15.08	15.1	4720300
06/04/19	15.2	15.2	15.08	15.08	1060800
06/03/19	15.26	15.3	15	15.2	2744500
05/31/19	15.26	15.26	14.94	14.94	304300
05/30/19	14.72	15.34	14.72	14.92	5595300
05/29/19	14.98	15	14.68	14.72	11685600
05/28/19	15.3	15.3	15.02	15.02	3777100
05/27/19	15.1	15.4	14.96	15.1	6002200
05/24/19	15.76	15.76	15.08	15.1	10079200
05/23/19	16.36	16.48	15.8	15.86	4291500
05/22/19	16.36	16.5	16.3	16.4	2628000
05/21/19	16.22	16.46	16.22	16.36	2028200
05/20/19	16.92	16.92	16.2	16.22	3330000
05/17/19	16.6	16.96	16.38	16.94	1698200
05/16/19	16.96	16.96	16.42	16.52	1038800
05/15/19	16.88	17.2	16.7	16.84	1525300
05/14/19	16.9	16.9	16.32	16.9	2732700
05/10/19	16.72	16.92	16.32	16.92	690300
05/09/19	17	17	16.5	16.88	6664700
05/08/19	17.1	17.1	16.54	17	1543300
05/07/19	16.62	17	16.26	17	2832800
05/06/19	16.5	16.78	16.02	16.62	2532000
05/03/19	16	16.62	16	16.5	1532000
05/02/19	15.9	16.24	15.82	15.82	2615000
04/30/19	16	16.22	15.84	16.04	3191900
04/29/19	16	16	15.72	16	876600
04/26/19	16.08	16.08	15.6	16.02	752600
04/25/19	15.8	16	15.5	16	1888300
04/24/19	15.88	15.88	15.5	15.8	992700
04/23/19	16	16.28	15.8	16.28	525800
04/22/19	15.38	16.2	15.38	16	1443800
04/17/19	15.5	15.6	15.22	15.44	301700
04/16/19	15.64	15.9	15.48	15.5	3544800
04/15/19	16.14	16.26	15.62	15.62	4610500
04/12/19	16.6	16.6	16	16.3	1573800
04/11/19	16.86	16.88	16.6	16.6	1453900
04/10/19	16.78	16.88	16.7	16.7	1680100
04/08/19	16.54	16.8	16.54	16.8	1261700
04/05/19	16.1	16.52	16.1	16.5	5178200
04/04/19	16	16.36	15.9	16.04	11483200
04/03/19	16	16.06	15.92	16	4634600
04/02/19	15.72	16.1	15.72	15.9	2316200
04/01/19	16.2	16.2	15.58	15.7	3295300
03/29/19	16.4	16.4	15.9	16.1	3006700
03/28/19	16.48	16.52	16.36	16.46	1068000
03/27/19	16.52	16.62	16.18	16.5	1173800
03/26/19	16.52	16.8	16.52	16.52	2129300
03/25/19	17.28	17.28	16.44	16.5	2977600
03/22/19	17.3	17.6	17.1	17.28	6262200
03/21/19	16.52	17.42	16.52	17.3	8621500
03/20/19	16	16.64	16	16.52	5071200
03/19/19	16.44	16.46	15.82	16	4064700
03/18/19	16.02	16.42	16.02	16.28	1411700
03/15/19	16.64	16.74	16	16	4746400
03/14/19	16.52	16.88	16.3	16.62	7835900
03/13/19	16.42	16.58	16.32	16.52	7674000
03/12/19	16.12	16.82	16.12	16.42	2676800
03/11/19	15.84	16.3	15.8	16.3	2051700
03/08/19	15.6	15.8	15.32	15.8	2482700
03/07/19	15.7	15.8	15.26	15.6	1148700
03/06/19	15.18	15.6	15.18	15.6	707700
03/05/19	15.4	15.5	15.14	15.5	488400
03/04/19	15	15.4	14.8	15.4	442100
03/01/19	14.8	15.24	14.76	15.24	1396200
02/28/19	15.4	15.4	14.76	14.8	1242900
02/27/19	15.7	15.7	15.4	15.4	1072700
02/26/19	15.7	15.78	15.62	15.7	2868700
02/22/19	15.6	15.76	15.5	15.6	2398800
02/21/19	15.34	15.6	15.34	15.6	1716300
02/20/19	15.06	15.42	15.06	15.42	2958300
02/19/19	15.38	15.38	15.06	15.18	2898300
02/18/19	15.5	15.5	15	15	879000
02/15/19	15.08	15.3	14.8	15.3	3324600
02/14/19	15.18	15.2	15.1	15.1	2008100
02/13/19	15.42	15.54	15.16	15.2	1726600
02/12/19	15.82	15.86	15.48	15.5	2383300
02/11/19	15.62	15.88	15.42	15.7	1368400
02/08/19	15.5	15.62	15.46	15.52	3764500
02/07/19	15.6	15.6	15.32	15.36	3462000
02/06/19	15.44	15.9	15.4	15.4	1323600
02/04/19	15.6	15.66	15.42	15.48	2831800
02/01/19	15.5	15.76	15.48	15.48	2755000
01/31/19	15.26	15.56	15.26	15.5	1085000
01/30/19	15.88	15.9	15.26	15.26	2292500
01/29/19	15.58	15.96	15.52	15.88	2531300
01/28/19	15.66	16.14	15.58	15.58	2803600
01/25/19	15.5	15.66	15.48	15.66	1951700
01/24/19	15.1	15.58	15.1	15.4	3252400
01/23/19	14.76	15.1	14.76	15	1931100
01/22/19	14.82	15	14.6	14.62	1617300
01/21/19	15.3	15.48	14.72	14.78	4297400
01/18/19	15.3	15.34	15.06	15.1	11951100
01/17/19	15.3	15.4	15.2	15.2	3398200
01/16/19	15.58	15.6	15.24	15.34	1166300
01/15/19	15.7	15.98	15.4	15.4	7559200
01/14/19	15.3	15.56	15.3	15.42	2699800
01/11/19	15.28	15.54	15.22	15.26	1394200
01/10/19	15.44	15.8	15.2	15.2	4784100
01/09/19	15.84	15.96	15.4	15.4	5511600
01/08/19	16.04	16.1	15.8	15.8	5205900
01/07/19	16.06	16.12	16.04	16.04	4249900
01/04/19	16.3	16.46	16.02	16.02	2189500
01/03/19	16.6	16.6	16.24	16.3	1412900
01/02/19	16.5	17.1	16.42	16.58	3984700
12/28/18	16.74	16.88	16.58	16.6	896500
12/27/18	16.9	16.9	16.52	16.74	2022400
12/26/18	16.44	16.8	16.42	16.8	465500
12/21/18	16.8	16.9	16.5	16.6	2160900
12/20/18	16.78	16.8	16.56	16.8	3411700
12/19/18	16.96	16.98	16.44	16.78	1036000
12/18/18	16.76	16.8	16.68	16.72	9311400
12/17/18	16.78	16.8	16.7	16.76	3786600
12/14/18	16.82	16.82	16.52	16.78	2078300
12/13/18	16.84	16.9	16.76	16.8	2952700
12/12/18	16.7	16.9	16.58	16.64	3030600
12/11/18	17.4	17.4	16.72	16.92	1835900
12/10/18	16.8	16.96	16.2	16.56	6132100
12/07/18	17.1	17.3	16.8	16.94	4390700
12/06/18	16.96	17.3	16.7	17.1	9585300
12/05/18	16.9	17.28	16.7	16.7	4743200
12/04/18	16.4	17.6	16.3	16.9	9845400
12/03/18	16.18	16.3	16.04	16.3	5579500
11/29/18	15.8	16.08	15.8	15.98	4154600
11/28/18	15.26	15.62	15.26	15.48	5589400
11/27/18	15.32	15.9	15.24	15.24	1337700
11/26/18	15.5	15.64	15.2	15.32	2234100
11/23/18	16	16	15.48	15.48	2167500
11/22/18	16.44	16.5	16	16.1	4715500
11/21/18	16.38	16.48	16.26	16.44	3144100
11/20/18	16.28	16.5	16.12	16.48	2276300
11/19/18	16.06	16.36	15.84	16.28	3516000
11/16/18	15.98	16.02	15.84	16	1844300
11/15/18	15.92	15.98	15.6	15.84	2587900
11/14/18	15.3	15.9	15.3	15.72	4150300
11/13/18	15.08	15.3	15	15.3	5090300
11/12/18	15.2	15.5	15.04	15.12	5062800
11/09/18	15.18	15.32	15.1	15.1	4991300
11/08/18	14.8	15.22	14.62	15.16	9974000
11/07/18	15.1	15.4	14.24	14.8	18432900
11/06/18	14.82	15.2	14.66	15.1	11299600
11/05/18	14.5	14.86	14.3	14.8	7513200
10/31/18	14.6	14.6	14.2	14.5	844800
10/30/18	14.64	14.64	14.36	14.54	623500
10/29/18	14.78	14.88	14.58	14.6	1218800
10/26/18	14.64	14.98	14.48	14.64	1417400
10/25/18	14.5	14.64	14.12	14.64	7405800
10/24/18	13.8	14.7	13.8	14.68	5714100
10/23/18	13.7	14.18	13.62	13.76	12442300
10/22/18	13.4	13.76	13.26	13.5	3075100
10/19/18	13.26	13.56	13.2	13.28	6590400
10/18/18	13.2	13.42	13.16	13.16	1921100
10/17/18	13.26	13.94	13.02	13.1	10552900
10/16/18	13.4	13.4	13.02	13.2	4975100
10/15/18	13.92	13.92	13.1	13.34	3836000
10/12/18	12.86	13.48	12.86	13.42	5231000
10/11/18	13	13.06	12.78	12.86	5270300
10/10/18	13.56	13.58	13.06	13.06	4045200
10/09/18	13.94	13.94	13.36	13.56	14143700
10/08/18	14.3	14.38	13.9	13.9	1772600
10/05/18	14.4	14.48	14.12	14.34	5802100
10/04/18	14.9	14.96	14.4	14.72	2754200
10/03/18	14.7	14.88	14.62	14.86	484400
10/02/18	15	15.2	14.4	14.62	5233600
10/01/18	14.4	15.14	14.4	15	2705800
09/28/18	15.2	15.2	14.4	14.4	14460400
09/27/18	15.14	15.28	14.96	15	1852300
09/26/18	15.2	15.46	15.1	15.14	6756000
09/25/18	15.3	15.42	15.04	15.16	388100
09/24/18	15.2	15.4	15.1	15.2	2434600
09/21/18	15	15.14	14.86	15	7882300
09/20/18	15.84	15.84	15.2	15.24	1745400
09/19/18	15.98	16	15.66	15.84	403700
09/18/18	15.96	15.96	15.52	15.68	1686300
09/17/18	16.2	16.2	15.48	15.66	975100
09/14/18	16.2	16.2	15.94	15.94	5773200
09/13/18	16.52	16.52	16.14	16.2	587600
09/12/18	16.26	16.7	16.26	16.56	3970500
09/11/18	16.54	16.54	16.14	16.26	1296100
09/10/18	16.98	16.98	16.14	16.54	2464700
09/07/18	16.68	16.98	16.14	16.98	3641800
09/06/18	17	17	16.66	16.68	2355200
09/05/18	17.04	17.08	16.98	17.02	1331200
09/04/18	16.88	17.1	16.86	17.04	1242400
09/03/18	17.2	17.2	16.82	16.9	1958800
08/31/18	17.46	17.46	16.98	17.2	5078900
08/30/18	17.5	17.5	17.4	17.4	661400
08/29/18	17.32	17.5	17.32	17.44	1773500
08/28/18	17.22	17.58	17.2	17.34	546900
08/24/18	17.62	17.62	17.22	17.24	2523600
08/23/18	17.68	17.7	17.62	17.62	709600
08/22/18	17.7	17.7	17.5	17.7	1103600
08/20/18	17.34	17.7	17.34	17.7	973900
08/17/18	17.52	17.72	17.34	17.5	3863700
08/16/18	17.7	17.7	17.32	17.32	4677500
08/15/18	17.58	17.84	17.4	17.6	495500
08/14/18	17.76	17.86	17.52	17.52	3423600
08/13/18	17.4	17.6	17.34	17.46	154000
08/10/18	17.72	18	17.28	17.28	2940200
08/09/18	17.3	17.8	17.3	17.72	899900
08/08/18	17.6	17.6	17.2	17.3	681300
08/07/18	17.74	17.8	17.2	17.6	2512700
08/06/18	17.82	18	17.72	17.8	1601900
08/03/18	17.72	17.9	17.72	17.82	870800
08/02/18	18.28	18.34	17.72	17.72	2285000
08/01/18	18	18.4	17.98	18.4	1168700
07/31/18	18.64	18.64	18	18	1645100
07/30/18	17.7	18.64	17.5	18.54	1109200
07/27/18	17.64	17.8	17.4	17.5	2051900
07/26/18	17.28	17.96	17.22	17.62	3065700
07/25/18	17	17.2	16.96	17.14	6937700
07/24/18	17	17.06	16.84	16.94	2832300
07/23/18	17	17	16.7	16.92	7033500
07/20/18	17.1	17.1	16.88	17	7196200
07/19/18	17.48	17.5	16.96	17	7524900
07/18/18	17.74	17.9	17.38	17.4	2849000
07/17/18	17.82	17.9	17.52	17.7	831200
07/16/18	18.18	18.18	17.84	17.96	1211800
07/13/18	18	18.2	17.9	18	183000
07/12/18	18.18	18.18	17.82	18	331300
07/11/18	17.98	18.18	17.8	18.18	669000
07/10/18	17.54	18	17.54	17.98	2776300
07/09/18	17.7	17.7	17.5	17.6	815500
07/06/18	17.6	17.66	17.54	17.6	1490400
07/05/18	17.8	17.8	17.7	17.8	199700
07/04/18	17.96	18.2	17.8	17.8	1406600
07/03/18	18	18.08	17.84	17.96	1884000
07/02/18	18.08	18.54	17.94	18.18	14813400
06/29/18	17.9	18.44	17.9	18.08	3052100
06/28/18	18.9	18.9	17.9	18.08	3679200
06/27/18	18.4	18.8	18.4	18.7	2317500
06/26/18	18.18	18.94	18.06	18.94	1669400
06/25/18	18.64	18.64	18.12	18.2	1759900
06/22/18	18.2	18.4	18.12	18.2	2289700
06/21/18	18.9	18.9	18.4	18.42	2480400
06/20/18	19.04	19.46	18.78	18.9	10128100
06/19/18	19.88	19.88	19.02	19.02	7159900
06/18/18	19.36	19.9	19.06	19.9	926100
06/14/18	20.05	20.05	19.22	19.38	5109900
06/13/18	20.95	20.95	19.98	20.1	3568000
06/11/18	20.9	21.4	20.75	20.95	633800
06/08/18	21.3	21.3	20.55	20.55	1145400
06/07/18	20.45	21	20.45	20.5	10838300
06/06/18	20	20.55	20	20.45	11137400
06/05/18	19.8	20.15	19.54	20	696300
06/04/18	20.35	20.35	19.8	19.82	872600
06/01/18	20.55	20.55	20.25	20.35	2609100
05/31/18	21.3	21.3	20.65	20.65	1439400
05/30/18	21.2	21.3	20.9	21	1562300
05/29/18	21.05	21.4	20.95	21.4	1110100
05/28/18	21.3	21.5	21.3	21.4	3642600
05/25/18	21.05	21.35	21	21.35	1735600
05/24/18	21.45	21.7	21.35	21.35	2905400
05/23/18	21.5	21.6	21.35	21.45	4429400
05/22/18	21.65	21.65	21.45	21.5	7591100
05/21/18	21.65	21.7	21.2	21.65	6756000
05/18/18	21.55	21.8	21.45	21.65	1115400
05/17/18	21.4	21.85	21.25	21.6	7888000
05/16/18	22.1	22.1	21	21.45	7963500
05/15/18	21.5	22.15	21.5	22	11004600
05/11/18	21.65	21.85	21.4	21.55	9180200
05/10/18	21.75	21.85	21.45	21.55	2044300
05/09/18	21.7	21.75	21.2	21.7	4249000
05/08/18	21	21.7	21	21.7	3644300
05/07/18	21.8	21.8	20.9	21.1	5159700
05/04/18	20.45	21.9	20.1	21.9	634500
05/03/18	20.2	20.5	20.2	20.35	1990500
05/02/18	19.74	20.2	19.74	20.1	1704700
04/30/18	19.4	20.2	19.4	20.2	1447000
04/27/18	19.3	20	19.26	19.7	2056200
04/26/18	19.5	19.5	18.82	19.26	599400
04/25/18	19.5	19.5	19	19.2	2082300
04/24/18	19.24	19.4	19.18	19.4	993900
04/23/18	19.2	19.36	19.18	19.24	1643300
04/20/18	18	19.42	18	19.16	2693500
04/19/18	18	18.6	18	18.3	3373000
04/18/18	18.5	18.5	18	18.06	2391200
04/17/18	19.3	19.3	18.3	18.36	3909100
04/16/18	19	19.3	18.72	19.3	1212700
04/13/18	19.4	19.5	18.7	18.7	3869000
04/12/18	19.4	19.64	19.32	19.4	5043400
04/11/18	19.7	19.7	19.1	19.4	5747800
04/10/18	19.74	19.74	19.5	19.7	1964500
04/06/18	19.74	19.78	19	19.7	801600
04/05/18	19.8	19.9	19.7	19.8	893200
04/04/18	20.1	20.1	19.7	19.8	5682800
04/03/18	19.7	20	19.52	20	7500600
04/02/18	19.22	20	19.22	19.72	2034600
03/28/18	19.28	19.72	18.8	18.8	2701800
03/27/18	18.98	18.98	18.8	18.8	775400
03/26/18	18.54	18.7	18.34	18.6	1319300
03/23/18	18.64	18.66	18.4	18.54	3910800
03/22/18	19	19.2	18.6	18.64	4315200
03/21/18	19.4	19.76	18.5	18.68	4310000
03/20/18	19.68	19.7	18.6	19.3	1964600
03/19/18	19.9	19.9	19.12	19.46	4097900
03/16/18	19.8	19.86	19.2	19.6	6452100
03/15/18	20	20	19.7	19.9	1496800
03/14/18	19.78	20	19.1	20	3269500
03/13/18	19.7	20.35	19.52	19.8	630400
03/12/18	19.7	19.8	19.58	19.7	7056700
03/09/18	20.05	20.05	19.7	19.7	2950100
03/08/18	20.8	20.8	20.05	20.1	2248700
03/07/18	20.7	20.8	20.2	20.7	2896200
03/06/18	21.5	21.5	20.6	21.15	4717400
03/05/18	21.35	21.65	21	21.2	2256700
03/02/18	22.4	22.4	21.2	21.7	3641400
03/01/18	22.9	22.9	22.3	22.4	2287200
02/28/18	22.7	23.45	22.5	22.95	3694000
02/27/18	22.55	22.9	22.25	22.4	2409800
02/26/18	23.4	23.4	22	22.7	1416800
02/23/18	22.85	23.25	22.6	23.25	1072600
02/22/18	22.3	22.9	22.1	22.85	3237100
02/21/18	22.3	22.9	22.25	22.4	2343000
02/20/18	23	23.3	22.15	22.4	3500500
02/19/18	23	23.35	22.9	22.9	944900
02/15/18	22.5	23.05	22.45	22.95	3246400
02/14/18	22.6	22.8	22.25	22.8	729700
02/13/18	22.4	22.7	22.4	22.6	513400
02/12/18	22.95	22.95	22.3	22.9	546800
02/09/18	22.5	22.85	22.1	22.5	3360700
02/08/18	22.4	23	22.35	23	669400
02/07/18	23.05	23.5	22.35	22.5	5058600
02/06/18	22.4	23	21.85	23	2950000
02/05/18	23.1	23.1	21.75	23	1920100
02/02/18	22.6	23.15	22.55	23.15	934200
02/01/18	22.35	22.5	21.85	22.5	1831800
01/31/18	22.7	22.7	22.2	22.45	7460100
01/30/18	23.4	23.4	22.45	22.95	2903800
01/29/18	23.3	23.75	23.2	23.3	2220800
01/26/18	24	24.3	23.2	23.5	7942000
01/25/18	22.5	24.25	22.4	23.8	5637900
01/24/18	23.5	23.5	22.2	22.5	10017600
01/23/18	24.4	25.3	22.55	23.5	8595300
01/22/18	23.05	24.5	23.05	24.5	23009199
01/19/18	22.95	23	22.35	23	4095200
01/18/18	22.55	23.15	22.25	22.7	18399000
01/17/18	22	22.5	21.85	22.5	4603300
01/16/18	21.9	22.1	21.65	21.85	7808200
01/15/18	21.35	21.85	21	21.6	1274100
01/12/18	21.1	21.6	21.1	21.3	6051500
01/11/18	21.5	21.6	20.85	21.35	561100
01/10/18	21	21.55	20.7	21.4	4375700
01/09/18	20.9	21.05	20.6	20.8	1582400
01/08/18	18.98	20.9	18.98	20.9	4991300
01/05/18	18.78	19.02	18.76	18.94	4367000
01/04/18	18.76	19	18.74	18.76	1628600
01/03/18	18.74	19.02	18.74	18.74	697500
12/29/17	19.2	19.2	18.7	18.74	1273300
12/28/17	19.3	19.36	19.1	19.2	1231500
12/27/17	19.2	19.26	19.08	19.2	1465200
12/22/17	18.8	19.28	18.64	19.2	250000
12/21/17	18.96	19.3	18.44	19.18	1051000
12/20/17	19.4	19.4	18.5	18.7	1838700
12/19/17	18.3	19.4	18.24	19.4	600300
12/18/17	18.24	18.52	18.24	18.4	558400
12/15/17	18.68	18.68	18.24	18.24	7661500
12/14/17	18.24	18.68	18.24	18.68	1563400
12/13/17	18.42	18.42	18.2	18.28	2511400
12/12/17	18.8	18.82	18.42	18.48	1869300
12/11/17	18.82	19	18.62	18.9	197100
12/08/17	18.7	19.1	18.7	19	1039500
12/07/17	18.6	18.7	18.44	18.7	2052800
12/06/17	18.8	18.8	18.5	18.7	2839500
12/05/17	19	19	18.7	18.9	2131600
12/04/17	19.42	19.5	18.44	19.2	1133400
12/01/17	19.48	19.48	19.02	19.42	1880800
11/29/17	19.7	19.7	19.44	19.48	3915400
11/28/17	19	19.5	18.94	19.48	1762400
11/27/17	18.98	19	18.9	19	2130300
11/24/17	18.96	18.98	18.6	18.98	2497500
11/23/17	18.84	18.96	18.84	18.96	1255900
11/22/17	18.2	18.88	18.2	18.7	2649800
11/21/17	18.24	18.24	18.14	18.2	601700
11/20/17	18.26	18.26	18.1	18.2	1083300
11/17/17	18.1	18.32	18.1	18.3	1929500
11/16/17	18.1	18.14	18	18.08	1275600
11/15/17	18.06	18.14	18	18.1	1087000
11/14/17	17.98	18.16	17.9	18.06	2653400
11/13/17	17.66	17.96	17.6	17.96	750900
11/10/17	17.5	17.52	17.3	17.4	834000
11/09/17	17.4	17.7	17.3	17.4	1101700
11/08/17	17.54	17.68	17.4	17.52	787100
11/07/17	17.28	17.68	17.2	17.54	3612000
11/06/17	17	17.4	16.98	17.3	2795000
11/03/17	17.52	17.88	17	17	4161900
11/02/17	17.98	17.98	17.36	17.6	662500
10/30/17	18	18	17.6	17.98	3027300
10/27/17	17.9	17.96	17.46	17.96	415500
10/26/17	17.88	18	17.3	18	705800
10/25/17	17.4	17.9	17.4	17.88	376400
10/24/17	17.76	18	17.5	17.96	1003400
10/23/17	17.8	18	17.5	17.68	231500
10/20/17	18.08	18.08	17.64	17.78	128000
10/19/17	17.32	18.16	17.12	18.16	1206100
10/18/17	17.5	17.5	17.26	17.32	1264700
10/17/17	17.28	17.6	17.28	17.5	2416600
10/13/17	17.58	17.96	17.32	17.5	934600
10/12/17	17.52	18.2	17.52	17.68	269200
10/11/17	18.5	18.5	17.52	17.52	2397100
10/10/17	18.34	18.5	18.02	18.48	1614800
10/09/17	17.98	18.44	17.96	18.3	5485100
10/06/17	17.84	17.98	17.84	17.94	2240700
10/05/17	17.66	17.96	17.5	17.84	3835800
10/04/17	17.68	17.76	17.54	17.66	1620800
10/03/17	17.6	17.88	17.4	17.7	652600
10/02/17	17.56	17.9	17.3	17.9	1128000
09/29/17	17.24	17.58	17.2	17.58	1115300
09/28/17	17.32	17.46	17.14	17.26	4349400
09/27/17	17.1	18	17.06	18	1315500
09/26/17	17.26	17.28	17.12	17.14	2850700
09/25/17	17.3	17.36	17.24	17.28	1493600
09/22/17	17.36	17.38	17.28	17.3	2204400
09/21/17	17.26	17.52	17.22	17.26	4124500
09/20/17	17.2	17.3	17.2	17.26	1244600
09/19/17	17.6	17.6	17.24	17.24	5681800
09/18/17	17.3	17.62	17.26	17.48	1618300
09/15/17	17.68	17.68	17.22	17.5	3553800
09/14/17	17.48	17.68	17.22	17.68	2764200
09/13/17	17.3	17.42	17.18	17.4	4911600
09/11/17	17.48	17.5	17.18	17.3	4288100
09/08/17	17.76	17.76	17.48	17.5	2209500
09/07/17	18	18	17.66	17.8	5024500
09/06/17	18	18	17.46	18	834800
09/05/17	18	18	17.84	17.98	647300
09/04/17	17.72	18	17.72	17.98	3429000
08/31/17	17.5	17.74	17.5	17.72	1127600
08/30/17	17.9	18.04	17.42	18	1818200
08/29/17	17.98	18	17.38	17.62	976700
08/25/17	17.68	18	17.52	17.96	2613900
08/24/17	17.22	17.66	17.18	17.52	3088000
08/23/17	17.2	17.38	17.2	17.24	1546300
08/22/17	17.3	17.7	17.12	17.68	411200
08/18/17	17.38	17.8	17.32	17.34	185600
08/17/17	17.58	18	17.38	17.38	2805200
08/16/17	18.1	18.24	17.58	17.58	2742200
08/15/17	17.84	18.04	17.16	18	3084800
08/14/17	17.6	17.7	17.56	17.68	2952800
08/11/17	17.42	17.6	17.38	17.5	2238300
08/10/17	17.6	17.8	17.5	17.6	1570900
08/09/17	17.54	17.82	17.54	17.82	1544500
08/08/17	18	18.04	17.5	17.5	4315100
08/07/17	18.2	18.5	17.9	18.18	602900
08/04/17	18.2	18.52	18	18.22	534200
08/03/17	17.96	18.48	17.96	18.22	1321500
08/02/17	18	18.2	17.8	18	5898100
08/01/17	17.6	18.14	17.6	17.9	3136800
07/31/17	18.1	18.26	17.6	17.6	7287500
07/28/17	18.3	18.32	18.08	18.1	4309800
07/27/17	18.52	18.9	18.3	18.48	2489900
07/26/17	17.86	18.64	17.86	18.28	8297800
07/25/17	17.2	17.88	17.18	17.7	4087500
07/24/17	17.3	17.5	17.16	17.36	965400
07/21/17	17.5	17.94	17.14	17.48	2300100
07/20/17	17.2	17.6	17.2	17.5	11234800
07/19/17	17.46	17.84	17.16	17.16	1913000
07/18/17	18.1	18.2	17.14	17.14	4715100
07/17/17	18	18.5	17.68	18	5518600
07/14/17	16.86	18	16.8	17.88	18542801
07/13/17	16.08	16.9	16.08	16.64	7015800
07/12/17	15.12	15.58	15.12	15.56	2857200
07/11/17	15.5	15.5	14.9	15.02	2014400
07/10/17	15.5	15.68	15.5	15.54	574600
07/07/17	15.6	15.6	15.46	15.5	4356100
07/06/17	15.3	15.7	15.24	15.64	4190800
07/05/17	15.3	15.48	15.28	15.3	5678000
07/04/17	14.8	15.38	14.8	15.1	5714700
07/03/17	14.9	14.9	14.78	14.78	433600
06/30/17	14.58	14.72	14.56	14.7	1015100
06/29/17	14.66	14.7	14.46	14.46	3852200
06/28/17	14.74	14.88	14.62	14.66	4547400
06/27/17	14.7	14.84	14.68	14.74	2572100
06/23/17	14.7	14.7	14.42	14.48	7159300
06/22/17	14.86	14.9	14.7	14.7	2865200
06/21/17	14.94	15	14.86	14.9	3014800
06/20/17	15.22	15.22	14.82	14.94	6535500
06/19/17	15.24	15.32	15.22	15.22	2086400
06/16/17	15.58	15.58	15.2	15.22	2883400
06/15/17	15.6	15.66	15.52	15.58	1315100
06/14/17	15.72	15.78	15.62	15.62	3326700
06/13/17	15.8	16	15.8	16	742800
06/09/17	16.2	16.2	15.74	16	322700
06/08/17	16.08	16.1	15.68	15.72	2875000
06/07/17	15.88	16	15.88	15.98	3420400
06/06/17	16.04	16.06	15.88	15.98	3060500
06/05/17	16.06	16.48	15.9	16.1	662400
06/02/17	16	16.2	16	16.06	879100
06/01/17	15.98	16.2	15.9	16	349300
05/31/17	16	16.26	16	16	1012800
05/30/17	16.1	16.1	15.98	16	2908100
05/29/17	16.3	16.3	16.02	16.02	362400
05/26/17	16.78	16.78	16.2	16.22	1875400
05/25/17	16	16.8	15.96	16.8	2176400
05/24/17	15.84	16	15.82	16	1427200
05/23/17	15.9	16	15.82	15.98	2494600
05/22/17	16.26	16.26	15.9	15.96	2289100
05/19/17	16.1	16.38	15.66	16.24	8562400
05/18/17	16.5	16.5	16.3	16.38	771900
05/17/17	16.62	16.62	16.5	16.5	2260100
05/16/17	16.52	16.66	16.5	16.62	1049900
05/15/17	16.4	16.42	16.3	16.42	233000
05/12/17	16.64	16.78	16.38	16.4	4547500
05/11/17	16.66	16.8	16.58	16.58	7163200
05/10/17	16.64	16.92	16.62	16.7	4301200
05/09/17	16.72	16.98	16.7	16.74	2314100
05/08/17	16.76	16.76	16.64	16.7	2119200
05/05/17	16.4	16.84	16.36	16.7	3725900
05/04/17	16.34	16.36	16.04	16.3	1307000
05/03/17	16.26	16.54	16.02	16.02	2878000
05/02/17	15.96	16.28	15.96	16.26	4089400
04/27/17	15.96	16	15.88	15.96	1649500
04/26/17	16.1	16.12	15.88	15.96	2414300
04/25/17	15.9	16.2	15.88	16	3514300
04/24/17	16	16	15.88	15.94	2765900
04/21/17	15.78	15.98	15.78	15.9	506200
04/20/17	15.8	15.8	15.4	15.76	1420500
04/19/17	15.58	15.78	15.48	15.78	3336100
04/18/17	15.04	15.5	15.04	15.4	2364600
04/17/17	15.5	15.5	15.02	15.02	2749700
04/12/17	15.5	15.64	15.46	15.5	675600
04/11/17	15.7	15.7	15.48	15.6	3298900
04/10/17	15.5	15.8	15.32	15.6	7494600
04/07/17	15.66	15.68	15.5	15.5	1522800
04/06/17	15.98	15.98	15.6	15.66	1411300
04/05/17	16	16.1	15.9	16	6902600
04/04/17	15.78	16.1	15.78	15.98	4076500
04/03/17	15.94	15.94	15.78	15.78	4904100
03/31/17	16.08	16.2	15.92	16.02	1569000
03/30/17	16	16.3	16	16.08	6682900
03/29/17	16.36	17	16.1	16.1	11702700
03/28/17	15.68	16.4	15.66	16.4	13312800
03/27/17	15.4	15.8	15.22	15.64	6258200
03/24/17	14.9	15.42	14.9	15.42	9494800
03/23/17	15	15	14.88	14.92	4143800
03/22/17	14.9	15.1	14.86	14.98	2655400
03/21/17	15.08	15.08	14.88	14.9	7911100
03/20/17	15	15.28	15	15.08	5206700
03/17/17	14.88	15	14.88	15	4955600
03/16/17	14.76	15.34	14.76	14.88	2426100
03/15/17	14.6	15.4	14.38	14.76	5340800
03/14/17	14.3	14.44	14.3	14.38	845400
03/13/17	14.24	14.32	14.24	14.3	4007800
03/10/17	14.52	14.52	13.96	14.24	7687400
03/09/17	14.7	15	14.6	14.7	9143600
03/08/17	14.5	14.74	14.5	14.68	10535800
03/07/17	14.96	14.96	13.9	14.5	17024400
03/06/17	15.36	15.48	15.1	15.1	2026800
03/03/17	14.96	15.34	14.68	15.28	8639700
03/02/17	14.88	15	14.82	14.96	4007800
03/01/17	14.88	14.88	14.68	14.82	3791000
02/28/17	14.88	14.94	14.5	14.88	3715900
02/27/17	14.9	15.06	14.68	14.88	1423900
02/24/17	14.44	15	14.42	15	6415000
02/23/17	14.7	14.7	14.38	14.5	913400
02/22/17	14.32	14.7	14.32	14.7	2111800
02/21/17	14.42	14.58	14.42	14.54	962100
02/20/17	14.02	14.46	14	14.44	2265400
02/17/17	14.14	14.22	13.96	14	3407900
02/16/17	14.7	14.72	14.14	14.14	4764800
02/15/17	14.58	14.9	14.5	14.7	13246700
02/14/17	13.92	14.72	13.92	14.6	19255801
02/13/17	13.8	13.9	13.8	13.86	2265400
02/10/17	13.86	13.86	13.66	13.78	838400
02/09/17	13.58	13.9	13.58	13.86	9019000
02/08/17	13.16	13.62	13.04	13.58	6951900
02/07/17	13.2	13.26	13.16	13.2	3458700
02/06/17	12.94	13.3	12.94	13.22	4017200
02/03/17	12.84	12.9	12.72	12.9	3153400
02/02/17	13.02	13.08	12.84	12.96	932400
02/01/17	13.1	13.1	13.02	13.04	690600
01/31/17	13.2	13.24	13.04	13.1	5556600
01/30/17	13.28	13.36	13.02	13.14	3504100
01/27/17	12.72	13.32	12.7	13.26	21747400
01/26/17	12.42	12.82	12.42	12.68	18003600
01/25/17	12.36	12.74	12.36	12.4	18026301
01/24/17	12.3	12.32	12.2	12.26	19771699
01/23/17	12.28	12.28	12.14	12.18	5887400
01/20/17	12.4	12.4	12	12.12	3978200
01/19/17	12.06	12.4	12.06	12.36	3751900
01/18/17	12.1	12.2	12.06	12.06	1783800
01/17/17	12.24	12.4	12.08	12.08	4250400
01/16/17	12.4	12.44	12.1	12.2	6465300
01/13/17	12.54	12.74	12.2	12.2	7585100
01/12/17	12.76	12.76	12.54	12.54	4125900
01/11/17	12.9	12.94	12.72	12.72	5005900
01/10/17	13	13	12.72	12.8	4852300
01/09/17	13.2	13.2	12.82	12.88	3296300
01/06/17	13.06	13.28	13.06	13.2	2479200
01/05/17	12.9	13.14	12.9	13.04	2712100
01/04/17	12.7	12.92	12.7	12.86	581000
01/03/17	12.9	12.9	12.56	12.8	2085000
12/29/16	12.7	12.88	12.56	12.56	3057800
12/28/16	12.8	12.94	12.7	12.7	3387400
12/27/16	12.5	12.86	12.5	12.8	763200
12/23/16	12.96	12.96	12.52	12.8	238800
12/22/16	13	13	12.72	12.96	474300
12/21/16	12.76	13	12.76	12.96	6763800
12/20/16	13	13	12.48	13	3582400
12/19/16	13.1	13.1	12.74	13	3750800
12/16/16	13.22	13.36	12.7	12.7	7334900
12/15/16	13.3	13.38	13.06	13.2	6157300
12/14/16	13.08	13.48	12.8	13.4	5799900
12/13/16	13	13	12.78	13	1445100
12/12/16	13.32	13.32	12.92	13	1987500
12/09/16	13.26	13.36	13.22	13.32	2028800
12/08/16	12.92	13.3	12.92	13.28	1183400
12/07/16	12.9	13.12	12.9	12.9	5065100
12/06/16	13.16	13.16	12.84	12.9	15453800
12/05/16	13.2	13.2	12.8	13.16	6693500
12/02/16	13.3	13.3	12.94	12.94	12961200
12/01/16	13.36	13.4	13.12	13.2	3801500
11/29/16	13.38	13.4	13.06	13.1	5179200
11/28/16	13.6	13.64	13	13.1	5110400
11/25/16	13.68	14.34	13.64	13.64	1175600
11/24/16	13.52	14.92	13.5	14.92	2120200
11/23/16	13.8	14	13.5	13.6	3710000
11/22/16	13.9	14.12	13.88	14.04	279200
11/21/16	14	14	13.9	14	545200
11/18/16	14.3	14.3	13.96	14	1966800
11/17/16	14.26	14.56	14.12	14.3	3917700
11/16/16	14.2	14.2	13.72	14	2451400
11/15/16	14.26	14.26	13.66	13.78	2457000
11/14/16	14.36	14.4	14.16	14.26	5479800
11/11/16	14.6	14.6	14.4	14.52	1300500
11/10/16	14.46	14.6	14.46	14.6	594500
11/09/16	14.6	14.6	14.34	14.5	1585100
11/08/16	14.6	14.66	14.6	14.6	1966800
11/07/16	14.52	14.52	14.48	14.5	6206900
11/04/16	14.1	14.48	14.1	14.48	4346700
11/03/16	14.18	14.4	14.16	14.24	3592700
11/02/16	14.32	14.52	13.9	14.52	2315800
10/28/16	14.7	14.7	14.38	14.44	4109300
10/27/16	14.6	14.7	14.46	14.7	2625700
10/26/16	15.18	15.18	14.52	14.52	2408200
10/25/16	15.18	15.2	15.14	15.2	2185100
10/24/16	15.2	15.2	15.06	15.16	1574100
10/21/16	15.34	15.5	15.02	15.5	1958300
10/20/16	15.82	15.82	15.1	15.28	1299600
10/19/16	15.8	15.92	15.62	15.84	7456200
10/18/16	15.6	15.7	15.46	15.7	11374000
10/17/16	15.1	15.64	15	15.62	8737400
10/14/16	14.16	15.06	14.14	15.06	11582700
10/13/16	14	14.26	13.84	14.16	4687900
10/12/16	14.2	14.3	13.98	14.06	4236900
10/11/16	14.28	14.28	14.02	14.2	19182199
10/10/16	14.18	14.26	14	14.26	5493000
10/07/16	14.56	14.64	14.4	14.46	10980300
10/06/16	14.5	14.66	14.4	14.52	7401900
10/05/16	14.8	14.8	14.26	14.5	4775400
10/04/16	15.26	15.3	14.8	14.8	4013700
10/03/16	15.74	15.74	15.28	15.3	5228900
09/30/16	15.88	15.88	15.3	15.3	5741900
09/29/16	15.9	15.9	15.8	15.84	2474400
09/28/16	15.98	16	15.8	15.9	4128900
09/27/16	15.8	16.1	15.78	15.98	13380100
09/26/16	16.36	16.44	15.88	15.88	4678400
09/23/16	16.42	16.7	16.3	16.36	3035300
09/22/16	16.64	16.72	16.4	16.4	7496100
09/21/16	16.62	16.7	16.6	16.62	14184200
09/20/16	16.88	16.88	16.58	16.62	2754800
09/19/16	16.7	16.84	16.5	16.68	2851800
09/16/16	16.96	16.96	16.82	16.84	5220300
09/15/16	16.7	16.96	16.7	16.96	2271800
09/14/16	16.7	16.82	16.7	16.72	2130900
09/13/16	16.74	17.2	16.7	16.88	1882000
09/09/16	17	17.04	16.6	16.74	3144500
09/08/16	17	17.06	16.98	17.04	6316500
09/07/16	16.8	17.12	16.8	17.08	10959000
09/06/16	17.3	17.3	16.9	17	4925300
09/05/16	17.3	17.3	17.1	17.3	1658100
09/02/16	17	17.52	16.5	17.3	2489200
09/01/16	17.1	17.5	16.98	17.2	7352100
08/31/16	16.5	17.22	16.4	17	13441700
08/30/16	16.88	16.88	16.18	16.5	4275900
08/26/16	16.6	16.88	16.42	16.88	10731000
08/25/16	16.42	17	16.42	16.6	2084200
08/24/16	17.18	17.18	16.5	16.78	8202800
08/23/16	17.48	17.48	16.92	17.18	7753200
08/22/16	17.5	17.5	17.1	17.48	2712300
08/19/16	17.7	17.98	17.38	17.38	4008000
08/18/16	16.98	17.9	16.78	17.7	8502800
08/17/16	17.5	17.54	16.82	16.98	3164700
08/16/16	16.86	17.6	16.86	17.5	15348400
08/15/16	16.04	16.84	15.98	16.8	21938600
08/12/16	16.06	16.06	15.96	16.02	7602900
08/11/16	16.04	16.04	15.86	16.02	8344900
08/10/16	16	16.16	16	16	3819000
08/09/16	15.98	16	15.92	16	2747500
08/08/16	15.86	15.98	15.86	15.98	1503100
08/05/16	15.88	15.96	15.86	15.94	5805500
08/04/16	15.9	15.98	15.84	15.98	2060700
08/03/16	15.94	15.94	15.84	15.86	2241100
08/02/16	15.9	16	15.86	15.94	28761500
08/01/16	15.9	15.98	15.74	15.9	5437600
07/29/16	15.8	15.8	15.6	15.6	206200
07/28/16	15.86	15.88	15.5	15.8	7158700
07/27/16	16	16	15.86	15.9	13463700
07/26/16	15.84	16	15.8	16	2818700
07/25/16	15.86	15.92	15.82	15.84	2491800
07/22/16	15.88	15.98	15.84	15.84	3327300
07/21/16	16	16	15.88	15.88	1655800
07/20/16	15.86	15.98	15.84	15.98	11421600
07/19/16	15.98	16	15.9	15.94	7968000
07/18/16	15.98	15.98	15.82	15.98	2561800
07/15/16	16	16	15.82	15.84	25645100
07/14/16	16	16	15.86	16	3740400
07/13/16	16	16.06	15.98	16	14473500
07/12/16	16	16.06	15.88	16	4198100
07/11/16	15.98	16.1	15.96	15.96	4652700
07/08/16	15.96	16	15.86	15.98	7104300
07/07/16	15.96	15.96	15.76	15.96	1492400
07/05/16	15.86	15.96	15.76	15.96	5197000
07/04/16	15.2	15.86	15.2	15.86	237800
07/01/16	15.92	15.98	15.82	15.88	2251000
06/30/16	15.9	15.96	15.5	15.92	6574300
06/29/16	15.78	15.9	15.68	15.9	5870700
06/28/16	15.5	15.76	15.5	15.6	2121200
06/27/16	15.5	16	15.5	16	1552300
06/24/16	16	16	15	15.88	1626800
06/23/16	15.78	16.1	15.7	16	8743700
06/22/16	15.7	15.9	15.64	15.78	1241200
06/21/16	15.52	15.66	15.5	15.62	3654700
06/20/16	15.5	15.68	15.5	15.56	2418700
06/17/16	15	15.5	14.92	15.5	2941100
06/16/16	15	15.02	14.94	15	3791400
06/15/16	15	15.2	14.96	15	978900
06/14/16	15.38	15.38	15	15	3476200
06/13/16	15.8	15.8	15.38	15.4	3532600
06/10/16	15.6	15.8	15.54	15.56	1888500
06/09/16	15.88	15.88	15.5	15.5	3215100
06/08/16	16	16	15.9	15.92	3188700
06/07/16	15.98	16.22	15.52	15.9	8594500
06/06/16	15.52	16	15.52	15.9	5199900
06/03/16	14.72	15.7	14.7	15.5	19467900
06/02/16	14.56	14.98	14.48	14.96	2939000
06/01/16	14.5	14.54	14.36	14.54	2300800
05/31/16	14.28	14.42	14.26	14.36	1270500
05/30/16	14.1	14.24	13.9	14.2	1712200
05/27/16	14.5	14.5	13.9	14.06	1891000
05/26/16	14.58	14.6	14.1	14.32	8453900
05/25/16	14	14.5	14	14.4	8158100
05/24/16	13.96	14	13.9	14	763500
05/23/16	13.9	13.94	13.86	13.9	1012400
05/20/16	13.7	13.9	13.68	13.9	2909700
05/19/16	13.86	13.86	13.68	13.7	2152500
05/18/16	13.9	13.92	13.62	13.86	4318300
05/17/16	13.88	14.08	13.86	13.9	5098700
05/16/16	13.5	13.88	13.5	13.84	5067800
05/13/16	13.6	13.86	13.52	13.52	12805600
05/12/16	13.9	13.98	13.18	13.36	10558700
05/11/16	14.44	14.52	13.78	13.82	12001500
05/10/16	14.48	14.5	14.36	14.4	4007000
05/06/16	14.4	14.6	14.38	14.4	1110700
05/05/16	14.5	14.5	14.4	14.4	1749500
05/04/16	14.76	14.76	14.44	14.5	3451800
05/03/16	15	15	14.62	14.74	4283800
05/02/16	15.4	15.4	14.94	15	3395000
04/29/16	15.24	15.4	15.16	15.4	2215200
04/28/16	15.28	15.46	15.2	15.3	2491300
04/27/16	15.22	15.42	15.2	15.28	2061700
04/26/16	15.46	15.46	15.38	15.44	1024800
04/25/16	15.6	15.6	15.4	15.46	3222300
04/22/16	15.7	15.7	15.62	15.68	3567300
04/21/16	15.8	15.8	15.68	15.7	2443300
04/20/16	15.76	15.9	15.76	15.82	2129400
04/19/16	15.7	15.8	15.7	15.76	693500
04/18/16	15.82	15.9	15.72	15.72	1918300
04/15/16	15.94	15.94	15.82	15.82	611100
04/14/16	15.8	16.2	15.8	15.92	7276600
04/13/16	15.88	15.94	15.76	15.78	2912800
04/12/16	15.76	16	15.76	15.86	2083300
04/11/16	15.7	16	15.7	15.86	1526900
04/08/16	15.7	15.9	15.7	15.9	6052900
04/07/16	15.64	15.84	15.64	15.7	4722300
04/06/16	15.78	15.78	15.64	15.64	3326500
04/05/16	15.76	15.8	15.66	15.76	594500
04/04/16	15.66	15.94	15.62	15.7	2011100
04/01/16	15.62	15.9	15.62	15.62	2539200
03/31/16	15.9	16.12	15.6	15.6	2477900
03/30/16	15.7	15.94	15.68	15.9	815200
03/29/16	15.7	15.7	15.64	15.64	2025000
03/28/16	15.8	15.8	15.7	15.7	1117100
03/23/16	15.7	15.8	15.68	15.76	583100
03/22/16	15.94	15.94	15.78	15.8	17404600
03/21/16	15.8	16.08	15.8	15.9	2830700
03/18/16	15.7	16.04	15.7	15.8	4269300
03/17/16	15.8	15.82	15.48	15.7	3039100
03/16/16	15.9	16	15.48	15.48	3619500
03/15/16	15.8	16.12	15.74	15.74	2245900
03/14/16	16	16.28	15.7	15.7	3374300
03/11/16	16.1	16.12	15.92	15.92	1801300
03/10/16	15.48	16.26	15.48	15.94	4999700
03/09/16	15.6	15.78	15.38	15.48	3482900
03/08/16	15.9	15.9	15.52	15.58	4296600
03/07/16	16	16.1	15.9	15.9	607300
03/04/16	16.04	16.04	15.92	16	1452100
03/03/16	16	16.02	15.9	15.94	1919900
03/02/16	15.92	16.04	15.92	16	3460200
03/01/16	16.06	16.06	16	16.02	756400
02/29/16	16.06	16.16	15.92	16.1	3028800
02/26/16	16.02	16.1	16.02	16.1	538500
02/24/16	16.12	16.12	16.04	16.06	1442100
02/23/16	16.3	16.5	16.18	16.2	1943900
02/22/16	16.28	16.36	16.16	16.26	938000
02/19/16	16.5	16.5	16.18	16.3	1751500
02/18/16	16.18	16.5	16.18	16.46	5242900
02/17/16	16.2	16.3	16.14	16.18	1838700
02/16/16	16.28	16.28	16.14	16.18	1932600
02/15/16	16.4	16.4	16.16	16.2	6502800
02/12/16	16.6	16.6	16.18	16.4	1687300
02/11/16	16.06	16.78	16.06	16.6	6989700
02/10/16	15.68	16.7	15.68	16.4	5820800
02/09/16	16.3	16.38	15.62	16.06	578800
02/05/16	15.5	16.54	15.5	16.32	8160200
02/04/16	15.24	15.98	15.2	15.7	16028100
02/03/16	15.9	15.9	15.1	15.2	7896800
02/02/16	15.9	15.98	15.76	15.88	1839500
02/01/16	16	16.1	15.9	16	5794400
01/29/16	16	16.2	15.5	15.9	6914900
01/28/16	16.14	16.2	15.92	16	16781801
01/27/16	15.24	16.1	15.24	16.1	12905000
01/26/16	14.5	15.42	14.34	15.24	3465600
01/25/16	14.62	15	14.5	15	2178900
01/22/16	14.3	14.9	14.3	14.62	1581100
01/21/16	14.94	14.94	14.2	14.3	1806300
01/20/16	15	15.18	14.7	14.94	5985800
01/19/16	14.4	15	14.26	14.94	2326300
01/18/16	13.74	14.4	13.74	14.4	1355400
01/15/16	14.04	14.2	14.04	14.1	963400
01/14/16	14.08	14.08	13.9	14.04	1645200
01/13/16	13.8	14.16	13.8	14	2346000
01/12/16	13.7	14	13.7	13.72	2462100
01/11/16	14.5	14.5	13.74	13.74	1309200
01/08/16	14.5	14.68	14.5	14.6	1136500
01/07/16	14.74	14.86	14.68	14.68	1785300
01/06/16	14.8	14.92	14.6	14.9	3859400
01/05/16	14.3	14.9	14.3	14.84	1965800
01/04/16	14.48	14.8	14.34	14.52	490700
12/29/15	14.42	15	14.42	14.78	1606900
12/28/15	14.96	15	14.8	14.98	1735300
12/23/15	14.6	15.04	14.6	15	7662900
12/22/15	14.4	14.62	14.4	14.6	2774600
12/21/15	14.5	14.5	14.28	14.4	1004700
12/18/15	14.4	14.42	14.26	14.4	1875800
12/17/15	14.4	14.5	14.2	14.4	551300
12/16/15	13.9	14.46	13.52	14.4	3839800
12/15/15	13.98	14	13.76	13.9	508600
12/14/15	13.7	13.92	13.04	13.9	1474700
12/11/15	14.28	14.28	13.8	13.8	1064600
12/10/15	14.3	14.68	14.2	14.26	316100
12/09/15	14.6	14.62	14.2	14.36	1409200
12/08/15	14.72	14.72	14.4	14.68	278200
12/07/15	14.8	14.82	14.78	14.8	492700
12/04/15	15	15	14.84	14.88	4383700
12/03/15	14.9	15.12	14.9	14.9	5307600
12/02/15	15.2	15.22	15	15	3377400
12/01/15	14.9	15.24	14.9	15.1	8285000
11/27/15	14.9	14.96	14.6	14.9	2397500
11/26/15	14.72	15.04	14.52	14.8	7941500
11/25/15	14.46	14.72	14.1	14.66	4495800
11/24/15	14.02	14.5	14.02	14.46	2712100
11/23/15	14	14.2	13.94	14.2	3057000
11/20/15	14.2	14.2	13.92	13.98	3477900
11/17/15	13.64	14.4	13.64	13.9	6519500
11/16/15	14	14	13.6	13.7	578600
11/13/15	13.84	14	13.6	13.88	17030100
11/12/15	14.08	14.08	13.8	13.88	8097100
11/11/15	12.6	14.24	12.6	13.88	84419602
11/10/15	12.1	12.4	12	12.4	2179000
11/09/15	12.48	12.48	12.06	12.4	2479600
11/06/15	12.32	12.42	12.2	12.2	2789300
11/05/15	12.42	12.5	12.08	12.18	4007400
11/04/15	12.5	12.5	12.32	12.42	2819400
11/03/15	12.6	12.6	12.4	12.48	3503700
11/02/15	12.5	12.5	12.4	12.5	1229600
10/30/15	12.66	12.68	12.44	12.5	4871000
10/29/15	12.5	12.7	12.48	12.5	6187300
10/28/15	12.7	12.7	12.48	12.5	1369800
10/27/15	12.1	12.78	12.1	12.7	6319300
10/26/15	12.5	12.5	12.1	12.1	3596300
10/23/15	12.36	12.44	12.3	12.34	3669200
10/22/15	12.18	12.48	12.1	12.28	1524400
10/21/15	11.98	12.36	11.78	12.18	2473900
10/20/15	11.62	12.1	11.62	11.98	16724900
10/19/15	11.32	11.7	11.32	11.6	41716500
10/16/15	11.14	11.4	11.14	11.32	3470500
10/15/15	11.14	11.54	11.1	11.14	4233800
10/14/15	11.24	11.52	11.1	11.14	962100
10/13/15	11.46	11.46	11.24	11.3	1115700
10/12/15	11.6	11.6	11.32	11.46	4550600
10/09/15	11.94	11.98	11.52	11.58	3253800
10/08/15	11.5	11.9	11.22	11.78	14383200
10/07/15	11.1	11.7	11.1	11.5	11341800
10/06/15	10.44	11.12	10.44	11	8071600
10/05/15	9.89	10.48	9.89	10.28	26857100
10/02/15	10.16	10.16	9.79	9.89	12174600
10/01/15	10.5	10.5	10.12	10.16	8483300
09/30/15	10.44	10.46	10	10.08	3446600
09/29/15	10.9	11	10.4	10.42	6302300
09/28/15	11.6	11.6	10.78	10.86	5500300
09/24/15	11.74	11.74	11.5	11.6	1956300
09/23/15	11.86	12.04	11.58	11.7	5968500
09/22/15	12.28	12.36	11.84	11.86	10922900
09/21/15	12.36	12.36	12.22	12.28	2017300
09/18/15	12.5	12.6	12.36	12.36	2474900
09/17/15	12.56	12.62	12.32	12.38	2303300
09/16/15	12.6	12.84	12.58	12.62	1471900
09/15/15	12.42	12.7	12.42	12.5	6461400
09/14/15	12.5	12.52	12.42	12.46	2025400
09/11/15	12.42	12.56	12.4	12.5	2486100
09/10/15	12.5	12.56	12.46	12.5	1987200
09/09/15	12.32	12.78	12.32	12.5	22378600
09/08/15	12.68	12.68	12.26	12.28	14765900
09/07/15	12.78	12.78	12.6	12.68	12773300
09/04/15	12.84	12.9	12.64	12.72	4032900
09/03/15	12.94	13.18	12.8	12.96	3653200
09/02/15	12.6	12.96	12.4	12.8	2239700
09/01/15	12.98	13.2	12.62	12.66	5259900
08/28/15	13.2	13.2	13	13	4887600
08/27/15	12.74	13.3	12.7	13	12505700
08/26/15	12.7	13.04	12.4	12.66	71780602
08/25/15	12.6	12.68	12	12.4	2602300
08/24/15	13.2	13.2	12.54	12.7	7696200
08/20/15	14.04	14.04	13.52	13.72	3959900
08/19/15	14.42	14.42	14.08	14.16	2342100
08/18/15	14.58	14.58	14.32	14.44	1185300
08/17/15	15	15.04	14.5	14.6	1105500
08/14/15	15.1	15.1	14.8	15	3936300
08/13/15	14.8	15.12	14.78	15.12	333200
08/12/15	15.08	15.08	14.74	15	2906300
08/11/15	14.8	15.2	14.76	15	3864400
08/10/15	15	15.1	14.76	14.88	3115600
08/07/15	15.54	15.54	14.96	15.16	4956300
08/06/15	15.6	15.96	15.4	15.48	3563900
08/05/15	15.18	15.9	15.18	15.6	11558300
08/04/15	15.08	15.2	15.04	15.14	8613900
08/03/15	14.82	15.1	14.78	15	4262200
07/31/15	14.82	15.22	14.82	14.86	6533900
07/30/15	14.8	15	14.8	14.82	1416600
07/29/15	14.92	15.02	14.7	14.8	2568100
07/28/15	15.02	15.04	14.76	15	2964300
07/27/15	14.98	15.5	14.7	15.26	3840400
07/24/15	15	15	14.64	14.98	4287000
07/23/15	14.6	15.1	14.6	14.98	3347800
07/22/15	14	14.92	14	14.68	12674600
07/21/15	13.38	14.46	13.2	14.26	8742400
07/20/15	13.4	13.4	13.1	13.28	3370000
07/16/15	12.82	13.38	12.8	13.34	1765400
07/15/15	12.74	12.8	12.7	12.8	3620400
07/14/15	12.66	12.96	12.66	12.74	4281100
07/13/15	12.6	12.62	12.56	12.56	1971500
07/10/15	12.8	12.84	12.58	12.64	2478400
07/09/15	12.64	12.8	12.48	12.8	2812400
07/08/15	12.98	12.98	12.62	12.64	4771300
07/07/15	13.76	13.76	13	13	1803800
07/06/15	13.52	13.52	13.14	13.16	3638600
07/03/15	13.58	13.8	13.58	13.62	724400
07/02/15	13.6	13.98	13.6	13.64	3072700
07/01/15	13.98	13.98	13.8	13.8	756400
06/30/15	13.68	14	13.68	13.92	1849500
06/29/15	13.6	14.02	13.6	13.98	6402100
06/26/15	14.28	14.3	13.5	13.5	2757500
06/25/15	14.3	14.34	14.2	14.28	982800
06/24/15	14.36	14.48	14.26	14.36	9773200
06/23/15	14.36	14.4	14.28	14.36	2047600
06/22/15	13.74	14.34	13.74	14.34	3184700
06/19/15	13.92	14	13.86	13.92	1401100
06/18/15	13.68	13.9	13.68	13.86	2196400
06/17/15	13.64	13.7	13.5	13.68	539700
06/16/15	13.58	13.7	13.38	13.46	2437400
06/15/15	13.3	13.68	13.3	13.58	4822600
06/11/15	13.5	13.52	13.2	13.3	912700
06/10/15	13.54	13.54	13.22	13.3	6598300
06/09/15	13.54	13.54	13.2	13.28	2300600
06/08/15	13.56	13.62	13.5	13.54	1391600
06/05/15	13.62	13.62	13.5	13.54	1791900
06/04/15	13.72	13.78	13.58	13.64	1745600
06/03/15	13.88	13.88	13.74	13.78	972900
06/02/15	14	14	13.8	13.84	2378300
06/01/15	13.96	13.98	13.84	13.9	3236900
05/29/15	13.6	14.1	13.6	13.96	6437800
05/28/15	13.68	13.7	13.4	13.64	3302400
05/27/15	14	14	13.64	13.68	3801300
05/26/15	14.2	14.2	13.7	13.72	4663000
05/25/15	14.38	14.38	14.16	14.2	795800
05/22/15	14.44	14.44	14.2	14.38	414200
05/21/15	14.46	14.8	14.18	14.44	1997600
05/20/15	14.98	14.98	14.46	14.48	4070200
05/19/15	15.02	15.36	14.7	14.74	8304700
05/18/15	15.5	15.5	15.06	15.06	3060700
05/15/15	15.22	15.76	15.2	15.5	4985000
05/14/15	15.24	15.28	15.16	15.26	2715500
05/13/15	15.26	15.26	15.14	15.18	1431200
05/12/15	15.28	15.3	15.04	15.26	4166400
05/11/15	15.02	15.46	15	15.04	7509700
05/08/15	15.5	15.5	15.18	15.5	579700
05/07/15	15.5	15.66	14.9	15.54	4198300
05/06/15	15.02	15.7	15	15.54	9529400
05/05/15	14.7	15.14	14.7	15	8037700
05/04/15	14.9	15	14.48	14.64	3832500
04/30/15	15.18	15.18	14.88	14.9	3710700
04/29/15	15.3	15.38	15.18	15.18	846600
04/28/15	15.32	15.32	15.2	15.26	1723500
04/27/15	15.24	15.36	15.22	15.32	11377300
04/24/15	15.28	15.4	15.24	15.28	7486300
04/23/15	14.88	15.4	14.88	15.28	4555800
04/22/15	14.98	15.12	14.88	14.96	7117900
04/21/15	15.7	15.76	14.94	14.98	7844100
04/20/15	16.18	16.18	15.6	15.7	1902700
04/17/15	15.88	16.34	15.88	16.08	8304900
04/16/15	16.18	16.18	15.6	15.86	9058900
04/15/15	16.64	16.64	16	16.18	2092300
04/14/15	16.5	16.6	16	16.6	6540500
04/13/15	16.6	16.6	16.48	16.54	3340300
04/10/15	16.78	16.78	16.6	16.68	2309200
04/08/15	16.84	16.98	16.64	16.78	3384600
04/07/15	16.48	16.88	16.48	16.84	4937500
04/06/15	16.32	16.38	16.3	16.38	1095200
04/01/15	16.3	16.48	16.22	16.32	1341600
03/31/15	16.3	16.34	16.3	16.3	3202800
03/30/15	16.6	16.6	16.3	16.3	2964000
03/27/15	16.4	16.78	16.36	16.54	3593600
03/26/15	16.5	16.92	16.12	16.38	12148600
03/25/15	15.72	16.52	15.72	16.44	8100100
03/24/15	15.52	15.74	15.52	15.72	831600
03/23/15	15.9	15.9	15.34	15.74	4792100
03/20/15	15.94	16	15.78	16	3174100
03/19/15	15.92	15.92	15.78	15.82	792000
03/18/15	15.92	15.96	15.84	15.92	4735200
03/17/15	15.88	15.96	15.76	15.92	2194000
03/16/15	16	16.06	15.86	15.88	3325300
03/13/15	16.16	16.42	16	16	2519700
03/12/15	16.1	16.14	16	16.1	1813600
03/11/15	16	16.2	16	16.02	1639400
03/10/15	16.18	16.2	16	16	821300
03/09/15	15.98	16.14	15.86	16.14	3089800
03/06/15	16.18	16.24	16.1	16.1	2808900
03/05/15	15.42	16.18	15.42	16.1	7321600
03/04/15	15.3	15.96	15.14	15.92	10119400
03/03/15	15.1	15.3	15.1	15.18	8175600
03/02/15	15.1	15.14	15.06	15.1	3996200
02/27/15	15.18	15.18	15.08	15.12	3962700
02/26/15	15.2	15.2	15.1	15.18	2042400
02/25/15	15.2	15.24	15.12	15.16	1944700
02/24/15	15.28	15.3	15.1	15.18	3764700
02/23/15	15.34	15.36	15.22	15.28	1661800
02/20/15	15.5	15.5	15.08	15.36	1318600
02/18/15	15.24	15.6	15.24	15.5	5287200
02/17/15	15.28	15.4	15.22	15.24	2115100
02/16/15	15.28	15.5	15.18	15.2	5267300
02/13/15	15.12	15.32	15.12	15.14	8912000
02/12/15	15.5	15.5	15.06	15.12	8336300
02/11/15	15.86	15.86	15.32	15.5	13416900
02/10/15	16.18	16.18	15.74	15.86	7957200
02/09/15	15.4	16.2	15.4	16.2	7969300
02/06/15	15.8	15.88	15.4	15.4	18450801
02/05/15	15.3	15.9	15.3	15.8	15994200
02/04/15	14.08	15.42	14.08	15.36	31518301
02/03/15	13.92	14.1	13.92	14	6035800
02/02/15	13.62	13.94	13.62	13.94	4598500
01/30/15	13.62	13.88	13.62	13.62	1609900
01/29/15	14	14.08	13.62	13.62	22002100
01/28/15	13.94	14.38	13.94	14.1	19355699
01/27/15	14.3	14.4	13.92	13.96	4671100
01/26/15	14.02	14.4	13.92	14.28	17264699
01/23/15	13.36	14.1	13.3	14	10771700
01/22/15	13.2	13.48	13.2	13.36	4890800
01/21/15	13.56	13.56	13.2	13.42	11201400
01/20/15	13.76	13.9	13.3	13.3	9829700
01/19/15	13.8	13.88	13.58	13.76	16989500
01/14/15	13.42	14	13.42	13.8	21703000
01/13/15	13.02	13.5	13.02	13.4	28458699
01/12/15	13.02	13.04	12.96	12.98	16494000
01/09/15	13	13.1	12.94	13	19598900
01/08/15	13	13.18	12.8	12.9	14549000
01/07/15	12.6	13	12.56	12.9	40513801
01/06/15	12.36	12.8	12.3	12.5	45079898
01/05/15	12.38	12.48	12.24	12.36	9679200