MBT 1216

12/27/19	67	67	66.2	66.3	1972480
12/26/19	66	67	66	67	419710
12/23/19	67.9	67.9	66.2	66.6	2037080
12/20/19	64	68	63.5	68	7266030
12/19/19	64.8	64.85	63.55	64.5	2281740
12/18/19	64.55	64.85	62.5	64.85	3023860
12/17/19	66.4	66.7	63	64.05	6655000
12/16/19	67	67.45	66.2	66.2	1553810
12/13/19	67.7	67.7	66.5	67.5	2346710
12/12/19	68.15	68.15	66.2	66.2	2717470
12/11/19	67	68.2	66.95	68.2	1794540
12/10/19	68.2	68.2	66.65	67	1921390
12/09/19	67.95	68.3	67.5	68.2	2223130
12/06/19	67.5	68	67.15	67.95	1027080
12/05/19	67.2	68.2	67.2	68	1629000
12/04/19	67.75	68.2	67	68.2	2511160
12/03/19	67	68.05	66.5	67.2	2379730
12/02/19	67.6	67.95	66.25	67.5	2832170
11/29/19	67.9	67.9	66.25	66.25	2132190
11/28/19	68.4	68.4	67.75	68.2	1664890
11/27/19	67.6	68.5	67.05	68.45	2788870
11/26/19	67.05	67.5	66.15	67.5	6181820
11/25/19	68	68	67.4	68	2313840
11/22/19	66.15	68.4	66	68.4	3647780
11/21/19	67.05	67.7	66	66.95	1717250
11/20/19	67.9	68.1	67.05	67.5	1999170
11/19/19	67	67.9	66.7	67.9	1533550
11/18/19	67.9	67.9	67.2	67.3	1872610
11/15/19	68	68.15	67.6	67.9	2643530
11/14/19	68	68	67.35	68	2055510
11/13/19	68.4	68.45	67.55	67.65	803860
11/12/19	68.5	68.75	67.6	68.4	2003860
11/11/19	67.6	68.4	67.4	68.4	1786360
11/08/19	67.65	67.65	66.65	67.55	2085560
11/07/19	67.55	67.65	67.15	67.65	3880340
11/06/19	67.6	67.9	67.4	67.55	851460
11/05/19	66.4	68	66.35	68	6136180
11/04/19	67.6	67.6	66.15	66.4	2817100
10/31/19	67.5	67.75	67.45	67.6	4382160
10/30/19	67.4	67.55	66.75	67.45	5858240
10/29/19	65.5	67.25	65.4	66	4765400
10/28/19	64.9	65.8	64	65.35	3265740
10/25/19	63.805	64.602	63.407	63.407	4519514.04
10/24/19	63.363	63.407	62.832	62.832	1708548.677
10/23/19	63.628	63.673	62.876	63.363	1844205.175
10/22/19	62.655	63.628	62.566	63.628	5605511.825
10/21/19	62.743	62.788	62.168	62.655	1951634.274
10/18/19	61.062	62.92	61.018	62.743	9079176.979
10/17/19	60.664	61.062	60.354	60.885	2874900.762
10/16/19	60.708	61.416	60.088	60.177	3112302.459
10/15/19	60.487	60.796	60.221	60.619	3977633.847
10/14/19	60.575	61.018	60.177	60.442	1743137.977
10/11/19	60	60.575	59.292	60.177	2941457.761
10/10/19	58.496	60	58.496	60	2355484.969
10/09/19	59.823	60.221	57.965	58.407	3459370.654
10/08/19	60.619	61.726	59.469	59.558	2133247.872
10/07/19	59.956	60.841	59.779	60.177	1461440.281
10/04/19	58.407	60.221	58.363	60.177	3876623.148
10/03/19	59.292	59.735	58.363	58.363	2580253.266
10/02/19	59.956	60.487	59.381	59.381	985913.6869
10/01/19	60.531	60.752	59.248	59.956	2575789.766
09/30/19	59.292	61.106	59.248	60.531	5127826.932
09/27/19	59.646	61.239	59.159	59.204	3189210.258
09/26/19	59.292	60	58.982	59.513	1971375.374
09/25/19	59.956	60.177	58.496	59.292	2844718.462
09/24/19	59.69	60.133	59.69	59.956	3203403.057
09/23/19	59.956	60.442	59.513	59.513	2020180.073
09/20/19	60.619	60.841	59.735	59.735	4979548.334
09/19/19	60.177	60.841	60.133	60.487	1324303.482
09/18/19	60.619	60.752	60.044	60.044	2938711.861
09/17/19	61.947	61.947	60.354	60.442	2701570.064
09/16/19	61.947	62.168	61.46	61.593	2685343.264
09/13/19	61.593	62.168	61.593	61.903	1722775.377
09/12/19	61.947	62.035	60.973	61.504	6337672.716
09/11/19	61.947	62.08	61.726	61.726	5339848.829
09/10/19	62.168	62.168	61.77	61.903	4682245.338
09/09/19	62.08	62.301	62.035	62.08	2138152.072
09/06/19	62.389	62.434	62.035	62.035	2125473.472
09/05/19	62.124	62.478	61.947	61.947	4513615.44
09/04/19	62.434	62.699	61.77	61.991	2448201.467
09/03/19	62.389	62.92	62.389	62.389	2315991.469
09/02/19	63.274	63.274	62.389	62.389	2588671.766
08/30/19	63.053	64.381	62.743	62.743	3431674.354
08/29/19	63.54	63.54	62.434	62.434	3114381.659
08/28/19	62.566	63.805	62.478	63.54	4172061.644
08/27/19	63.717	63.717	62.522	62.522	4623767.838
08/23/19	63.407	63.717	62.212	63.717	1302031.183
08/22/19	62.965	63.407	62.301	63.407	4609925.339
08/20/19	63.274	63.717	62.876	62.965	1006072.887
08/19/19	61.991	63.274	61.947	63.274	3741881.95
08/16/19	61.947	63.186	61.681	61.681	3663324.351
08/15/19	61.947	63.097	61.15	61.947	3116347.858
08/14/19	63.673	63.673	62.212	62.212	4396954.241
08/13/19	63.496	63.938	61.947	62.301	3527577.453
08/09/19	63.54	63.85	63.496	63.496	2778523.063
08/08/19	64.159	64.159	63.274	63.451	3723429.05
08/07/19	62.832	63.894	62.832	63.717	2783958.363
08/06/19	63.584	63.584	62.389	62.389	5496331.227
08/05/19	66.018	66.018	63.717	63.717	4314938.843
08/02/19	66.372	67.035	65.575	66.372	3844587.649
08/01/19	67.035	67.965	66.372	66.372	4784634.636
07/31/19	67.257	67.345	66.681	67.035	2513764.067
07/30/19	66.637	67.345	66.637	67.168	2640391.865
07/29/19	66.814	67.08	66.504	66.593	1361243.182
07/26/19	66.814	67.257	66.283	66.372	4024551.446
07/25/19	66.327	66.814	65.619	66.814	2094511.472
07/24/19	67.257	67.301	66.239	66.372	2199895.271
07/23/19	68.319	68.319	66.814	67.301	2201793.671
07/22/19	68.009	68.938	67.92	68.407	1834069.076
07/19/19	68.628	69.204	68.584	69.027	3607513.652
07/18/19	68.142	69.469	68.009	68.496	2494678.367
07/17/19	68.54	68.54	67.699	68.142	2045989.273
07/16/19	67.965	70.044	67.168	68.938	7372764.002
07/15/19	64.602	68.142	64.602	68.142	8565286.886
07/12/19	63.894	65.133	63.894	64.513	3170633.058
07/11/19	63.894	63.982	63.584	63.717	2228461.67
07/10/19	63.186	63.717	63.097	63.274	6563830.913
07/09/19	63.363	63.628	63.186	63.186	2521741.866
07/08/19	63.496	63.717	62.832	63.363	3016806.16
07/05/19	63.628	64.027	63.451	63.496	3032049.86
07/04/19	63.761	64.027	63.274	63.54	2003602.973
07/03/19	64.292	64.292	63.274	63.274	3626079.552
07/02/19	64.159	64.469	63.805	64.071	1428591.181
07/01/19	64.115	64.159	63.628	63.717	2195183.171
06/28/19	63.717	64.381	63.053	63.053	2361270.569
06/27/19	63.717	64.115	63.673	63.673	2577055.366
06/26/19	64.602	64.602	63.54	63.717	1730346.377
06/25/19	65.841	65.885	63.85	64.602	3080052.259
06/24/19	66.018	66.726	65.044	65.044	2556907.466
06/21/19	66.372	66.416	65.044	66.018	5753067.223
06/20/19	65.752	66.814	65.265	66.372	4180367.144
06/19/19	64.425	65.841	64.336	65.708	6547106.913
06/18/19	63.717	64.602	63.363	64.248	10772866.16
06/17/19	63.982	63.982	63.363	63.363	1120078.585
06/14/19	63.717	64.159	62.92	63.982	2152740.371
06/13/19	63.319	64.248	62.832	62.832	2195058.871
06/11/19	63.319	64.115	63.274	63.274	4125279.645
06/10/19	62.788	64.159	62.788	63.053	1331998.782
06/07/19	62.522	62.965	62.434	62.788	928498.3876
06/06/19	62.832	63.097	62.212	62.345	4651746.638
06/04/19	64.336	64.558	62.478	62.478	2706180.464
06/03/19	63.805	65.31	63.717	64.558	4235420.744
05/31/19	63.717	64.558	63.496	63.496	2602209.165
05/30/19	63.54	64.204	63.54	63.717	2444834.067
05/29/19	64.558	64.779	63.54	63.717	2094274.172
05/28/19	63.717	64.292	63.274	64.159	7424744.001
05/27/19	63.717	64.558	63.54	63.54	5464069.727
05/24/19	63.717	63.717	62.655	63.717	2277718.37
05/23/19	65.752	65.752	63.717	63.717	2083640.872
05/22/19	65.752	65.929	65	65.752	2068803.972
05/21/19	66.637	66.637	65.487	65.929	1078053.886
05/20/19	64.602	66.814	64.513	66.814	1079477.686
05/17/19	62.876	65.398	62.876	64.602	3574269.052
05/16/19	62.832	63.451	62.345	62.478	3109014.159
05/15/19	63.805	66.327	62.566	62.566	2769912.463
05/14/19	63.805	64.115	63.274	63.717	4662922.338
05/10/19	64.336	64.779	64.159	64.159	2138253.772
05/09/19	65.31	65.31	64.248	64.248	6642015.612
05/08/19	65.044	65.575	64.159	65.575	2720689.664
05/07/19	64.159	65.885	64.159	65.354	2579789.966
05/06/19	65.044	65.177	63.761	64.469	3329940.456
05/03/19	66.593	67.257	65.487	65.487	8523092.686
05/02/19	65.664	66.504	65.575	65.929	2749606.363
04/30/19	67.257	67.699	65.708	65.708	4800160.836
04/29/19	67.035	68.009	66.814	67.257	3152790.358
04/26/19	67.743	67.965	66.549	67.035	3901776.948
04/25/19	67.168	68.009	66.858	68.009	2749018.763
04/24/19	67.257	67.389	66.681	66.991	3000364.66
04/23/19	67.389	67.699	67.212	67.434	2107596.872
04/22/19	68.673	68.717	67.257	67.257	3295554.556
04/17/19	68.186	69.027	68.142	69.027	1016920.886
04/16/19	68.142	69.823	68.097	68.097	1173855.284
04/15/19	68.982	70.354	68.142	68.142	3220172.257
04/12/19	69.823	69.912	68.938	68.938	4469353.34
04/11/19	69.469	69.735	68.805	69.204	5947913.121
04/10/19	69.912	70.088	69.381	69.469	3532176.553
04/08/19	70.708	70.796	70.31	70.752	830900.2889
04/05/19	69.912	70.708	69.779	70.708	2049062.873
04/04/19	70.442	70.442	69.69	69.912	1398510.581
04/03/19	69.204	70.133	68.85	70.133	816029.4891
04/02/19	69.027	69.469	68.85	69.204	1587695.179
04/01/19	70.664	70.664	67.832	68.407	3284955.156
03/29/19	70.796	70.973	70.088	70.708	2761426.163
03/28/19	70.354	70.796	70.088	70.796	683435.2909
03/27/19	71.504	71.504	69.912	69.912	1443834.881
03/26/19	70.31	71.504	70.265	71.504	1687022.178
03/25/19	71.593	71.593	69.823	70.31	1271894.083
03/22/19	70.752	71.681	70.752	71.681	1756178.177
03/21/19	70.398	71.018	70.398	70.752	2580422.766
03/20/19	72.566	72.611	70.398	70.398	3815162.449
03/19/19	72.434	72.876	72.257	72.566	2611147.465
03/18/19	70.354	72.478	69.912	72.478	2256406.57
03/15/19	68.761	70.354	68.761	70.354	4640243.238
03/14/19	69.558	69.823	68.407	68.761	899333.088
03/13/19	67.699	69.823	67.699	69.823	2336331.469
03/12/19	67.876	69.381	67.257	67.257	3358190.455
03/11/19	69.159	69.159	67.788	67.788	1713192.977
03/08/19	70.531	70.531	69.071	69.159	1535274.48
03/07/19	68.053	70.619	68.053	70.619	2222370.97
03/06/19	67.257	68.186	66.903	67.788	1821593.876
03/05/19	67.965	68.496	67.257	67.257	1532370.38
03/04/19	66.814	68.053	66.593	67.699	1936379.274
03/01/19	67.699	68.319	66.549	66.549	5954365.421
02/28/19	68.982	68.982	66.416	67.257	9093268.079
02/27/19	69.823	70.796	68.496	68.584	4175270.844
02/26/19	72.566	72.566	69.646	69.912	2697050.064
02/22/19	72.832	72.965	71.726	72.035	907050.9879
02/21/19	72.389	73.009	72.257	73.009	1523997.08
02/20/19	72.124	72.566	71.327	72.478	2934395.261
02/19/19	71.106	72.655	70.841	72.655	1493159.38
02/18/19	70.885	71.681	70.708	71.15	4021963.746
02/15/19	72.92	72.92	70.796	70.796	2637193.965
02/14/19	73.053	73.053	72.212	72.92	2378853.368
02/13/19	72.876	72.965	71.681	71.681	2781506.263
02/12/19	72.655	73.053	72.389	72.876	1894015.575
02/11/19	74.159	74.159	72.743	72.832	1791129.076
02/08/19	73.717	74.248	73.451	73.805	1514403.38
02/07/19	73.451	73.761	73.097	73.628	2284939.07
02/06/19	73.584	74.115	73.009	73.009	2847803.362
02/04/19	74.425	74.425	74.071	74.248	2242462.37
02/01/19	74.248	74.735	73.009	74.469	3102697.459
01/31/19	74.159	74.336	72.655	74.336	4288801.943
01/30/19	74.602	74.602	72.699	73.363	1272018.383
01/29/19	73.805	74.336	73.274	74.336	2139666.271
01/28/19	73.451	74.071	73.407	73.805	1768438.676
01/25/19	74.336	74.602	73.186	73.761	1729939.577
01/24/19	73.097	74.336	73.009	74.336	4439702.141
01/23/19	72.743	73.142	71.858	73.142	1608204.679
01/22/19	72.832	73.009	71.947	73.009	2666449.664
01/21/19	73.009	73.142	72.566	72.876	1551670.779
01/18/19	72.965	73.009	72.478	73.009	2691535.664
01/17/19	71.637	73.097	71.283	73.009	4635892.738
01/16/19	70.885	71.681	70.619	71.681	2314420.769
01/15/19	70.796	71.239	69.912	70.796	4165609.345
01/14/19	68.938	70.796	67.832	70.796	7501527.5
01/11/19	70.796	70.796	67.876	68.982	14265831.71
01/10/19	72.08	72.699	71.46	72.478	3597716.552
01/09/19	71.681	72.832	71.681	72.08	2991584.56
01/08/19	73.761	74.204	70.531	71.46	4232494.044
01/07/19	74.336	74.513	73.009	73.009	2900337.061
01/04/19	74.336	75.044	73.85	74.867	2455376.967
01/03/19	72.124	74.867	72.124	74.867	4712280.737
01/02/19	71.593	72.566	70.973	72.566	1637539.478
12/28/18	70.796	71.637	70.354	71.637	3850474.949
12/27/18	71.637	71.726	70.575	70.796	1678761.878
12/26/18	71.681	71.681	69.558	71.681	1338112.082
12/21/18	72.522	72.522	70.752	71.77	4265603.043
12/20/18	71.681	73.009	71.239	72.566	4749028.337
12/19/18	70.354	71.681	69.779	71.681	3627571.152
12/18/18	69.646	70.354	69.336	70.354	4731140.437
12/17/18	71.195	71.195	69.646	70.619	3731768.45
12/14/18	71.327	71.681	70.796	71.681	4837179.636
12/13/18	71.239	71.46	70.708	71.46	3948276.447
12/12/18	70.619	71.239	70.575	70.973	7897163.095
12/11/18	70.265	70.619	69.646	70.619	3369953.755
12/10/18	70.354	70.619	68.85	70.619	3963689.647
12/07/18	69.912	70.619	68.584	70.619	2315607.269
12/06/18	70.265	70.265	69.469	69.912	1551343.079
12/05/18	69.558	70.354	68.54	70.354	3905370.348
12/04/18	68.009	71.46	67.788	70.708	14294149.51
12/03/18	67.699	68.053	67.212	68.009	10011856.37
11/29/18	67.168	68.053	66.018	66.018	69622600.93
11/28/18	68.053	68.097	66.46	67.124	13244243.92
11/27/18	65.752	68.097	65.708	68.097	12896294.33
11/26/18	63.717	65.929	63.274	65.708	7216304.204
11/23/18	64.115	64.558	63.805	63.805	5166032.231
11/22/18	63.717	64.381	63.673	63.717	5459809.627
11/21/18	63.009	63.717	62.743	63.673	7246192.703
11/20/18	63.186	64.602	63.009	63.142	6929069.508
11/19/18	62.212	64.071	62.212	63.85	6304021.316
11/16/18	61.549	62.743	61.549	62.212	10760311.86
11/15/18	59.69	61.858	59.292	61.77	8865392.282
11/14/18	59.646	60.487	59.292	59.292	12844585.53
11/13/18	57.832	57.876	56.637	57.345	3415391.055
11/12/18	57.92	58.009	57.08	57.965	3623672.652
11/09/18	57.566	58.009	57.08	57.566	1630838.578
11/08/18	57.522	58.407	57.08	58.009	3774425.95
11/07/18	58.628	58.673	57.522	57.522	1815763.076
11/06/18	58.363	60.088	58.274	58.628	4372636.642
11/05/18	58.009	59.248	57.965	58.938	4618095.238
10/31/18	57.124	58.009	56.77	58.009	5276941.73
10/30/18	57.655	57.788	57.08	57.08	1816463.676
10/29/18	57.434	58.009	57.08	57.522	1034469.786
10/26/18	57.788	57.788	57.08	57.08	1046843.286
10/25/18	58.407	58.407	56.903	57.788	3164350.258
10/24/18	60.177	60.177	58.761	58.85	1534336.58
10/23/18	61.062	61.062	60.088	60.221	2420674.668
10/22/18	58.85	61.062	58.407	61.062	5991226.02
10/19/18	59.292	59.956	58.451	58.451	2002167.873
10/18/18	59.513	59.513	59.071	59.292	1136327.985
10/17/18	58.451	59.867	58.451	59.513	3848418.349
10/16/18	57.965	58.85	57.522	58.053	1421912.881
10/15/18	58.85	59.425	57.965	57.965	1386995.882
10/12/18	57.788	58.805	57.257	58.407	1410104.381
10/11/18	58.407	58.407	56.637	57.832	3577512.152
10/10/18	59.646	59.646	58.85	59.159	2306420.369
10/09/18	58.85	59.248	58.407	58.761	1200918.784
10/08/18	58.673	59.469	58.584	58.584	1680389.078
10/05/18	58.451	59.204	58.407	58.584	1982076.474
10/04/18	60.973	60.973	58.407	58.407	3796393.149
10/03/18	60.177	61.062	59.646	61.062	1765545.876
10/02/18	59.735	60.088	59.248	60.088	3056514.359
10/01/18	59.071	59.735	58.496	59.646	1840024.175
09/28/18	59.69	60.885	59.292	59.292	4560872.039
09/27/18	59.646	59.646	58.407	59.646	3080504.259
09/26/18	60.708	60.708	58.407	59.69	2654290.865
09/25/18	61.77	61.77	60	60.619	1868522.775
09/24/18	60.442	61.903	60.221	61.858	1643268.578
09/21/18	57.522	60.929	57.434	60.177	4082904.646
09/20/18	57.478	58.274	56.637	56.637	3293599.656
09/19/18	58.496	59.292	57.345	57.434	6252222.117
09/18/18	61.062	61.106	57.876	58.407	6115672.919
09/17/18	61.062	61.062	60.619	60.973	851861.7887
09/14/18	60.752	61.726	60.708	60.708	3783262.55
09/13/18	61.947	62.08	60.664	60.708	3211742.457
09/12/18	61.062	62.08	61.018	61.947	3498084.453
09/11/18	61.947	61.947	60.619	61.062	3913314.248
09/10/18	61.504	61.991	60.708	61.947	4350884.142
09/07/18	61.947	61.991	61.239	61.504	8005428.393
09/06/18	63.805	63.805	62.124	62.212	4511863.94
09/05/18	65.177	65.31	63.894	63.894	3955056.447
09/04/18	64.69	65.442	64.248	65.177	1412251.381
09/03/18	64.602	65.044	64.292	64.602	4097583.345
08/31/18	65.885	65.929	64.204	64.823	12812346.63
08/30/18	65.354	66.018	65.31	65.619	2016880.473
08/29/18	65.398	65.752	64.646	65.044	2457049.367
08/28/18	64.159	66.018	64.159	65.354	2538070.366
08/24/18	65.133	65.31	64.159	64.159	1920231.574
08/23/18	64.115	65.487	64.027	65.133	9062046.179
08/22/18	65.088	65.133	63.407	64.115	5898159.221
08/20/18	66.15	66.637	64.69	65.133	868574.4884
08/17/18	65.398	66.372	65.398	66.15	1190567.984
08/16/18	65.487	65.487	64.469	65.31	2247829.87
08/15/18	65.31	66.549	65.31	65.752	1554281.079
08/14/18	67.212	67.212	65.31	65.31	1851437.175
08/13/18	68.319	68.319	66.372	67.257	2190132.071
08/10/18	67.699	68.319	67.434	68.319	1558665.479
08/09/18	68.142	68.142	66.195	67.611	1386250.082
08/08/18	68.142	68.982	67.876	68.363	1805886.876
08/07/18	68.584	68.584	67.699	68.097	2046633.373
08/06/18	67.257	68.54	67.08	68.54	2864979.362
08/03/18	65.044	67.257	64.956	67.257	5944636.121
08/02/18	64.69	65.133	64.602	64.867	1991387.673
08/01/18	65.221	65.221	64.336	64.602	4365517.642
07/31/18	65.664	65.664	64.248	65.221	4583912.739
07/30/18	65.487	65.752	65.133	65.487	5333238.329
07/27/18	65.487	65.619	64.602	65.487	5182439.831
07/26/18	65.487	65.752	65.265	65.487	5574945.326
07/25/18	64.646	65.575	64.646	65.044	7987065.894
07/24/18	64.602	65	64.115	64.602	7910395.395
07/23/18	61.991	64.646	61.991	64.513	7641364.998
07/20/18	61.947	62.257	61.858	61.947	5884497.522
07/19/18	62.035	62.345	61.504	61.504	4182096.044
07/18/18	61.947	63.097	61.726	61.726	7064149.706
07/17/18	61.77	61.947	60.973	61.947	5160879.431
07/16/18	61.947	62.345	61.549	61.77	5006905.633
07/13/18	62.743	63.009	61.504	61.504	3674658.251
07/12/18	61.372	62.743	61.372	62.212	9087663.279
07/11/18	61.062	61.947	60.929	61.15	6282980.716
07/10/18	60.044	61.726	60.044	60.885	10054276.57
07/09/18	61.947	62.699	58.54	60.044	18502427.65
07/06/18	63.54	63.717	61.726	61.726	8411584.288
07/05/18	65.929	65.929	63.451	63.496	3633379.352
07/04/18	66.062	66.062	65.221	66.018	3426826.654
07/03/18	65.487	66.372	64.513	66.372	3180961.258
07/02/18	65.044	65.841	65.044	65.487	1490854.18
06/29/18	63.717	65.133	63.717	64.956	8296798.889
06/28/18	63.54	64.336	63.142	63.717	2841848.262
06/27/18	63.451	64.159	63.097	63.142	2680326.064
06/26/18	65.044	65.044	62.832	62.832	4531424.24
06/25/18	66.327	66.327	64.779	65.044	3635887.952
06/22/18	64.159	66.637	63.053	64.779	7766354.297
06/21/18	64.336	64.336	62.389	64.159	6090428.719
06/20/18	63.717	65.354	63.717	64.336	5282196.23
06/19/18	64.248	64.558	62.876	63.717	7510838.7
06/18/18	64.867	64.867	64.159	64.469	5716500.424
06/14/18	68.186	68.23	66.15	66.15	13857720.92
06/13/18	70.177	70.531	68.186	68.186	6036267.82
06/11/18	71.416	71.416	70.044	70.088	4072214.846
06/08/18	72.124	72.168	70.796	70.796	4895770.135
06/07/18	71.15	73.053	70.929	73.053	7623104.198
06/06/18	70.841	71.15	70.442	70.841	5944986.421
06/05/18	70.796	70.796	69.912	70.796	2165068.671
06/04/18	70.664	71.327	70.044	70.619	5633411.525
06/01/18	70.442	71.239	70.088	70.664	5309677.829
05/31/18	69.912	71.681	69.912	70.265	4861463.335
05/30/18	72.566	72.566	69.912	69.912	4304633.243
05/29/18	72.566	73.009	72.345	72.832	14675230.7
05/28/18	72.655	72.655	71.593	72.257	14558185.31
05/25/18	73.186	73.451	71.903	72.566	3242082.957
05/24/18	71.504	72.566	71.062	72.566	2593022.265
05/23/18	72.212	72.389	71.062	71.504	2000269.473
05/22/18	72.788	72.788	72.124	72.124	2898788.961
05/21/18	73.451	73.451	72.522	72.522	1254638.983
05/18/18	73.451	73.85	73.009	73.23	1748810.577
05/17/18	73.628	74.336	73.274	73.451	2492327.967
05/16/18	75.796	75.796	73.053	73.584	3173514.558
05/15/18	76.195	76.195	74.513	76.018	1766009.176
05/11/18	74.071	76.106	74.071	76.106	5819771.122
05/10/18	72.124	74.69	72.124	73.982	3347319.855
05/09/18	72.92	73.009	72.035	72.124	2845780.662
05/08/18	73.186	73.496	72.876	73.009	7630822.098
05/07/18	73.496	73.54	73.009	73.186	1492922.08
05/04/18	72.743	73.894	72.743	73.496	1597842.579
05/03/18	76.106	76.549	73.053	73.894	9290712.976
05/02/18	75.221	76.106	75	76.106	2519120.266
04/30/18	73.894	75.221	73.894	75.221	2245965.37
04/27/18	72.478	74.159	72.389	73.894	3002974.96
04/26/18	73.451	73.673	71.681	72.212	2595553.465
04/25/18	74.558	74.558	73.496	74.115	1568451.279
04/24/18	74.779	74.779	74.336	74.646	2439138.868
04/23/18	73.628	74.956	73.496	74.823	3269123.856
04/20/18	73.85	73.85	72.566	73.363	4095425.045
04/19/18	72.566	73.894	71.239	73.894	3381547.555
04/18/18	72.566	73.54	72.566	72.965	2185521.671
04/17/18	73.938	74.159	72.212	72.92	4178118.444
04/16/18	73.982	74.115	73.628	73.938	2795314.863
04/13/18	72.301	74.248	72.257	73.938	4361234.942
04/12/18	72.832	72.832	71.681	72.389	4159767.245
04/11/18	73.894	74.204	71.947	72.522	2318115.869
04/10/18	74.248	74.292	70.796	73.894	2418414.668
04/06/18	75.133	75.221	73.451	74.248	1733352.177
04/05/18	75.664	76.018	74.336	75.133	860901.7885
04/04/18	76.46	76.903	75.221	75.265	3899765.548
04/03/18	76.018	76.018	74.336	75.664	1456671.681
04/02/18	76.372	76.903	75.929	76.106	1517951.58
03/28/18	75.929	76.195	75.487	75.929	2041989.073
03/27/18	74.336	75.973	74.159	75.929	6028832.42
03/26/18	74.159	74.69	73.23	73.451	3385954.555
03/23/18	73.584	74.248	73.451	74.115	4969118.434
03/22/18	74.115	75.31	73.319	75.177	6677011.711
03/21/18	75.31	75.929	74.292	74.469	5671955.824
03/20/18	77.389	77.389	74.336	75.31	5750875.023
03/19/18	78.761	79.159	76.726	77.478	8632736.585
03/16/18	80.531	81.283	78.319	78.319	8446761.187
03/15/18	80.798	81.729	80.756	81.221	7127302.266
03/14/18	80.798	81.686	78.937	81.644	6151121.402
03/13/18	81.898	81.898	80.883	81.221	2622840.426
03/12/18	81.644	82.321	80.798	81.813	3232731.848
03/09/18	82.363	82.363	81.136	81.221	14832996.72
03/08/18	82.067	82.109	81.179	81.179	2007582.904
03/07/18	81.01	81.01	80.375	80.375	3119310.955
03/06/18	81.475	81.475	81.052	81.179	2488321.544
03/05/18	81.982	82.067	80.84	81.221	2726640.164
03/02/18	81.771	82.913	81.263	82.913	971252.0901
03/01/18	82.744	82.744	82.025	82.067	1395705.789
02/28/18	82.913	82.955	82.109	82.786	2062626.787
02/27/18	83.548	83.759	82.744	83.252	3370583.857
02/26/18	81.221	83.421	80.375	83.421	1881857.806
02/23/18	81.771	82.194	81.221	81.771	2532515.033
02/22/18	82.405	83.125	81.221	81.771	3738421.666
02/21/18	83.252	83.336	81.856	83.336	3263001.847
02/20/18	84.521	84.521	82.871	83.336	3644869.523
02/19/18	81.813	84.774	81.644	84.521	4428024.479
02/15/18	82.067	82.067	81.898	81.898	4179351.889
02/14/18	82.998	83.252	81.982	82.067	1373768.609
02/13/18	82.998	82.998	81.94	82.321	2308368.116
02/12/18	81.221	82.998	80.798	82.998	2320270.454
02/09/18	81.221	81.221	80.629	80.798	1627299.055
02/08/18	83.717	83.717	80.544	81.221	2647377.918
02/07/18	83.759	83.928	82.067	82.236	3201551.74
02/06/18	81.644	82.236	80.375	82.236	2604709.157
02/05/18	82.913	82.913	81.982	82.236	3015523.037
02/02/18	83.421	83.928	83.082	83.421	2453430.082
02/01/18	84.14	84.14	82.913	83.421	1930341.811
01/31/18	84.267	84.267	82.49	84.182	2458110.644
01/30/18	84.436	84.69	84.182	84.605	4254299.98
01/29/18	85.451	85.705	84.351	84.605	3787071.145
01/26/18	87.566	87.566	85.451	85.705	1523333.843
01/25/18	86.297	87.82	85.451	87.736	2696736.572
01/24/18	84.774	86.297	84.521	86.297	2665532.825
01/23/18	84.69	85.028	84.351	84.69	4119781.099
01/22/18	84.774	85.367	84.521	84.605	2934582.408
01/19/18	83.082	85.874	82.829	84.774	10464436.65
01/18/18	82.617	83.082	80.46	83.082	12051761.82
01/17/18	90.528	90.866	82.998	83.505	18486470.91
01/16/18	90.528	91.12	89.851	90.528	3064491.644
01/15/18	92.897	92.897	90.274	90.528	2260947.876
01/12/18	91.458	92.812	91.458	92.812	2937076.343
01/11/18	90.358	91.374	89.935	91.374	3089052.776
01/10/18	90.951	91.204	90.189	91.204	2325624.734
01/09/18	91.374	91.627	90.528	91.374	2852046.132
01/08/18	90.443	91.627	90.189	91.204	3181529.336
01/05/18	90.443	91.289	89.682	90.358	5304577.924
01/04/18	88.835	90.528	88.835	90.443	5588579.302
01/03/18	85.959	88.835	85.959	88.497	4448968.812
12/29/17	86.297	87.059	85.367	85.79	3210085.492
12/28/17	83.632	87.059	83.632	87.059	3947853.18
12/27/17	82.913	83.759	82.913	83.759	1143688.252
12/22/17	82.913	83.082	82.405	82.913	2246126.096
12/21/17	82.744	83.336	82.067	82.913	772103.6293
12/20/17	83.759	83.759	82.659	82.744	825563.6856
12/19/17	83.801	84.182	82.913	83.759	5371346.851
12/18/17	83.167	84.351	83.125	83.759	4445245.638
12/15/17	83.378	83.59	82.829	83.167	4077242.354
12/14/17	82.998	83.759	82.998	83.759	2391329.897
12/13/17	83.717	83.928	83.209	83.59	1967798.127
12/12/17	82.998	84.098	82.998	83.717	3113188.401
12/11/17	81.348	83.252	80.967	82.998	3538303.998
12/08/17	79.74	81.348	79.36	81.348	2473523.404
12/07/17	80.121	80.121	78.683	79.783	2313131.415
12/06/17	78.175	80.29	77.921	80.29	2318213.844
12/05/17	78.683	78.683	77.837	78.471	4890206.345
12/04/17	78.556	78.852	77.414	78.683	5884435.74
12/01/17	80.586	80.84	78.514	78.598	2411553.235
11/29/17	81.094	81.221	80.586	81.052	6177183.623
11/28/17	79.444	81.094	78.471	81.094	3709948.247
11/27/17	80.375	80.375	79.36	79.444	1531891.234
11/24/17	79.614	80.544	78.683	80.544	1883902.597
11/23/17	79.952	79.952	79.614	79.952	1465866.942
11/22/17	79.529	79.783	79.529	79.614	1429486.209
11/21/17	79.529	79.952	79.317	79.529	1816329.937
11/20/17	79.275	79.275	78.683	79.106	822206.9188
11/17/17	77.414	79.529	77.414	79.36	1133050.611
11/16/17	79.106	79.36	76.906	77.414	2301890.974
11/15/17	80.29	80.29	78.852	79.106	822715.1617
11/14/17	79.444	80.29	79.106	80.29	2307623.481
11/13/17	80.375	80.375	79.021	79.402	846697.1325
11/10/17	80.375	80.671	79.91	80.375	1565423.443
11/09/17	81.221	81.221	79.74	80.46	2818573.022
11/08/17	79.614	81.644	79.614	81.644	7539829.987
11/07/17	77.118	79.529	77.075	79.529	4812622.483
11/06/17	76.568	77.245	76.145	77.033	4075528.512
11/03/17	75.975	76.906	75.975	76.145	2079245.147
11/02/17	73.48	76.145	73.48	75.891	4438106.599
10/30/17	75.172	75.172	73.268	73.268	2239542.578
10/27/17	73.607	75.256	73.014	75.256	1938190.026
10/26/17	74.03	74.453	73.268	73.607	1489943.469
10/25/17	75.722	75.722	73.607	73.607	5042040.942
10/24/17	76.314	76.356	75.722	75.722	532402.1168
10/23/17	78.26	78.429	75.891	75.891	1655441.526
10/20/17	78.26	78.894	78.26	78.471	3021539.214
10/19/17	76.145	78.048	76.06	77.837	2997108.098
10/18/17	77.837	77.837	75.341	75.891	1809084.522
10/17/17	76.991	78.091	76.991	77.837	5289106.066
10/13/17	74.749	76.652	74.537	76.61	6635405.922
10/12/17	73.649	74.791	73.564	74.749	1246707.896
10/11/17	74.453	74.706	73.184	73.184	2146498.677
10/10/17	74.41	74.876	74.283	74.453	717863.4794
10/09/17	75.299	75.299	74.41	74.453	496375.9723
10/06/17	75.299	75.891	74.96	75.299	1914479.906
10/05/17	75.299	75.891	74.876	74.876	2723531.608
10/04/17	75.214	75.256	74.833	75.129	1255856.268
10/03/17	75.299	75.299	74.791	75.045	2540741.476
10/02/17	74.283	74.791	73.522	74.791	1717388.056
09/29/17	73.86	74.791	72.76	73.184	2086951.527
09/28/17	74.199	74.58	73.395	73.86	1428753.394
09/27/17	73.353	74.41	72.591	74.41	2406979.049
09/26/17	74.199	74.241	73.099	73.353	2250913.034
09/25/17	75.299	75.299	74.453	74.876	1786603.64
09/22/17	75.383	75.468	74.537	75.299	1433067.548
09/21/17	74.283	75.383	74.283	75.299	3447671.296
09/20/17	74.41	75.045	74.114	74.114	1223517.839
09/19/17	74.876	75.045	74.114	74.241	3079124.311
09/18/17	74.537	75.003	74.453	74.876	3189838.515
09/15/17	74.453	74.495	73.987	74.453	3580606.351
09/14/17	73.86	74.833	73.607	74.199	3795734.912
09/13/17	73.437	73.945	73.437	73.945	5138630.723
09/11/17	73.141	73.607	73.099	73.437	3024517.753
09/08/17	73.607	73.607	73.014	73.141	2102896.169
09/07/17	73.31	73.691	73.226	73.607	3269786.298
09/06/17	74.114	74.114	73.268	73.31	3987614.318
09/05/17	74.706	74.791	73.945	74.199	1282544.927
09/04/17	74.833	75.172	74.453	74.791	2859043.336
08/31/17	73.607	74.41	73.607	74.114	4386395.844
08/30/17	74.876	75.299	73.395	73.607	2412191.493
08/29/17	75.383	75.383	74.622	74.833	3592035.905
08/25/17	75.299	75.468	75.214	75.468	3955417.725
08/24/17	75.299	75.468	75.129	75.299	3656322.716
08/23/17	75.299	75.426	75.129	75.299	4900914.904
08/22/17	74.453	75.383	74.199	75.299	5061744.217
08/18/17	73.564	74.283	73.395	74.283	9101341.142
08/17/17	72.93	73.733	72.93	73.691	4611523.788
08/16/17	72.76	73.057	72.337	72.93	2847235.555
08/15/17	72.676	72.93	72.676	72.76	809394.4711
08/14/17	72.591	72.634	72.464	72.634	1922044.45
08/11/17	72.76	73.268	72.211	72.337	1080867.072
08/10/17	72.887	73.268	72.76	73.268	1803801.16
08/09/17	73.353	73.607	72.718	72.887	2330104.363
08/08/17	73.607	74.58	73.184	73.184	3268545.24
08/07/17	72.803	73.607	72.76	73.607	1485274.727
08/04/17	72.422	73.522	72.422	72.803	1088230.683
08/03/17	73.564	73.564	72.253	72.337	2676276.843
08/02/17	73.48	73.649	72.972	73.184	3915242.9
08/01/17	73.607	73.649	73.268	73.48	2456054.033
07/31/17	72.887	73.903	72.887	73.607	2255274.467
07/28/17	73.564	73.564	72.887	72.887	1719267.372
07/27/17	72.76	74.03	72.507	73.099	4414455.577
07/26/17	72.76	72.972	72.422	72.422	9413544.088
07/25/17	74.453	74.453	72.168	72.211	8597826.13
07/24/17	73.649	74.706	73.564	74.453	9070243.771
07/21/17	73.733	74.453	73.099	73.522	19358473.81
07/20/17	77.752	78.683	77.16	77.414	4602942.757
07/19/17	78.641	79.106	76.568	77.583	9339730.679
07/18/17	77.837	78.725	77.752	78.641	2416304.714
07/17/17	77.837	78.218	77.414	77.752	5719788.695
07/14/17	79.783	80.037	77.752	77.837	5127461.2
07/13/17	80.206	80.206	79.614	79.783	3984883.991
07/12/17	80.46	80.967	79.656	80.502	6584782.57
07/11/17	79.656	80.798	79.656	80.333	8166174.294
07/10/17	78.598	80.121	78.598	79.656	9058471.448
07/07/17	75.722	78.641	75.595	78.471	8692394.76
07/06/17	74.326	75.806	74.199	75.722	4582329.373
07/05/17	73.818	74.326	73.607	74.326	4481271.782
07/04/17	74.199	74.326	72.76	73.776	834983.9078
07/03/17	73.522	74.41	71.83	74.41	2983598.294
06/30/17	72.803	74.03	71.914	74.03	1911087.68
06/29/17	73.268	73.86	73.014	73.437	2445463.67
06/28/17	74.03	74.326	73.184	73.184	2211671.958
06/27/17	74.03	74.453	73.607	74.368	1655807.933
06/23/17	72.845	73.649	72.845	73.564	1875711.614
06/22/17	72.084	73.014	72.084	72.76	1483123.56
06/21/17	72.676	72.676	71.576	71.83	2656538.109
06/20/17	72.845	72.887	72.337	72.591	977410.1023
06/19/17	71.914	73.353	71.914	72.845	1270004.33
06/16/17	73.48	73.607	71.914	71.914	3167097.603
06/15/17	74.453	74.876	72.93	72.93	3000003.9
06/14/17	73.776	74.58	73.353	74.453	2211565.582
06/13/17	73.691	74.03	72.76	73.226	3053936.741
06/09/17	73.607	74.622	73.226	73.437	1204996.524
06/08/17	74.453	75.341	72.676	73.607	3203537.433
06/07/17	75.299	75.299	74.241	74.453	1491350.002
06/06/17	75.722	75.722	74.241	74.241	1592372.134
06/05/17	72.845	75.722	72.845	75.722	2730623.369
06/02/17	74.876	75.722	71.914	71.914	1591863.891
06/01/17	73.903	75.256	73.184	74.791	2198930.428
05/31/17	74.03	74.368	73.014	73.987	5197705.09
05/30/17	75.299	75.637	74.072	74.368	433791.1839
05/29/17	75.214	75.679	74.495	75.299	1419581.384
05/26/17	75.214	75.383	74.96	75.172	1672083.524
05/25/17	75.299	75.299	74.453	75.214	1267652.23
05/24/17	74.453	75.299	74.41	75.299	2531959.512
05/23/17	76.145	76.145	73.607	74.453	3277291.745
05/22/17	75.299	76.229	74.453	76.145	4954895.022
05/19/17	75.299	75.299	74.833	75.299	1277781.628
05/18/17	75.129	75.722	74.453	74.876	2298640.584
05/17/17	74.453	75.891	74.453	75.299	3979293.319
05/16/17	75.341	75.426	74.453	74.453	4293470.139
05/15/17	73.987	75.299	73.564	75.299	4018026.152
05/12/17	71.534	73.522	71.491	73.522	2083382.007
05/11/17	73.226	73.649	71.322	71.491	1968897.35
05/10/17	73.184	73.776	72.591	73.437	1345366.108
05/09/17	74.072	74.114	72.845	73.099	2477352.954
05/08/17	73.099	74.072	73.099	74.072	2524666.818
05/05/17	72.76	73.987	71.957	73.564	4124768.971
05/04/17	71.914	73.184	71.28	73.184	1069402.059
05/03/17	71.576	72.253	71.407	71.618	648021.4558
05/02/17	71.534	72.295	70.899	72.295	2800477.212
04/27/17	72.337	72.76	71.28	71.491	1244426.713
04/26/17	73.184	73.184	72.041	72.337	1024274.821
04/25/17	71.914	73.141	71.914	72.76	5044073.914
04/24/17	71.068	71.914	70.603	71.491	2151947.514
04/21/17	70.645	71.914	69.715	70.645	1616330.465
04/20/17	69.207	70.857	69.165	70.645	1961179.15
04/19/17	69.207	70.095	68.953	69.207	842217.5037
04/18/17	70.18	71.068	68.953	68.953	4349483.229
04/17/17	71.534	72.168	70.18	70.18	3943775.418
04/12/17	72.718	72.76	71.111	71.491	2408929.283
04/11/17	73.522	73.776	72.591	73.184	5490618.447
04/10/17	73.607	74.156	73.226	73.86	4606524.096
04/07/17	73.564	73.945	73.268	73.86	6450748.293
04/06/17	71.914	73.607	71.576	73.607	6613338.727
04/05/17	69.799	71.914	69.799	71.914	6224792.976
04/04/17	68.996	69.757	68.784	69.757	3330621.785
04/03/17	67.853	68.953	67.853	68.953	4298422.552
03/31/17	67.684	67.811	67.515	67.684	6125177.377
03/30/17	66.077	67.515	66.077	67.515	3508565.881
03/29/17	65.484	66.288	65.442	66.077	2205821.256
03/28/17	64.3	65.484	64.173	65.484	3294016.48
03/27/17	65.188	65.231	63.073	63.496	20817095.33
03/24/17	66.5	66.5	65.273	65.527	2035181.673
03/23/17	66.034	66.584	65.569	66.077	2308663.606
03/22/17	67.134	67.134	65.4	66.034	5167990.613
03/21/17	67.261	68.403	67.134	67.261	3373255.087
03/20/17	67.684	67.896	67.007	67.684	9684910.312
03/17/17	66.542	67.684	66.542	67.684	3293945.563
03/16/17	65.992	66.796	65.992	66.542	1452593.53
03/15/17	67.177	67.177	65.358	65.95	2298746.961
03/14/17	66.33	67.219	66.161	66.923	3056927.1
03/13/17	65.992	66.373	65.4	65.907	3176825.134
03/10/17	67.684	67.811	65.188	65.188	1889292.336
03/09/17	67.853	68.107	67.642	67.684	607078.3573
03/08/17	68.53	68.53	67.853	67.853	2452118.106
03/07/17	68.699	68.699	68.15	68.53	5026167.218
03/06/17	68.53	68.869	68.361	68.699	6621872.479
03/03/17	67.684	69.165	67.684	68.953	1977986.623
03/02/17	68.488	69.122	68.15	68.615	3376009.054
03/01/17	68.53	68.53	67.177	67.557	1676988.659
02/28/17	68.53	68.657	67.05	68.53	2526699.789
02/27/17	67.98	68.953	67.98	68.488	1339444.487
02/24/17	68.869	68.911	67.684	67.938	1819249.379
02/23/17	67.557	68.784	67.557	68.784	2392133.63
02/22/17	66.838	67.684	66.796	67.557	1370057.254
02/21/17	67.261	67.261	66.33	66.923	1182610.199
02/20/17	66.923	67.684	66.838	67.303	567648.1676
02/17/17	68.446	68.446	66.627	66.838	1722813.253
02/16/17	66.288	68.446	66.288	68.446	3104099.128
02/15/17	67.261	67.684	65.992	66.288	1819828.539
02/14/17	67.177	67.557	67.007	67.261	2369369.078
02/13/17	65.738	67.261	65.569	67.134	4168938.821
02/10/17	65.569	65.907	65.146	65.4	11719973.79
02/09/17	65.188	65.358	64.723	65.146	6367691.955
02/08/17	67.092	67.092	64.469	65.4	8922782.426
02/07/17	68.53	68.53	66.923	67.177	4866200.735
02/06/17	69.207	69.376	67.684	68.53	1724030.671
02/03/17	68.615	69.207	68.488	68.953	1367634.236
02/02/17	70.095	70.138	68.361	68.615	1906655.33
02/01/17	68.953	70.222	68.361	70.222	3940595.945
01/31/17	68.996	68.996	68.192	68.953	4136328.541
01/30/17	67.684	69.292	67.642	68.953	4997540.144
01/27/17	65.95	67.219	65.907	67.05	3242908.525
01/26/17	66.161	66.288	65.738	65.738	2597298.267
01/25/17	66.415	66.627	65.654	65.865	1891278.029
01/24/17	65.992	66.754	65.823	66.415	5087203.638
01/23/17	64.723	66.288	64.723	65.992	5497190.146
01/20/17	65.484	65.992	64.638	64.638	3601857.994
01/19/17	65.231	66.161	65.061	65.146	2812840.515
01/18/17	63.496	64.723	63.496	64.723	2073559.918
01/17/17	66.373	66.373	63.454	63.454	3824042.857
01/16/17	66.077	66.288	65.696	65.907	1720484.791
01/13/17	66.246	66.415	65.992	65.992	3638356.922
01/12/17	67.261	67.261	65.992	66.246	3737499.737
01/11/17	67.938	68.488	65.95	67.261	2949321.45
01/10/17	65.992	68.446	65.992	67.811	4527521.882
01/09/17	65.146	65.992	65.104	65.781	3953963.914
01/06/17	64.554	66.288	64.554	64.723	5704789.621
01/05/17	62.608	64.935	62.312	64.3	4859959.986
01/04/17	61.593	62.608	61.508	62.608	3070188.692
01/03/17	61.423	61.593	59.774	61.593	892935.4125
12/29/16	61.593	61.889	61.423	61.423	1826506.614
12/28/16	61.085	61.339	61	61.296	958569.658
12/27/16	60.577	61.085	60.535	60.916	1784428.834
12/23/16	59.816	60.873	59.816	60.535	1199122.182
12/22/16	60.916	60.916	58.716	59.731	4449382.498
12/21/16	60.493	61.339	59.858	61.17	1810136.466
12/20/16	59.647	60.07	58.378	60.07	4420790.883
12/19/16	62.608	62.608	59.266	59.266	5760412.664
12/16/16	62.608	62.904	62.185	62.185	2105295.548
12/15/16	62.608	63.454	61.762	62.566	2893131.066
12/14/16	62.608	63.2	62.1	62.862	2080155.256
12/13/16	62.608	62.904	61.55	62.608	3359887.118
12/12/16	65.061	65.061	63.031	63.031	1577361.24
12/09/16	63.454	64.638	63.454	64.638	6195539.463
12/08/16	63.454	64.131	62.396	62.946	5194501.978
12/07/16	63.454	63.454	63.031	63.412	1949985.988
12/06/16	63.454	63.877	62.439	63.031	2034389.76
12/05/16	64.385	64.385	62.946	63.454	2368198.937
12/02/16	64.469	64.596	63.623	64.3	4154849.856
12/01/16	63.792	64.892	63.454	64.638	4263117.403
11/29/16	62.608	63.665	62.439	63.454	9727590.892
11/28/16	63.454	63.454	61.381	62.608	6692589.153
11/25/16	62.608	63.454	62.608	63.242	3150609.259
11/24/16	60.493	62.185	60.493	61.762	7095850.307
11/23/16	62.735	62.735	59.647	59.816	9233909.789
11/22/16	64.3	64.554	62.608	62.608	7935739.349
11/21/16	65.146	65.358	64.3	64.554	3781409.556
11/18/16	65.484	65.696	65.104	65.146	3537145.677
11/17/16	64.765	66.034	64.765	65.611	4710690.242
11/16/16	64.638	65.569	64.215	64.723	4650729.405
11/15/16	63.623	64.723	63.581	63.962	3139073.328
11/14/16	65.273	65.273	63.454	63.454	4263341.975
11/11/16	68.107	68.15	64.977	65.358	7532501.834
11/10/16	67.219	68.53	67.05	68.53	4802185.775
11/09/16	68.53	68.953	63.877	65.781	8621630.807
11/08/16	66.5	68.107	66.5	68.107	4696282.148
11/07/16	67.473	67.473	65.569	66.119	4047208.748
11/04/16	65.992	67.177	65.992	67.092	7621479.792
11/03/16	65.315	65.907	65.231	65.527	6301017.584
11/02/16	68.276	68.276	65.146	65.315	10566782.58
10/28/16	72.084	72.084	67.684	68.784	10081587.95
10/27/16	73.607	73.607	72.084	72.084	3061477.646
10/26/16	73.522	74.03	73.099	73.776	4893752.225
10/25/16	71.83	73.776	71.83	73.691	7336651.042
10/24/16	71.365	72.591	71.365	72.041	3395806.886
10/21/16	73.437	73.607	72.76	73.564	3636016.641
10/20/16	72.76	73.733	72.76	73.564	3208087.98
10/19/16	71.914	72.76	70.222	72.76	7773917.189
10/18/16	70.095	71.914	69.969	71.914	4978616.962
10/17/16	70.434	70.434	69.63	70.095	4014184.782
10/14/16	70.053	70.857	70.053	70.434	3799895.412
10/13/16	71.153	71.195	69.545	70.053	5269473.709
10/12/16	71.534	71.745	71.153	71.661	1486834.914
10/11/16	71.111	71.534	71.068	71.534	1752350.436
10/10/16	71.068	71.449	70.984	71.068	2185396.985
10/07/16	71.534	71.576	70.984	71.068	9821521.263
10/06/16	71.914	71.914	70.899	71.068	5132602.727
10/05/16	73.522	73.522	71.788	71.914	3577710.549
10/04/16	73.057	73.395	73.057	73.226	3159603.975
10/03/16	72.76	73.31	72.295	73.014	2445747.341
09/30/16	72.507	72.887	72.168	72.168	9558889.724
09/29/16	72.253	73.184	71.872	73.184	4274416.942
09/28/16	72.126	72.253	71.914	72.168	5182906.949
09/27/16	72.211	72.253	71.914	72.084	3938468.417
09/26/16	72.041	72.337	71.914	72.126	3113212.041
09/23/16	72.93	73.437	71.914	72.041	4706163.335
09/22/16	73.184	73.649	72.76	73.353	5219157.666
09/21/16	72.591	73.099	71.914	72.591	5798968.204
09/20/16	71.957	73.141	71.957	72.591	2011518.832
09/19/16	72.76	72.76	71.661	71.914	4568074.934
09/16/16	74.453	74.453	72.337	72.887	4845741.005
09/15/16	73.353	74.368	72.845	74.368	4413805.499
09/14/16	71.914	73.522	71.745	73.522	4691814.339
09/13/16	71.449	72.253	71.068	72.253	2887055.791
09/09/16	72.422	72.422	71.407	71.491	3274703.252
09/08/16	70.815	73.353	70.392	72.422	3614185.838
09/07/16	72.464	72.464	70.645	70.815	9197765.449
09/06/16	73.437	73.437	71.83	72.676	4191088.753
09/05/16	73.776	73.818	72.803	73.437	1276469.652
09/02/16	73.945	74.241	73.564	73.86	5126432.895
09/01/16	72.337	73.945	72.337	73.945	4215224.379
08/31/16	73.607	73.607	70.645	70.645	4876802.917
08/30/16	74.283	74.283	71.999	73.607	5789843.471
08/26/16	74.03	74.453	73.903	74.283	4635836.707
08/25/16	75.468	75.468	74.199	74.241	2946981.169
08/24/16	75.722	75.891	75.256	75.51	4672111.064
08/23/16	75.891	76.102	75.299	75.299	2395490.396
08/22/16	76.145	76.145	75.764	75.891	1891892.648
08/19/16	76.145	76.145	75.51	75.975	3110434.434
08/18/16	76.145	76.145	75.975	75.975	2667814.008
08/17/16	76.06	76.145	76.06	76.102	4610282.73
08/16/16	75.299	76.568	75.299	76.06	17033345.5
08/15/16	76.568	76.61	74.876	75.256	18040304.6
08/12/16	78.852	78.894	77.414	77.414	3473757.156
08/11/16	79.106	79.36	78.598	78.852	1360388.821
08/10/16	79.275	79.317	78.767	78.979	1693181.512
08/09/16	79.529	80.375	79.36	79.36	2359346.056
08/08/16	77.583	79.529	77.583	79.487	2786482.804
08/05/16	78.683	78.683	76.906	77.118	5317863.156
08/04/16	81.221	81.221	78.26	78.683	4303327.686
08/03/16	81.898	81.898	80.967	81.221	3053345.761
08/02/16	80.671	81.644	80.629	81.644	3475861.045
08/01/16	80.375	80.713	80.29	80.586	2896866.06
07/29/16	80.713	80.713	80.333	80.333	1895095.76
07/28/16	81.221	81.348	79.952	80.713	2380373.127
07/27/16	80.883	81.221	80.375	81.221	1653349.456
07/26/16	80.375	81.01	80.375	80.798	2725848.25
07/25/16	80.544	82.067	80.206	80.375	1885261.852
07/22/16	82.025	82.49	79.529	79.529	2585596.862
07/21/16	79.867	82.067	79.614	81.982	4919637.152
07/20/16	79.825	79.994	79.106	79.867	1413848.877
07/19/16	79.064	79.952	79.064	79.825	2823868.203
07/18/16	80.248	80.248	78.81	79.106	1993683.053
07/15/16	79.529	80.375	79.317	80.375	4464854.356
07/14/16	79.36	79.571	78.683	79.529	3548315.2
07/13/16	79.36	79.656	79.106	79.402	6267981.799
07/12/16	76.864	79.529	76.864	79.36	8653236.421
07/11/16	76.145	76.991	75.806	76.864	3671085.398
07/08/16	75.299	76.906	75.299	76.906	4039809.677
07/07/16	75.129	75.468	75.087	75.299	3667752.271
07/05/16	75.299	76.145	74.453	75.129	3072777.185
07/04/16	75.468	75.51	73.522	75.299	2870141.942
07/01/16	76.948	76.991	75.299	75.299	1685321.477
06/30/16	76.145	76.991	72.591	76.441	6228669.805
06/29/16	74.114	76.145	74.03	76.145	2540812.393
06/28/16	73.184	74.03	73.184	74.03	3680363.785
06/27/16	73.607	74.03	72.337	73.184	2325719.291
06/24/16	75.214	76.145	71.914	73.818	6025136.273
06/23/16	74.876	75.341	74.876	75.172	3646287.875
06/22/16	75.299	75.468	74.368	74.876	7669301.899
06/21/16	74.876	75.722	74.876	75.299	10158923.6
06/20/16	73.649	74.96	73.649	74.453	6837379.268
06/17/16	73.522	73.86	72.972	73.649	3459301.784
06/16/16	72.295	73.945	71.703	72.887	1535614.409
06/15/16	72.591	72.591	71.238	72.295	2631811.503
06/14/16	73.184	73.184	71.153	71.449	5276388.175
06/13/16	72.337	74.03	70.899	74.03	5713914.353
06/10/16	72.591	72.76	71.914	72.337	2671454.445
06/09/16	73.86	74.114	71.957	71.957	2443312.503
06/08/16	73.86	74.453	73.86	73.86	3269431.71
06/07/16	74.114	74.453	73.522	74.368	6119503.969
06/06/16	72.803	73.945	72.803	73.649	3303720.373
06/03/16	72.76	73.184	71.999	72.76	2543093.576
06/02/16	73.776	73.776	72.76	72.76	2898154.397
06/01/16	73.607	73.776	72.803	73.607	2644848.523
05/31/16	72.76	75.256	71.238	73.691	27222776.67
05/30/16	71.914	72.76	71.576	72.76	3448226.817
05/27/16	72.76	72.76	71.238	71.914	2589142.743
05/26/16	73.437	73.437	71.491	71.999	2598149.279
05/25/16	72.76	73.437	72.76	73.184	2502895.113
05/24/16	71.914	72.93	71.83	72.126	2692528.794
05/23/16	71.068	72.76	70.899	70.899	3691556.947
05/20/16	72.337	72.337	70.645	71.407	2024709.507
05/19/16	74.749	75.003	71.703	72.337	3672030.966
05/18/16	74.791	74.918	73.057	74.706	4560652.224
05/17/16	73.691	75.383	73.691	74.96	7499076.002
05/16/16	72.76	74.114	72.76	73.607	5464828.077
05/13/16	72.76	73.776	72.084	73.607	13140193.43
05/12/16	70.392	70.392	68.953	69.969	3950370.755
05/11/16	67.853	70.645	67.853	70.222	6779345.026
05/10/16	66.965	67.177	66.5	67.007	5504234.628
05/06/16	66.669	67.261	65.992	65.992	2600725.952
05/05/16	66.796	66.923	66.457	66.669	2423219.181
05/04/16	66.373	66.838	66.33	66.838	2907598.258
05/03/16	66.077	67.261	66.077	66.415	1614403.87
05/02/16	68.53	68.53	65.992	66.415	2457685.138
04/29/16	69.969	69.969	68.657	68.742	1964382.262
04/28/16	69.672	70.222	69.588	70.011	3195795.594
04/27/16	70.053	70.053	69.249	69.672	1583519.252
04/26/16	70.053	70.222	69.799	70.222	785625.2531
04/25/16	71.068	71.449	70.011	70.222	1427335.042
04/22/16	70.222	71.449	69.376	71.449	2010490.526
04/21/16	69.292	70.222	69.207	70.222	3598985.831
04/20/16	70.222	70.222	69.165	69.249	2350398.618
04/19/16	71.153	71.238	70.222	70.222	2249010.079
04/18/16	72.126	72.126	70.222	71.068	1665890.053
04/15/16	71.534	71.745	70.392	71.068	4616700.773
04/14/16	71.788	72.168	71.745	71.83	3139404.277
04/13/16	72.718	72.845	71.407	71.788	2215206.019
04/12/16	71.491	72.718	70.815	72.718	2449340.5
04/11/16	71.914	71.914	70.688	71.534	5258682.413
04/08/16	72.337	72.337	71.745	71.914	2351356.006
04/07/16	71.661	72.803	71.661	72.549	2184758.727
04/06/16	70.349	71.491	70.138	71.491	1485428.382
04/05/16	70.603	70.603	70.138	70.222	1528546.287
04/04/16	69.969	71.322	69.969	70.645	2097553.709
04/01/16	69.757	70.138	69.503	69.884	3888920.648
03/31/16	70.688	70.73	69.419	69.757	3387344.051
03/30/16	71.491	71.788	70.476	70.815	5081991.194
03/29/16	72.718	72.718	71.068	71.491	1212135.563
03/28/16	73.141	73.184	72.591	72.76	3475896.504
03/23/16	73.649	73.649	72.76	73.141	1998032.667
03/22/16	73.903	73.903	72.887	73.776	2743246.703
03/21/16	73.945	74.114	73.564	73.903	2482719.053
03/18/16	72.337	74.03	72.295	74.03	4318941.379
03/17/16	71.576	72.676	71.322	72.676	3257907.599
03/16/16	70.645	71.491	70.434	71.365	3257446.634
03/15/16	70.984	70.984	70.222	70.645	3342736.876
03/14/16	71.195	71.661	70.222	70.984	6130271.625
03/11/16	68.953	71.153	68.699	71.153	5131763.535
03/10/16	67.684	69.207	67.346	68.953	6555682.712
03/09/16	65.569	68.192	65.569	67.684	4271284.747
03/08/16	65.781	65.907	65.315	65.569	2331794.566
03/07/16	65.231	65.95	65.231	65.823	1533215.03
03/04/16	65.569	65.781	65.104	65.188	6576154.261
03/03/16	65.019	65.484	65.019	65.146	3451784.517
03/02/16	64.3	65.907	64.3	65.4	3133671.77
03/01/16	63.962	64.638	63.877	64.215	1329043.238
02/29/16	63.792	64.638	63.792	63.962	1547422.19
02/26/16	63.242	63.708	63.115	63.708	4869900.27
02/24/16	64.385	64.511	63.369	63.708	4932851.466
02/23/16	64.892	65.146	63.877	64.638	1714905.939
02/22/16	66.669	66.669	64.681	64.681	1366097.688
02/19/16	67.177	67.177	66.33	66.88	3180891.077
02/18/16	64.3	67.261	64.3	67.261	3332902.968
02/17/16	64.004	64.3	63.496	64.3	2054069.396
02/16/16	63.327	64.342	63.115	63.454	2869941.009
02/15/16	62.566	63.285	62.269	63.031	4151682.203
02/12/16	62.312	63.031	61.296	62.523	1295298.277
02/11/16	62.143	62.354	61.72	62.312	1099861.171
02/10/16	62.396	62.396	61.762	62.396	430907.2012
02/09/16	63.285	63.285	61.381	61.593	895039.3015
02/05/16	60.958	63.792	60.958	63.708	2959769.978
02/04/16	60.535	61.339	60.535	60.916	5460643.939
02/03/16	61.339	61.339	59.689	60.154	4529885.802
02/02/16	62.608	62.608	61.762	61.762	3600995.163
02/01/16	62.439	62.692	61.508	62.566	3597744.773
01/29/16	62.439	62.608	60.07	60.07	3027058.967
01/28/16	61.296	61.762	61.043	61.72	2293912.744
01/27/16	60.027	61.296	60.027	61.296	2812462.288
01/26/16	60.027	60.324	59.224	59.604	4656497.37
01/25/16	58.801	60.408	58.378	60.324	5717495.692
01/22/16	57.701	58.378	57.362	57.785	6032062.559
01/21/16	58.758	58.758	56.939	57.616	10828338.53
01/20/16	59.224	60.408	58.843	59.139	2601931.551
01/19/16	59.139	59.224	58.843	59.139	2027841.701
01/18/16	60.07	60.07	58.758	59.139	2373541.397
01/15/16	60.197	61.677	60.197	60.662	6689173.288
01/14/16	60.916	60.916	59.224	59.9	1821518.742
01/13/16	60.07	62.566	60.07	61.085	2564451.596
01/12/16	58.631	60.324	58.631	59.181	3672527.389
01/11/16	62.777	62.777	58.378	58.378	4708373.6
01/08/16	64.638	64.638	62.946	62.946	3886627.646
01/07/16	65.823	65.823	64.723	64.723	905594.2054
01/06/16	65.992	66.5	65.569	65.696	2929003.556
01/05/16	66.838	66.88	65.4	65.738	4518881.754
01/04/16	68.276	68.53	67.261	67.261	1777821.677
12/29/15	68.53	69.376	67.896	68.107	1796981.25
12/28/15	67.726	69.334	67.726	69.122	1317790.978
12/23/15	67.261	68.065	67.261	67.261	1454874.713
12/22/15	67.938	68.023	66.838	66.838	784230.5402
12/21/15	68.065	68.065	67.684	67.896	722709.5159
12/18/15	68.361	68.361	66.965	67.261	876447.0688
12/17/15	67.177	68.488	67.177	68.488	3614954.112
12/16/15	64.935	67.346	64.935	67.177	2680697.374
12/15/15	65.146	65.569	64.723	64.765	1006332.666
12/14/15	65.315	65.992	64.596	65.146	2503391.536
12/11/15	66.838	67.6	65.315	65.315	1946262.813
12/10/15	68.234	68.234	66.838	66.838	2719501.124
12/09/15	67.05	68.403	66.838	68.107	1157659.021
12/08/15	67.853	67.853	66.5	66.838	2044968.303
12/07/15	69.376	69.757	67.853	67.853	417740.1655
12/04/15	69.292	69.799	68.065	69.799	1613103.714
12/03/15	68.023	69.545	68.023	68.53	1903428.579
12/02/15	69.376	69.926	68.573	68.615	721941.2418
12/01/15	68.107	69.969	68.023	69.376	1109068.64
11/27/15	68.573	68.573	68.107	68.107	8290362.844
11/26/15	69.207	69.207	68.361	68.573	787563.6677
11/25/15	69.165	69.165	68.361	68.53	2103227.117
11/24/15	68.53	68.53	68.107	68.107	2685850.72
11/23/15	68.615	68.742	68.15	68.53	3707998.013
11/20/15	69.292	69.292	68.107	68.615	2233869.17
11/17/15	67.726	68.953	67.684	68.573	2652070.299
11/16/15	67.261	67.557	66.373	66.88	3227377.569
11/13/15	69.292	69.292	67.642	67.726	3820366.961
11/12/15	71.491	71.914	68.276	68.276	1832948.297
11/11/15	71.491	71.872	71.365	71.491	1978163.917
11/10/15	72.76	72.76	71.111	71.914	285963.4316
11/09/15	73.184	73.184	71.407	72.76	697581.0437
11/06/15	71.491	73.184	71.491	73.184	1134445.324
11/05/15	71.576	71.914	70.899	71.238	1929242.588
11/04/15	72.126	72.76	71.026	71.491	1074283.554
11/03/15	72.507	72.549	71.914	71.914	1985610.266
11/02/15	72.591	72.591	71.491	72.126	2976293.78
10/30/15	73.099	73.099	71.788	71.957	1577443.977
10/29/15	73.607	73.607	71.068	72.253	2390928.03
10/28/15	73.945	74.241	73.522	73.607	3163634.459
10/27/15	72.93	74.03	72.93	73.945	4347875.763
10/26/15	71.068	73.607	71.068	72.93	3871285.803
10/23/15	69.799	70.984	69.799	70.434	1212206.48
10/22/15	69.799	69.799	69.207	69.461	2730375.157
10/21/15	70.011	70.18	69.715	69.799	2407629.127
10/20/15	70.222	70.392	69.799	70.011	1670405.141
10/19/15	71.068	71.872	70.349	70.518	1456907.684
10/16/15	71.407	72.168	70.73	71.068	3322206.229
10/15/15	68.953	71.449	68.953	71.407	1932823.927
10/14/15	71.491	71.491	68.657	68.657	2390951.67
10/13/15	72.591	72.591	70.392	70.984	3344769.848
10/12/15	70.984	72.337	70.857	72.337	2564026.09
10/09/15	71.914	71.914	70.392	70.941	4792682.816
10/08/15	71.111	71.491	70.688	71.068	2722597.86
10/07/15	70.561	72.507	70.392	71.068	2707787.9
10/06/15	72.76	72.76	70.899	70.899	2562075.856
10/05/15	68.53	71.914	68.276	71.914	3007107.481
10/02/15	69.799	70.138	68.107	68.53	1547268.535
10/01/15	69.122	70.18	69.122	69.63	3940477.749
09/30/15	69.292	70.645	68.699	69.038	5511290.93
09/29/15	68.023	68.953	67.346	68.953	1436093.366
09/28/15	68.953	69.292	67.896	67.896	1036141.701
09/24/15	67.726	68.953	67.726	68.953	850219.3737
09/23/15	70.73	70.73	67.726	67.726	3009825.989
09/22/15	71.068	71.491	70.645	70.73	12011551.53
09/21/15	71.914	71.914	71.068	71.745	311292.837
09/18/15	71.491	72.887	71.491	71.703	2867198.861
09/17/15	71.788	72.591	71.153	71.491	1528711.761
09/16/15	72.76	72.845	71.745	71.788	2491087.331
09/15/15	70.18	72.76	70.138	72.76	2431008.298
09/14/15	68.53	70.222	68.53	69.799	1332494.562
09/11/15	68.488	68.615	68.15	68.53	2032049.479
09/10/15	69.207	69.207	68.276	68.488	5215729.982
09/09/15	67.769	69.376	67.684	69.249	16048760.9
09/08/15	69.292	69.292	67.007	67.642	2074694.6
09/07/15	70.307	70.307	69.122	69.292	1120840.963
09/04/15	70.561	70.73	70.392	70.518	3598595.784
09/03/15	70.518	71.026	70.434	70.561	1606224.706
09/02/15	69.884	70.518	68.953	70.518	3039646.843
09/01/15	70.645	71.111	70.138	70.984	5158404.916
08/28/15	70.73	71.618	70.18	70.857	5821035.399
08/27/15	69.799	71.28	69.799	70.688	4339602.042
08/26/15	68.953	69.842	67.726	69.799	4846946.605
08/25/15	66.838	70.222	65.188	69.799	2699596.916
08/24/15	69.799	69.799	63.454	68.361	6385705.027
08/20/15	71.238	71.322	70.645	70.645	2236162.172
08/19/15	70.222	71.914	70.222	71.83	735569.242
08/18/15	71.407	71.83	69.63	69.63	1523298.384
08/17/15	72.76	73.522	70.561	71.407	3759011.411
08/14/15	73.607	73.903	71.914	71.914	2530375.685
08/13/15	74.114	74.199	72.93	73.607	3324440.134
08/12/15	73.607	74.453	73.607	74.114	2118923.548
08/11/15	73.691	74.199	73.607	73.607	2011424.275
08/10/15	74.453	74.664	73.691	73.691	4652750.557
08/07/15	74.453	74.537	74.368	74.453	2773398.506
08/06/15	74.622	76.06	74.453	74.453	3719510.304
08/05/15	74.876	75.51	74.537	74.537	8366398.339
08/04/15	74.453	75.129	74.41	74.876	8820471.958
08/03/15	74.664	75.299	74.326	74.495	3362215.579
07/31/15	75.299	75.468	74.453	74.749	8349094.443
07/30/15	75.722	76.145	75.256	75.299	3793595.565
07/29/15	74.833	76.06	74.833	75.129	12201988.95
07/28/15	75.933	75.933	74.114	74.876	4089463.822
07/27/15	76.399	76.441	76.06	76.06	3301911.974
07/24/15	77.075	77.075	75.975	76.441	683905.7651
07/23/15	77.202	77.371	76.652	77.329	1021213.544
07/22/15	76.737	77.921	76.568	77.414	2913177.11
07/21/15	76.568	77.414	76.145	77.414	1646056.762
07/20/15	77.414	77.414	76.145	76.568	2541202.44
07/16/15	77.16	77.414	76.652	77.414	3794505.674
07/15/15	76.652	77.414	76.399	77.16	2845474.434
07/14/15	76.568	77.245	76.229	77.033	3810639.43
07/13/15	76.06	77.541	74.749	76.991	1556925.15
07/10/15	75.383	76.145	74.622	76.145	2429802.699
07/09/15	75.299	76.441	74.03	76.145	4177295.279
07/08/15	79.106	79.106	74.876	75.722	3863449.408
07/07/15	78.937	79.106	78.725	79.106	2945952.864
07/06/15	79.106	79.148	78.683	78.852	8305941.079
07/03/15	79.021	79.867	78.767	79.106	3067848.411
07/02/15	79.106	79.36	78.26	78.725	3802625.74
07/01/15	78.683	79.106	78.514	79.106	2743317.621
06/30/15	77.837	79.529	77.414	79.529	3435863.514
06/29/15	78.683	78.683	77.837	78.218	2292541.67
06/26/15	78.429	79.106	78.429	78.894	3337749.005
06/25/15	78.556	78.81	76.737	78.429	4616901.706
06/24/15	76.991	78.683	76.991	78.641	5531904.314
06/23/15	76.822	77.414	76.822	76.991	5022644.977
06/22/15	76.568	76.991	76.102	76.822	1817346.423
06/19/15	76.229	76.948	75.891	76.314	1610869.809
06/18/15	76.102	76.314	76.018	76.187	2234791.098
06/17/15	75.299	76.145	75.299	75.764	5103668.343
06/16/15	75.087	76.314	74.368	76.145	3776693.535
06/15/15	75.129	75.129	73.099	74.072	2803077.525
06/11/15	74.664	75.468	74.453	75.129	21193537.81
06/10/15	72.845	74.453	72.76	74.453	9364268.171
06/09/15	75.172	75.806	72.337	72.76	8209800.442
06/08/15	76.145	76.145	75.087	75.806	5822548.308
06/05/15	75.849	76.568	75.722	76.314	1510166.807
06/04/15	76.018	76.102	75.299	75.891	4667690.533
06/03/15	76.864	76.864	75.722	76.018	3851074.285
06/02/15	76.991	77.287	76.822	76.864	2325778.389
06/01/15	76.145	77.329	75.722	76.991	3143883.906
05/29/15	74.876	76.441	74.876	75.722	8757343.468
05/28/15	76.145	76.568	75.299	76.145	7008917.14
05/27/15	77.245	77.583	75.426	76.145	11573670.77
05/26/15	77.837	78.683	77.245	78.641	5482652.036
05/25/15	79.233	79.233	78.344	78.683	4204208.511
05/22/15	79.487	79.487	78.514	79.19	3384460.069
05/21/15	79.529	79.529	78.683	79.106	2871288.443
05/20/15	78.429	78.852	78.218	78.387	7656997.694
05/19/15	79.529	79.529	78.725	79.021	1760163.192
05/18/15	78.683	79.529	78.514	79.529	3052234.718
05/15/15	79.698	79.698	78.894	79.317	3836264.325
05/14/15	78.133	79.698	78.091	79.698	2865035.874
05/13/15	79.106	79.317	77.668	77.837	5497024.671
05/12/15	78.767	79.529	78.767	79.021	2830286.247
05/11/15	78.683	80.037	78.683	79.952	2443241.585
05/08/15	79.148	79.19	78.26	78.683	3260496.091
05/07/15	78.767	79.529	78.767	79.148	3427684.35
05/06/15	79.74	79.867	78.937	79.867	5833776.929
05/05/15	78.852	79.74	78.683	79.233	4899827.5
05/04/15	78.683	78.894	77.837	78.598	9292393.176
04/30/15	78.26	79.19	76.737	78.683	12717051.71
04/29/15	79.487	79.952	77.837	78.683	10571510.42
04/28/15	82.025	82.067	79.571	80.163	9614489.128
04/27/15	82.913	82.913	81.01	81.475	4788534.135
04/24/15	82.829	82.829	81.644	82.236	6824484.083
04/23/15	83.336	83.336	81.94	82.067	5242773.23
04/22/15	81.856	83.759	81.433	83.759	2574699.19
04/21/15	82.236	82.49	81.644	82.152	3669856.16
04/20/15	81.221	82.236	80.375	82.236	8760664.776
04/17/15	81.898	81.982	80.883	81.39	11509206.66
04/16/15	81.982	82.49	80.798	81.898	7488627.475
04/15/15	83.886	83.886	81.052	82.236	7438240.515
04/14/15	83.632	83.928	83.463	83.759	5340615.888
04/13/15	84.182	84.182	83.125	83.632	5479697.136
04/10/15	82.829	84.563	82.532	84.182	7190206.183
04/08/15	83.717	83.717	82.49	82.829	3612873.862
04/07/15	83.971	84.605	82.532	83.759	3684926.151
04/06/15	83.759	84.605	83.378	84.436	4447349.527
04/01/15	82.913	84.098	82.913	83.759	4707806.259
03/31/15	83.252	83.378	82.363	82.532	5983413.08
03/30/15	82.998	83.59	82.913	82.913	7546862.65
03/27/15	80.544	82.49	80.544	82.321	5171205.544
03/26/15	82.236	82.702	82.152	82.575	4991051.183
03/25/15	81.221	82.109	81.221	82.067	6424638.794
03/24/15	80.84	81.813	80.84	81.517	6636268.753
03/23/15	80.375	81.052	79.656	80.84	8158692.487
03/20/15	79.148	80.502	78.26	80.502	3324463.773
03/19/15	78.556	79.36	78.218	79.19	5305204.363
03/18/15	77.837	78.598	77.625	78.598	5670619.154
03/17/15	78.429	78.683	77.498	78.26	4003748.074
03/16/15	78.048	78.556	77.668	78.429	3713801.437
03/13/15	77.921	78.598	77.921	78.26	5717684.806
03/12/15	77.018	77.428	77.018	77.264	10805949.83
03/11/15	77.223	77.264	76.936	77.018	5689882.371
03/10/15	77.059	77.551	76.936	77.223	12753435.48
03/09/15	77.551	77.592	76.731	77.018	10473139.62
03/06/15	76.074	77.551	76.074	77.551	3263336.214
03/05/15	77.141	77.551	75.5	75.5	2062004.92
03/04/15	77.018	77.797	76.895	77.141	1572708.594
03/03/15	76.731	77.715	76.69	77.018	3975797.676
03/02/15	76.32	77.141	76.279	76.813	3337204.679
02/27/15	77.797	77.962	75.541	75.951	2964023.926
02/26/15	78.085	78.126	77.141	77.428	2596314.459
02/25/15	77.756	78.495	77.756	78.085	1235767.501
02/24/15	78.454	79.193	77.715	77.715	2073922.333
02/23/15	77.962	78.782	77.962	78.495	1911258.174
02/20/15	77.962	78.003	77.469	77.715	2818334.16
02/18/15	78.085	78.7	77.633	78.044	925975.6872
02/17/15	78.7	78.7	78.003	78.085	2078394.409
02/16/15	77.059	79.193	77.059	78.7	3734342.113
02/13/15	76.649	77.1	75.294	77.059	3621614.108
02/12/15	75.5	75.5	74.925	75.253	4901225.016
02/11/15	77.141	77.223	75.5	75.5	3609404.243
02/10/15	77.592	77.633	76.731	77.141	1525233.91
02/09/15	77.756	78.864	77.551	77.592	1702130.726
02/06/15	78.208	78.208	77.305	77.756	2305129.895
02/05/15	77.756	78.29	77.428	77.715	2776562.286
02/04/15	76.402	79.028	76.32	77.715	5511730.45
02/03/15	76.731	77.018	76.402	76.566	4284407.496
02/02/15	78.208	78.29	76.731	76.895	4091450.199
01/30/15	80.382	80.67	77.921	78.208	5107391.388
01/29/15	80.382	81.326	80.013	80.382	3500758.379
01/28/15	81.244	81.244	79.767	80.423	4020140.688
01/27/15	78.003	81.367	77.921	80.834	6831894.681
01/26/15	76.649	78.167	76.649	78.044	2722446.508
01/23/15	73.817	76.525	73.776	76.525	7839890.929
01/22/15	75.91	75.91	73.038	73.858	11129133.5
01/21/15	74.679	76.649	74.679	76.033	9701797.852
01/20/15	74.679	74.843	74.187	74.597	10581346.81
01/19/15	73.858	75.007	73.858	75.007	10080328.04
01/14/15	73.038	73.94	73.038	73.366	8367291.293
01/13/15	72.217	72.915	72.176	72.627	3815558.43
01/12/15	72.627	72.627	71.807	72.217	6764752.61
01/09/15	71.519	73.12	71.519	72.627	9629428.203
01/08/15	69.837	71.643	69.837	71.478	10338892.03
01/07/15	68.934	69.919	68.852	69.755	5023689.23
01/06/15	68.524	69.304	68.155	68.934	3444339.542
01/05/15	68.114	70.165	68.073	68.934	4433009.595