MER 1216

12/27/19	305	317	304	317	190120
12/26/19	300	310	300	305	75490
12/23/19	290.4	300	290.4	299.8	395320
12/20/19	311.8	313	286.2	286.2	1037720
12/19/19	311	315.8	308.2	311.4	272710
12/18/19	308	320	306	320	117830
12/17/19	304.2	317.8	296.4	317.8	275710
12/16/19	318	318	299.4	303	375070
12/13/19	317	322.2	315	318	207240
12/12/19	324	324	310	310	234100
12/11/19	322	325	321.6	323.4	64420
12/10/19	326	326	321	321	68650
12/09/19	326.4	327	321.2	326	74890
12/06/19	320	326	318	326	99740
12/05/19	322	322	320	320	97200
12/04/19	324.6	324.6	320	321.2	318600
12/03/19	321	324.8	321	322.4	66490
12/02/19	321.8	322	320	322	82720
11/29/19	315	319.8	315	319	67140
11/28/19	322.6	322.6	315	315	185420
11/27/19	325	325	317.2	319	262400
11/26/19	320	325	313.2	319	793090
11/25/19	324	326	320	320	344000
11/22/19	317	331	317	330	123340
11/21/19	327	327	316	319	224290
11/20/19	330.6	331.2	322.2	323.6	148900
11/19/19	335	335	330.2	330.2	77440
11/18/19	337	337.2	334.6	335	195290
11/15/19	337	340	335.8	338	195350
11/14/19	342.4	343	335.4	335.4	178270
11/13/19	347.2	347.2	341.2	347	86500
11/12/19	345.4	347	341.2	347	95900
11/11/19	349.8	350	340.2	340.2	125780
11/08/19	346.2	349.8	342	349.8	150820
11/07/19	345.2	346	343.6	346	134720
11/06/19	350	350	343.4	344	156830
11/05/19	350	350.4	347	349	445310
11/04/19	347	348	345	347	163590
10/31/19	347	348.6	338.4	338.4	144710
10/30/19	350	350	346	346	136490
10/29/19	358	362.6	344	346	504760
10/28/19	363	363	355.8	355.8	228730
10/25/19	363.8	363.8	356.2	356.2	249900
10/24/19	361.6	364.4	360.4	360.4	175400
10/23/19	364	364.8	362.8	364	101210
10/22/19	364.6	366.6	362.6	364	108910
10/21/19	368	368	361.2	365	105960
10/18/19	366.2	369.2	360.2	360.6	533130
10/17/19	367	369	363.2	369	112880
10/16/19	367	367	362.2	367	123730
10/15/19	365	367	362.6	367	108570
10/14/19	365	365.2	362.2	365	39930
10/11/19	365	365.2	359	365.2	83270
10/10/19	366	366	359.6	365	124930
10/09/19	363	363.2	360	360	66020
10/08/19	362	364	362	363	87890
10/07/19	367	367	360.2	362	54500
10/04/19	360	367	359	367	46500
10/03/19	365	365	357.2	360	101010
10/02/19	369.8	369.8	357	357	192150
10/01/19	365	369	363.6	369	181040
09/30/19	363.4	370.8	363.4	370	356520
09/27/19	368.6	368.6	363	363	110350
09/26/19	362	369.4	362	369	159830
09/25/19	368	370	365	370	224150
09/24/19	368	370	367	368	206980
09/23/19	371	371	368	368	53160
09/20/19	369	372	369	371	606900
09/19/19	372	372	367.8	371.4	74880
09/18/19	370	374	367.6	374	77680
09/17/19	372	372	367.8	372	95760
09/16/19	366	374	363.2	374	208780
09/13/19	360	367.6	360	366.4	309520
09/12/19	361	362	359.2	360	93020
09/11/19	359.2	363.6	357.2	363.6	139700
09/10/19	361	362	357.2	357.2	239200
09/09/19	358	361	358	361	106030
09/06/19	363	363	358	358	91760
09/05/19	359.6	362.6	358.2	360	166330
09/04/19	362.4	363	359.8	359.8	165830
09/03/19	362.2	364.4	362.2	363	134310
09/02/19	365	365	361.6	362	147150
08/30/19	369.8	369.8	363.2	365	286700
08/29/19	362	369.8	360	369.8	180450
08/28/19	367	367.4	360	362	276510
08/27/19	362	367.4	358.2	367.4	472130
08/23/19	357	366	357	362	194890
08/22/19	361	365.8	355	365.8	248000
08/20/19	365	365	360	361	82340
08/19/19	363	366	357	366	165300
08/16/19	360.6	360.6	353	353	152510
08/15/19	356.6	364.6	353.6	360.6	178510
08/14/19	369	369	356.4	356.4	127160
08/13/19	360.6	369.8	350	369.8	269440
08/09/19	368.4	368.4	360	360	157810
08/08/19	365	368	359.6	368	149790
08/07/19	363.8	365	359	360	219290
08/06/19	363.6	363.6	358	358	214600
08/05/19	372.6	372.6	363.6	363.6	219550
08/02/19	370	372.6	367.2	372.6	86690
08/01/19	365.4	374.8	365	373.8	146710
07/31/19	368.8	375	365	365	228280
07/30/19	372	373	367.4	367.4	216260
07/29/19	375	379.4	370.6	372	176260
07/26/19	380	381.2	375	375	208040
07/25/19	379	384.2	378	384.2	111150
07/24/19	381.4	384	378	378	143880
07/23/19	382	384	380	384	127860
07/22/19	378.2	383.8	378.2	382	85740
07/19/19	381	383	380	383	127800
07/18/19	378.6	383	378.6	379	99270
07/17/19	381	382.4	378.6	378.6	199910
07/16/19	385	388.8	380.4	380.4	118450
07/15/19	381.8	390	381.2	390	135600
07/12/19	385.4	385.4	381.4	381.4	151320
07/11/19	385.8	385.8	383.4	385	47600
07/10/19	387	387	383	383	88440
07/09/19	384	387	384	387	85820
07/08/19	383	386	382.2	383	127350
07/05/19	381.2	386	381.2	386	54790
07/04/19	385.2	387	381	381	193530
07/03/19	387.8	387.8	385.4	387	116490
07/02/19	379.6	387.8	379.6	387.8	111550
07/01/19	384.2	385	378.6	384.6	60540
06/28/19	386	387	382.2	387	195550
06/27/19	381	387	381	387	230560
06/26/19	380	381.2	378	381	202520
06/25/19	382	386	376.8	376.8	171850
06/24/19	378	384	378	382	139390
06/21/19	383.2	383.2	380	380	493910
06/20/19	385	385	380	383	302250
06/19/19	382	385	377	384	297810
06/18/19	382	382	376.2	382	171360
06/17/19	381.8	383.8	380	380	256880
06/14/19	385	385.8	382.2	382.2	115290
06/13/19	385	391	384	385	474660
06/11/19	385.2	389.8	384.4	387.6	328710
06/10/19	388	388	384.4	387.6	156760
06/07/19	389	389.8	382.6	388.8	90570
06/06/19	390	390.2	386.4	389	110010
06/04/19	389.2	390.8	387	390.8	268030
06/03/19	384	389.6	375	389.2	247180
05/31/19	378.8	385	375.4	385	154820
05/30/19	378.2	381	377.8	379	255190
05/29/19	372	378.8	371.6	378.8	234810
05/28/19	370	375	368	372.4	805540
05/27/19	378	378.8	367	367	115890
05/24/19	378.8	379	369	378	140010
05/23/19	377	378.8	371.6	378.8	150040
05/22/19	373.6	375	370.4	375	102760
05/21/19	360	374	356.4	374	221820
05/20/19	360	360.2	356	356.2	109170
05/17/19	355.6	364	355.6	360	295200
05/16/19	361	362.6	355.8	356	258930
05/15/19	372	372	359	359	376900
05/14/19	377	377	364	364.2	312990
05/10/19	373.2	379.8	371.2	371.2	171460
05/09/19	378	379.8	373	373	336990
05/08/19	381.8	381.8	377.2	380	252450
05/07/19	381	382.6	379	381.8	135320
05/06/19	386	386	381.4	382.6	147260
05/03/19	387	390.2	385	385.6	267390
05/02/19	385	387.4	383	387	498570
04/30/19	383	385	383	385	199420
04/29/19	384	384	380.6	383	100960
04/26/19	384	384	380.2	384	96360
04/25/19	382	385	377.2	385	186240
04/24/19	382.6	383	377.6	382.8	122360
04/23/19	378	382.6	378	382.6	193140
04/22/19	376.2	381	376.2	380	121980
04/17/19	378	379	375.2	379	132640
04/16/19	380	381.6	373.6	373.6	189260
04/15/19	378.4	384.8	378.2	380	121770
04/12/19	382	382.8	378.4	378.4	363840
04/11/19	385	385	380	381.4	114010
04/10/19	380	386	378.2	385	357830
04/08/19	379.2	380.6	374	374	152080
04/05/19	379.8	379.8	377	378.8	206890
04/04/19	380	380	375.2	376	86050
04/03/19	385	385	375.2	375.2	216500
04/02/19	380.2	384.8	380.2	381.2	188780
04/01/19	380	385	375	385	243600
03/29/19	375.2	383.4	375	380	321580
03/28/19	375.6	378.6	375	378.6	228000
03/27/19	375.2	378.4	375	376	226730
03/26/19	378.2	382	375	378	117780
03/25/19	389.4	389.4	377	378	194390
03/22/19	379	387	375	387	311360
03/21/19	377.8	379.8	373.4	379.4	223010
03/20/19	374.2	377.8	373.8	374	365860
03/19/19	375	376	372	375	293870
03/18/19	371.2	380	371.2	379.6	111520
03/15/19	380	380	370	370	341040
03/14/19	378	380	373.6	380	137560
03/13/19	375.6	378.2	371	378.2	102590
03/12/19	372	376	370.6	376	125820
03/11/19	370	372.6	367	370	189280
03/08/19	378.6	378.6	376	376	80930
03/07/19	377.8	377.8	370.8	376	80610
03/06/19	370	377.8	367	377.8	119080
03/05/19	370	370.2	367.4	368.2	170690
03/04/19	370	371.4	367	370.2	205890
03/01/19	369	376	367	367	262960
02/28/19	379	380.4	367.6	367.6	614820
02/27/19	375.6	379	371	379	132180
02/26/19	375	375.6	369	375.6	236590
02/22/19	374.4	375	368.2	375	169610
02/21/19	374.4	374.4	371	374	198970
02/20/19	359.4	373	359.2	372	290100
02/19/19	358	360	356	359	233250
02/18/19	361.8	361.8	355	358	90680
02/15/19	362	369.6	355	355	224800
02/14/19	364	365	360	360.2	198280
02/13/19	365.6	366	359.4	360	425320
02/12/19	360	364.4	360	360.4	347660
02/11/19	367.2	367.6	360	360	191920
02/08/19	370.8	371.2	367.2	367.2	222890
02/07/19	369	371.2	368	371	61070
02/06/19	371	374	367.2	367.2	214580
02/04/19	370.6	370.8	364	364	78810
02/01/19	373	373	365.8	370.6	300930
01/31/19	371	374.4	365.6	365.8	454250
01/30/19	375.8	375.8	363	371	323590
01/29/19	377	377	369.6	373.6	276560
01/28/19	372.6	378.4	372.6	375	226730
01/25/19	380	380	370.2	372	219380
01/24/19	376	380	376	380	243480
01/23/19	371.8	375.2	368	375	176420
01/22/19	363	371.4	363	371.4	273840
01/21/19	370	377.6	362.8	362.8	427120
01/18/19	380	380	369	369.2	673240
01/17/19	390.8	393	376	378	421830
01/16/19	396	396	386.2	387	283030
01/15/19	397.8	397.8	392	396	182100
01/14/19	389.8	398	387	398	420560
01/11/19	393.4	393.8	387	387	183580
01/10/19	390	393.4	386.2	393.4	333520
01/09/19	386	390	384.4	390	295770
01/08/19	388	388	382	382	142450
01/07/19	394.6	395	380.8	380.8	320370
01/04/19	390	394	388	394	156370
01/03/19	385.2	392	383.4	390	314170
01/02/19	382	389	382	384.6	103240
12/28/18	394.4	394.4	380	380	280020
12/27/18	389.4	394.8	386	394.8	254420
12/26/18	385.4	389.6	380	389.6	97320
12/21/18	390	391	385.4	390	313870
12/20/18	389	390	386	390	186580
12/19/18	389	389.8	387.2	389.4	221670
12/18/18	389	389	386.2	389	222960
12/17/18	387.2	390	380	386	135170
12/14/18	375.2	389.8	373.2	389.8	280430
12/13/18	386.2	387.4	375	375	414550
12/12/18	377	382.4	373	382.4	192640
12/11/18	373	378.4	369	377	346680
12/10/18	375.4	375.4	366.2	366.2	160030
12/07/18	380	381	375.4	376	154800
12/06/18	385.2	386	380	380	239940
12/05/18	385.8	387.8	380.2	385.2	187010
12/04/18	388	392.8	385	388	388770
12/03/18	385.8	388	385.2	388	466230
11/29/18	387.6	387.6	383.2	384.2	1693130
11/28/18	387.4	390	384	387.6	279880
11/27/18	388.2	390	385.8	388	319670
11/26/18	390	390.6	386.2	388	218230
11/23/18	388	390	384	390	307750
11/22/18	388	390	387	388	232750
11/21/18	382	388.8	381	388.8	312500
11/20/18	384	387	378	383.8	97770
11/19/18	383	387	376.6	384	184710
11/16/18	381.6	388	376.6	376.6	306890
11/15/18	382	382	379.6	379.6	111320
11/14/18	378	382	374.6	382	351820
11/13/18	378	380	374.6	378.6	173590
11/12/18	380	380.4	372.8	380	213220
11/09/18	377	380.8	373.4	380.8	172690
11/08/18	365	377.2	361	377.2	206220
11/07/18	365.2	365.2	362	363	193020
11/06/18	367.6	369	365	365.2	102370
11/05/18	371	371	363.6	367.6	291410
10/31/18	356	367.8	355	367.8	363350
10/30/18	359	359.8	354	354	117950
10/29/18	358	361.6	355	360	223310
10/26/18	352	361	347	360.4	217620
10/25/18	351	353	346.8	352	135980
10/24/18	351.6	353	347.4	353	150960
10/23/18	353	353	349	351	179840
10/22/18	346.8	351.8	346.8	351.8	86540
10/19/18	352.6	358.8	341.6	346.8	787880
10/18/18	350	354.4	350	352.6	182710
10/17/18	358	359.2	353	359.2	125880
10/16/18	348	359	347	359	169960
10/15/18	352	352.4	348	348	101560
10/12/18	355	357.6	349	351.8	149520
10/11/18	351	357	345	357	182910
10/10/18	350.8	357.2	348.8	357.2	252300
10/09/18	342.2	354	342.2	343	143330
10/08/18	355	355	341.6	341.6	94220
10/05/18	354	359	350	356	238180
10/04/18	358.8	359	350	355	104300
10/03/18	341.8	358.8	341.4	358.8	260500
10/02/18	331.8	345	330	342	247850
10/01/18	337.6	338.6	329.4	331.8	273720
09/28/18	346.8	346.8	340	340	529600
09/27/18	353	353	336	346	596960
09/26/18	358	358	348	348	254510
09/25/18	361	361	356.4	358	155780
09/24/18	364	364	356.8	360	72260
09/21/18	350	367	350	365	566000
09/20/18	361	361.6	351	351	111370
09/19/18	365	365.6	360	361	175730
09/18/18	369	371.8	362	365.6	201850
09/17/18	368	372.8	368	369	82850
09/14/18	383.8	383.8	368	368	297700
09/13/18	384.8	384.8	378.2	382	185100
09/12/18	378	385	377	385	304060
09/11/18	379.2	380	375	380	199780
09/10/18	380	380	373	379	112010
09/07/18	376	380	370.2	380	272660
09/06/18	374	379	366.2	379	414820
09/05/18	372	372.2	368	371	206220
09/04/18	368	372	366.6	372	129910
09/03/18	375	375	367	367	62170
08/31/18	372	373.4	366.4	373.4	547750
08/30/18	372	375	366	374	383430
08/29/18	380	380	370	371.2	197020
08/28/18	366	381.6	366	380	375970
08/24/18	365	369.6	361	366	169730
08/23/18	363	370	360	370	279860
08/22/18	351.4	364.4	351.4	363	195730
08/20/18	362.8	362.8	350.2	350.2	182100
08/17/18	352	363	351	363	193020
08/16/18	360	361	351.2	351.2	189170
08/15/18	355	360	354.8	358	88880
08/14/18	355	355.2	354.2	354.4	107800
08/13/18	366.2	366.2	355.4	355.4	276120
08/10/18	370	370	366	368.2	207190
08/09/18	375.8	376	368	370	173720
08/08/18	370	378	367.2	375	146130
08/07/18	371.2	375.6	369.2	370	139600
08/06/18	377	377	368.8	371.2	280830
08/03/18	380	381.2	368	370	334340
08/02/18	394.8	395	377	380	233180
08/01/18	379.6	395	379	395	343510
07/31/18	379	379.6	375	379.6	503300
07/30/18	375	380	370	380	215330
07/27/18	378	378	369	378	189720
07/26/18	375	379	375	378.8	277700
07/25/18	370	375.2	369.6	373	401250
07/24/18	358	370	356.4	370	581310
07/23/18	356.4	359	356	358	112950
07/20/18	354	358	354	357.2	77020
07/19/18	358.6	358.6	355	358	185530
07/18/18	359	359.4	353.2	356	124870
07/17/18	359	359	352	357	89130
07/16/18	356	358.6	353.4	358.6	49920
07/13/18	355.6	359	354	356	206640
07/12/18	357	357	355	355.6	92980
07/11/18	353	357.8	353	357.8	126900
07/10/18	354	354.8	351	354	200180
07/09/18	357	357.8	353	354	39980
07/06/18	357	358	351	358	346650
07/05/18	355	357	350	350	92730
07/04/18	354	358	350	358	381680
07/03/18	355	356	353.2	355	265810
07/02/18	352	355	350.8	353	315720
06/29/18	344.4	355.6	344.4	355.6	1045850
06/28/18	344	344.8	341	344.2	341730
06/27/18	326.4	344.8	326.4	344.8	428970
06/26/18	340	341	335	340.4	358220
06/25/18	344.8	344.8	336.6	336.6	370360
06/22/18	337	337	329	334.8	757390
06/21/18	341	341	331.4	337	322910
06/20/18	342.6	342.6	338.2	341	348460
06/19/18	337.2	344.8	337	342	503450
06/18/18	338.2	345.2	336	343	426140
06/14/18	334	345	331.2	345	1348830
06/13/18	337	337	333	334.2	668200
06/11/18	338.6	339	336.6	339	281980
06/08/18	339.8	339.8	332.4	338	262400
06/07/18	338	339.6	335	338.4	405010
06/06/18	337.2	337.4	334.4	337.4	317290
06/05/18	333.8	337.6	331.2	337.6	292690
06/04/18	334.6	334.6	333	334	333520
06/01/18	322.8	335	322.8	334.8	263960
05/31/18	327.8	334	322.2	322.8	1854430
05/30/18	335.8	335.8	327.2	327.8	384030
05/29/18	334	335.8	334	335.8	310220
05/28/18	334	335	330.6	333.8	211570
05/25/18	334	335	333	335	609290
05/24/18	329	330	327.8	330	310530
05/23/18	328.8	329	326.4	328	339190
05/22/18	326	328.4	321.8	328.4	402290
05/21/18	320	324.2	320	321	101440
05/18/18	320	327	319.8	322	196400
05/17/18	325	325.6	319.2	319.4	252900
05/16/18	322.4	326.8	321.6	324.4	194460
05/15/18	326	329	322.4	322.4	225090
05/11/18	328	329.6	328	328	109940
05/10/18	327	330.2	327	328	368560
05/09/18	324.2	329.4	324	328	309540
05/08/18	325	328.8	323.2	326	217400
05/07/18	323.6	329.8	323.6	329	317360
05/04/18	323	327	317	327	151020
05/03/18	329	329.8	323.2	323.4	353860
05/02/18	320	329.8	319.4	329.8	489800
04/30/18	314.4	322	310.8	322	397050
04/27/18	298.8	314.4	296.2	314.2	493190
04/26/18	307	307.4	291.4	295.8	456310
04/25/18	317	320.2	307	307	441670
04/24/18	322.8	322.8	316.6	319.4	131690
04/23/18	321.6	323.6	321.2	323	100760
04/20/18	321.6	324	320	321.6	113760
04/19/18	321	327	317.6	319.8	561860
04/18/18	326.8	327.8	325.4	327.6	242160
04/17/18	322.2	325	320.6	324	181850
04/16/18	323	326.8	322	325	270970
04/13/18	325	327.8	320.8	321.8	359130
04/12/18	328	328	324	325	228230
04/11/18	325	328	325	328	161740
04/10/18	318	326	318	323.6	380220
04/06/18	323.4	323.8	320.8	322.6	124060
04/05/18	324	324	322	323.4	102680
04/04/18	324	324.8	322.4	324.2	97520
04/03/18	325	325	321.6	324	91640
04/02/18	320	326	320	326	151980
03/28/18	327.8	327.8	318	318	350150
03/27/18	320	328	320	328	197040
03/26/18	325	325	317.4	320	297420
03/23/18	320	325	311.2	325	359030
03/22/18	326	330.6	325.6	330	627810
03/21/18	326	330	324	325.4	253300
03/20/18	329	329.4	325.8	326	456420
03/19/18	332.4	332.4	328.8	329	145640
03/16/18	329.8	335	326	335	837210
03/15/18	333.8	333.8	329	330	386270
03/14/18	332	334	329	334	181570
03/13/18	328.8	334	328.8	334	242330
03/12/18	328	330.6	328	330	190520
03/09/18	330	330.4	325	327.2	223200
03/08/18	330	333	328	331	227730
03/07/18	334	334	328	333	234040
03/06/18	326	334	326	334	253050
03/05/18	332.6	332.6	325	325	371640
03/02/18	327.2	334.4	326	334.4	161310
03/01/18	336.6	336.6	326	329	426320
02/28/18	327	336.6	322	336.6	537470
02/27/18	321	327	321	327	291360
02/26/18	319.4	321	319.2	320	263340
02/23/18	319	324	319	319.2	279080
02/22/18	329.8	329.8	320.2	320.2	256020
02/21/18	330	330.8	327	330	185930
02/20/18	330	330.6	323.2	330.6	166400
02/19/18	323	330	323	330	189670
02/15/18	320.2	322	319	322	67130
02/14/18	320	323	320	323	273180
02/13/18	318.8	323	318.8	323	185210
02/12/18	318	321	317.8	318	200000
02/09/18	320	320.6	316.4	318	275280
02/08/18	327.2	327.2	320.4	322	251320
02/07/18	319	329.8	319	327	308060
02/06/18	324.6	324.6	316.6	318	461420
02/05/18	331.2	331.4	324.8	327	359020
02/02/18	333	336.2	332	336.2	301540
02/01/18	338.6	338.6	330.6	333	332140
01/31/18	334	338.6	333	338.6	376550
01/30/18	336	337.8	333	337.8	295240
01/29/18	332	337.8	332	337.8	270600
01/26/18	337.6	337.6	332	335	120030
01/25/18	332.8	337.6	332.8	337.6	241300
01/24/18	335	335	331.4	333.8	211790
01/23/18	331.8	336	331	336	237600
01/22/18	329	334.4	329	331.8	192620
01/19/18	330.4	332.4	326.8	330	180950
01/18/18	330.6	330.8	325.6	326.4	376350
01/17/18	336.8	336.8	330	330.8	377770
01/16/18	333.6	336.8	330	336.8	287470
01/15/18	329	334	329	333.8	159270
01/12/18	325.2	331	325.2	331	287790
01/11/18	334	334	325	325	213050
01/10/18	329.6	334	329.6	334	846630
01/09/18	328	330	325	328.2	280170
01/08/18	329	329.6	327	328	205820
01/05/18	327	329.2	325	329.2	368560
01/04/18	330.8	331.2	327	327	446310
01/03/18	328.6	330	328.2	330	597570
12/29/17	324.6	328.6	324	328.6	1159480
12/28/17	322.8	324.8	321.2	324	267700
12/27/17	319.2	323.2	319.2	322.8	114940
12/22/17	325	325	319	320.8	404640
12/21/17	324.2	325	322	325	135970
12/20/17	326	326.8	323.8	325	148420
12/19/17	324.2	326.6	322.2	326.6	812100
12/18/17	325.2	325.2	322	324.2	139940
12/15/17	323.4	325	319	325	923380
12/14/17	320	324.4	320	324.4	864060
12/13/17	319.8	322	318.6	322	361200
12/12/17	318.4	319	316.8	318	472510
12/11/17	320	320.8	316.2	318.4	507470
12/08/17	319	323.4	317	323.4	915410
12/07/17	308.2	319	308	319	1663240
12/06/17	304	309	302	308	822790
12/05/17	300	303.8	300	302	482010
12/04/17	302	305	296	305	739480
12/01/17	317.6	317.6	301	305.4	1975390
11/29/17	316	318.2	313	315	19039590
11/28/17	317	317	310.8	313	1551710
11/27/17	318.2	322.8	315.4	317	1901990
11/24/17	323.8	323.8	316	319	1117910
11/23/17	323.4	323.8	322.4	323	222810
11/22/17	323	324	322.8	323.8	616610
11/21/17	321.8	324	321.6	323	1029090
11/20/17	322	324.8	322	322	1028740
11/17/17	318.6	324	318.2	322	1533970
11/16/17	319	320.8	316	318.6	506080
11/15/17	321.8	321.8	318	319	947800
11/14/17	315.6	325	314.2	322	3866300
11/13/17	296.6	307.4	296.6	305.8	2320720
11/10/17	300	300	293	295	682170
11/09/17	295.6	303.6	295.6	297	3537320
11/08/17	294.6	296.2	293.8	295.6	521100
11/07/17	295.6	295.6	292	294.6	389970
11/06/17	295	297	293.4	295.6	1067250
11/03/17	292	296	290.2	290.2	847110
11/02/17	291.8	293	291.6	292	651990
10/30/17	290	292.6	289.4	291.8	805980
10/27/17	285	290	281.6	290	471210
10/26/17	282.4	285.4	282.4	285.4	241420
10/25/17	287.6	287.6	280.4	282.4	376740
10/24/17	288.6	288.6	286	287.6	1114880
10/23/17	290	290.8	287.6	288	373650
10/20/17	287.8	292.4	286	290.6	1274530
10/19/17	289	290.8	286	287.8	309330
10/18/17	286	289	285	288	261720
10/17/17	290.8	292	285	285	390220
10/13/17	292	292	289.4	289.6	224320
10/12/17	286.2	294.6	286.2	292	1008960
10/11/17	286	289.2	286	286	422860
10/10/17	287	288.2	285.6	286	394770
10/09/17	286	287	285	285	1421080
10/06/17	285	288.2	284	285.2	808130
10/05/17	285.2	286	282	284	576280
10/04/17	284	285.4	283.6	285.4	337410
10/03/17	284	284.8	283.6	284	239030
10/02/17	283	285	282	285	542340
09/29/17	277	283	277	283	606210
09/28/17	280	280	276.6	277	475010
09/27/17	277.8	280	275.6	280	509310
09/26/17	276.8	279.2	276	276.4	226170
09/25/17	279.8	280	276.8	276.8	232830
09/22/17	279.8	280	278	279.8	178300
09/21/17	272	280	272	279.8	731630
09/20/17	272	274	270.4	270.6	326970
09/19/17	273	273	270.6	270.6	315430
09/18/17	275	275	271.8	273	314440
09/15/17	269.6	276	269.2	276	727510
09/14/17	269.6	269.8	269.2	269.6	296920
09/13/17	271.6	272	268.8	269.4	367550
09/11/17	270	271.8	270	271.6	208710
09/08/17	269.6	269.6	268.8	269.6	457190
09/07/17	269.6	270	269	269.6	436280
09/06/17	269.4	269.6	269	269.6	210130
09/05/17	270	270.4	269	270	271210
09/04/17	271	271.6	269.2	269.4	269410
08/31/17	271.8	271.8	270.6	271	161150
08/30/17	268.6	271.8	268.6	270.8	426370
08/29/17	270.6	270.6	269.2	269.6	323310
08/25/17	270	270.8	269	270.6	259290
08/24/17	271.4	271.8	268.4	268.4	530610
08/23/17	277	279	276.6	277	686750
08/22/17	277.8	278.4	276.8	277	587470
08/18/17	277.4	277.8	276.8	277.4	378180
08/17/17	277.4	278.2	277	277	235100
08/16/17	278	278.8	277.2	277.4	352740
08/15/17	278.8	279.6	277.8	278	189340
08/14/17	277.8	279	277	278.8	137970
08/11/17	277	277	274	277	136810
08/10/17	278.6	279.6	276.4	277	245880
08/09/17	275.2	279	275.2	276.4	154730
08/08/17	280	280.6	275	275.2	408300
08/07/17	280	280.8	279.2	280	171770
08/04/17	280	280.4	279.2	280	664960
08/03/17	274	279.6	274	279.6	658630
08/02/17	278	278.4	272.4	273.6	312440
08/01/17	279	279	276.2	278	110960
07/31/17	282.8	282.8	277.8	279	162610
07/28/17	283	283.8	277	280	639520
07/27/17	283.8	284.6	281.8	282.8	266290
07/26/17	281.8	285	281.4	283.6	366620
07/25/17	280	281.8	279.8	281.8	648080
07/24/17	277	280	276	279.8	599630
07/21/17	272	277	271.2	277	605050
07/20/17	274.6	275	271	271	596900
07/19/17	274.6	274.6	273	273.2	347000
07/18/17	274.6	275.2	274	274.6	664250
07/17/17	270	274	269	274	664230
07/14/17	269	269.8	267.2	269.8	579820
07/13/17	268	271	267	268	413040
07/12/17	266.8	268.2	266	267.6	1376860
07/11/17	266.8	267	266	266.8	546160
07/10/17	266.6	267.2	266	266	423700
07/07/17	267.6	267.6	265.6	266.6	479090
07/06/17	267.4	267.6	266.4	267	876660
07/05/17	267.4	267.6	265.4	267.2	568140
07/04/17	263	268	263	267.4	1137860
07/03/17	261.8	265	261	263	713420
06/30/17	260	261	259.4	260.8	529590
06/29/17	263	264	259	259.4	1202920
06/28/17	263	264	261.4	262.2	490060
06/27/17	263	265	261	262.8	744010
06/23/17	261	263	261	261	1572160
06/22/17	262.8	263.4	260.6	261	842540
06/21/17	265	265	262.4	262.8	307180
06/20/17	264.6	266	264	265	1631970
06/19/17	263	265	262.2	263.8	1748540
06/16/17	261.8	264.6	261.8	262.6	1480480
06/15/17	258.4	262	256.4	261.8	2432760
06/14/17	256.6	263.2	254	257.8	5660220
06/13/17	266	268.8	265.8	267.4	539420
06/09/17	269.6	269.6	265.8	266	900140
06/08/17	272	272	266.2	267	886830
06/07/17	274	274	270.2	270.2	321270
06/06/17	273	273.8	271.4	271.6	315980
06/05/17	275	275.6	271	271	287880
06/02/17	274.2	275	271	271	195720
06/01/17	274	275	273.4	274.2	141680
05/31/17	275	275	272.8	274	124300
05/30/17	275	275.2	272.8	274.8	108550
05/29/17	272	275	272	272.8	102500
05/26/17	275	275	269	270.2	446970
05/25/17	277	277	274	274	168860
05/24/17	276	281.2	275	277	831480
05/23/17	277.6	277.8	276	276.2	162500
05/22/17	278	278	277.2	277.4	110080
05/19/17	275.2	279	275.2	278.8	104860
05/18/17	279	279	275	275	200970
05/17/17	274.6	279	274.6	279	108560
05/16/17	274	275	273	274.2	103390
05/15/17	275	276	273	274	107710
05/12/17	272	275	271	275	326780
05/11/17	271	272.6	271	271	394930
05/10/17	276	276	270	270.4	462140
05/09/17	275.4	277.6	271.8	272.4	433610
05/08/17	277.8	277.8	274.6	274.6	410860
05/05/17	276.2	278.6	275	275	529400
05/04/17	279.2	280	276	276	421040
05/03/17	279.4	281.8	279	279	208550
05/02/17	280	282.8	278.8	279	255050
04/27/17	283.2	284	280	280	214620
04/26/17	282.2	284	282.2	283	120960
04/25/17	281.4	284	280.6	282	126830
04/24/17	281.4	284	280.6	280.6	53040
04/21/17	281	284	280.4	281	247460
04/20/17	282.2	282.2	279.6	280.2	174680
04/19/17	283	284	281.6	282	222150
04/18/17	283	284	283	283	46750
04/17/17	284	284.4	283	283	78510
04/12/17	282.8	284.6	282.4	284	125150
04/11/17	279.8	284.6	279	282.8	247470
04/10/17	279	282	278.2	278.2	99030
04/07/17	277.4	283.2	277.4	278	307460
04/06/17	275	277.4	273.6	277.4	126570
04/05/17	276.8	278	272.8	272.8	381440
04/04/17	277	277.2	272.4	274.8	184880
04/03/17	274	277	274	276	81540
03/31/17	274.6	274.6	272	274	61370
03/30/17	272	277	271.8	274.8	211650
03/29/17	276	276.4	271	271	183780
03/28/17	276.4	277	275.2	275.2	235830
03/27/17	278	278	276.2	276.4	167430
03/24/17	276.8	281.8	276.6	277.8	371940
03/23/17	283.8	283.8	276.4	276.6	243530
03/22/17	282	283	280	282.8	296080
03/21/17	291	291	288.4	289.6	614290
03/20/17	290	292	290	291	157060
03/17/17	293.2	293.2	289.8	290	395770
03/16/17	292	293.6	289.8	290.6	133610
03/15/17	290.4	292	290	291	245090
03/14/17	290	293.2	289.8	290	235810
03/13/17	295	297	289	290.2	193590
03/10/17	293.8	297.4	293.4	294.4	174660
03/09/17	294	294.2	293.4	293.4	101960
03/08/17	293.8	294.2	293.2	293.8	146680
03/07/17	293.6	294	292.2	293.8	115930
03/06/17	293.8	295.4	292.4	293.6	231320
03/03/17	293	293.6	291.8	293.6	38620
03/02/17	293	293	291.2	292	30540
03/01/17	292	293.8	291	291	98370
02/28/17	293	293	290	291.8	182050
02/27/17	290	294.4	290	293	109620
02/24/17	293	293	288.4	290	364390
02/23/17	290	293.8	290	293	242870
02/22/17	288.8	292	287.8	289	415100
02/21/17	286.6	289.4	285.4	287.2	222610
02/20/17	287.6	288.8	286.6	286.6	282110
02/17/17	289	289.2	286	287.4	259290
02/16/17	290	291	289	289	284850
02/15/17	295	295	290	290	167160
02/14/17	295.2	295.6	293	295	176590
02/13/17	290.2	296.8	289.4	295.2	419750
02/10/17	290	293	290	290	301200
02/09/17	288	289.2	286.4	289.2	189060
02/08/17	288	290	285.4	288.6	222700
02/07/17	286	288.6	285.8	286	101350
02/06/17	289.2	289.4	285.2	285.4	188480
02/03/17	285	289.6	284	289.6	248380
02/02/17	285	286	284	284	83160
02/01/17	285	285.6	284	285	39320
01/31/17	286.2	287	282	284.8	38590
01/30/17	285	287	285	286.2	28880
01/27/17	288	288	283	285	140680
01/26/17	290	290	285	285	167880
01/25/17	286.2	291	286	289	426710
01/24/17	287	288	285	286.2	194880
01/23/17	284.4	287.8	284.4	287	287380
01/20/17	284	285	283.8	284.4	114500
01/19/17	279.4	285	279.4	284	352180
01/18/17	272.4	279.2	272.4	278.8	267780
01/17/17	277	277.8	269.6	272	582140
01/16/17	281.6	281.6	276.6	276.8	304950
01/13/17	278.8	283.4	276.8	278	218570
01/12/17	282.8	284	278.2	278.8	239220
01/11/17	288	290	281	282.8	195870
01/10/17	279.6	288	278	288	365100
01/09/17	277.6	280	277.4	277.8	98770
01/06/17	279.4	280	277	277.6	439750
01/05/17	277.2	282	277.2	279.4	662620
01/04/17	270	277	270	277	542540
01/03/17	265.2	270.6	265	270	133560
12/29/16	269	269	263.2	265	152480
12/28/16	266.6	269.8	266.6	266.6	151850
12/27/16	261	266	261	265.4	222690
12/23/16	259	260	257.4	258.8	244220
12/22/16	260	260	258.4	259	74570
12/21/16	260	260.4	257	259.2	223120
12/20/16	259.2	259.8	255.2	257	429990
12/19/16	260	262	258.8	259.2	412330
12/16/16	260.4	262	257.4	257.4	2987620
12/15/16	262.8	262.8	258	258	261370
12/14/16	258.4	263.2	258.4	261.8	144230
12/13/16	268	268	258	258	225640
12/12/16	265.4	270	259.8	260	274610
12/09/16	261.8	265.4	261.6	263	330660
12/08/16	261	263.2	260	260.8	296660
12/07/16	258	261	257.2	257.6	95130
12/06/16	258.6	261.8	256.6	256.8	147500
12/05/16	259	261.8	257.4	258	111180
12/02/16	260	262.4	257.8	258	225940
12/01/16	265.4	271.6	257	257	778110
11/29/16	265	270	265	265	120450
11/28/16	268	270	265	265	192280
11/25/16	268.2	272.6	265.4	266	186340
11/24/16	269	273.4	268	268	143900
11/23/16	274	274	267.6	268	485120
11/22/16	282.2	282.2	273	273.2	355600
11/21/16	284	284	281	281.6	84300
11/18/16	282	283.8	280.8	283.8	78240
11/17/16	282	283	278.6	281	184290
11/16/16	275.6	282	275.4	282	87540
11/15/16	277	278	275	275.6	99250
11/14/16	278	278	275.8	275.8	123810
11/11/16	278.4	278.4	275.4	278.4	177540
11/10/16	281	283	277	278	211110
11/09/16	281.4	282	275.2	281	240950
11/08/16	281.8	283	278.6	281.4	111480
11/07/16	281.8	285	277.4	281.6	222040
11/04/16	279	284.6	279	281	203170
11/03/16	275	279.8	275	279	147040
11/02/16	277	280.4	273.4	275	128550
10/28/16	279.6	279.6	275	276	337680
10/27/16	285	285	273	277	378900
10/26/16	288	289.8	284.6	285	111750
10/25/16	290	290.6	288	288	72780
10/24/16	291.2	291.2	289.4	289.8	115350
10/21/16	290.6	291.2	288	291.2	244130
10/20/16	286.8	291.8	286.8	290.8	530520
10/19/16	287	288.4	284.8	285	871250
10/18/16	288.6	288.6	283	284	820290
10/17/16	298	298	283.2	283.2	540130
10/14/16	288	297	288	290.4	280470
10/13/16	294	300	287.2	288	490250
10/12/16	302	304.8	291	291	492010
10/11/16	309.2	309.8	301.8	302	256410
10/10/16	309	309	307	307.8	38670
10/07/16	309.6	309.6	308.4	308.6	176350
10/06/16	309.4	310	307.8	309	114300
10/05/16	308.2	310	307.8	308	73720
10/04/16	309.8	310	308.2	308.2	88750
10/03/16	310.4	310.8	309.6	309.8	33790
09/30/16	311.8	311.8	310	310.4	182870
09/29/16	309.2	311.8	309.2	310	90560
09/28/16	309.8	313	309.2	309.4	66760
09/27/16	313.8	313.8	308.6	309.8	91480
09/26/16	314	314	312.6	313	49210
09/23/16	316.8	317	313.2	314	175030
09/22/16	315	316.8	315	315.2	131290
09/21/16	313	315	312.6	315	179240
09/20/16	312.2	313.2	311.8	312.6	53450
09/19/16	311.8	311.8	309	311.8	226750
09/16/16	311.8	313	311.2	311.8	207310
09/15/16	311.8	311.8	308.8	311.8	149670
09/14/16	309	312	306.6	311.8	305990
09/13/16	310.8	310.8	309	309.6	102270
09/09/16	310	312.8	307	307	154360
09/08/16	311.8	311.8	310	310	171910
09/07/16	313	313	311	311.8	112670
09/06/16	312	313.6	310.8	313	271860
09/05/16	312	312.8	311.4	311.6	28870
09/02/16	310.6	313	310.6	312	148670
09/01/16	312.8	312.8	310.2	311	122050
08/31/16	310.2	313	310.2	311	77360
08/30/16	313	313.4	311	312	239300
08/26/16	312.6	313	312	313	88040
08/25/16	312	312.8	311.8	312.8	48630
08/24/16	312	313	312	313	125240
08/23/16	313	313	311.2	312.6	176790
08/22/16	313.8	313.8	312	313	96160
08/19/16	314.6	314.6	310	313	374480
08/18/16	326.2	326.8	324.4	325	355420
08/17/16	326	326.4	325.6	326	139340
08/16/16	325	326.6	325	325.4	230140
08/15/16	325.8	327	324.8	326	356620
08/12/16	324.8	325.4	324.8	325	120680
08/11/16	325	325	323.6	324.8	91220
08/10/16	324	324.2	323.8	324	237810
08/09/16	324	324.6	323.8	324	165030
08/08/16	324.8	325	323.8	324.4	315290
08/05/16	324.6	325.6	324.4	324.8	113020
08/04/16	325	326	323.8	324.2	111540
08/03/16	323.4	324	320.8	324	92710
08/02/16	323.4	324.6	322.8	323.8	69890
08/01/16	323	325	323	323.8	78640
07/29/16	323.6	325	323.6	324	350100
07/28/16	325.2	325.2	323	324.6	275100
07/27/16	320	326.2	320	325.2	398240
07/26/16	322.4	322.4	319	321.6	283450
07/25/16	313	322	311	317	635450
07/22/16	310	314	309	313	271200
07/21/16	308.8	311.4	307.8	309	346620
07/20/16	310	311	308.6	308.6	282570
07/19/16	308.6	310.4	308.6	309	93460
07/18/16	311	311.6	308.2	308.2	171440
07/15/16	310.6	312.8	309.4	311	528920
07/14/16	309	312.2	309	309.4	230390
07/13/16	311	311.6	308.4	309	375100
07/12/16	313	313.2	311	311	177720
07/11/16	312.4	316	312	312	142840
07/08/16	312.2	314.8	311	311.4	202760
07/07/16	313	314	311.4	312.4	89960
07/05/16	315	315	311.4	313	511000
07/04/16	315.8	319	315	315	75750
07/01/16	312.2	318.8	312.2	315.8	580060
06/30/16	318.8	321	310	310	376900
06/29/16	316.8	320	316.6	318.8	237470
06/28/16	320	320	315	317	110350
06/27/16	312.2	320	311.4	320	165850
06/24/16	316.2	316.2	309	312.2	250080
06/23/16	318	319.2	315.6	316.2	212710
06/22/16	320	322.6	315.6	318	188660
06/21/16	322.8	324.8	322.8	322.8	190530
06/20/16	325	325	320.2	322.8	111810
06/17/16	325	325	320	325	155400
06/16/16	315	325	315	325	469590
06/15/16	308	315	306.8	315	730660
06/14/16	305	308	304	307.4	132350
06/13/16	309.4	309.4	304	305	250940
06/10/16	313.8	314.8	308	309.8	199530
06/09/16	314.6	315	310.6	311.4	132000
06/08/16	315.2	317	314	314.6	244050
06/07/16	313.8	317.2	313	315	348420
06/06/16	315	315	311.2	312	120500
06/03/16	315	316	308.6	316	260940
06/02/16	316	317.4	311	311	154820
06/01/16	303.8	316	303.8	315	353730
05/31/16	301.4	309.4	301.4	303.4	493400
05/30/16	302.8	307	300.2	301	699050
05/27/16	316.4	322.6	300.4	301.8	1247660
05/26/16	323.4	323.4	316	316	238200
05/25/16	320.2	322	316	316	471920
05/24/16	326	326.2	319.4	320	369110
05/23/16	324	324	319.2	322	193000
05/20/16	325	325.2	318.6	321.6	441120
05/19/16	332.4	335	323	325.2	885550
05/18/16	338	338	332	333	199670
05/17/16	339.6	341	337	338	601450
05/16/16	339	340.4	339	339.6	367430
05/13/16	347	347	337	340.4	302190
05/12/16	349	349	344	344.4	212230
05/11/16	343	349	342.6	349	216740
05/10/16	336	343.6	335	342.8	131610
05/06/16	338	338	335	336.6	193720
05/05/16	337	339	336	338.2	158820
05/04/16	337	339	333.4	338.8	192260
05/03/16	339	339.8	337.4	338.6	116290
05/02/16	342	342	338	339	177400
04/29/16	340.2	345	340	343	117680
04/28/16	344.6	344.6	340.2	340.2	182630
04/27/16	345	350	340	344.6	107290
04/26/16	343	355	342	345	784440
04/25/16	338	345	335	343	419620
04/22/16	339	339	335	337	155010
04/21/16	335	343	335	340	283350
04/20/16	330	340	330	336	447430
04/19/16	326.8	331	326	330	92660
04/18/16	330	330	326.6	326.8	48360
04/15/16	332	335	329.4	330	48820
04/14/16	328.8	335	328	332	504220
04/13/16	326.4	332.2	326.4	328.8	439270
04/12/16	326	328.6	325.2	326.4	64070
04/11/16	327	328.8	325	327	213210
04/08/16	326	328.8	323	327	258620
04/07/16	329	329	325	329	49030
04/06/16	323	329	323	329	199220
04/05/16	322.4	324	320	323	145580
04/04/16	322	324.4	322	322.6	126080
04/01/16	323	324.2	320.8	322	78680
03/31/16	325	327.6	322.4	323	426060
03/30/16	326	327	324	325	399160
03/29/16	320	326	320	326	231950
03/28/16	320	320.6	319.6	320	59440
03/23/16	320	322	318.4	320	90440
03/22/16	321	325	318	318	250740
03/21/16	315.2	324	315.2	321.2	400470
03/18/16	324	324	315	315	901130
03/17/16	326.6	329	326.4	326.4	285350
03/16/16	329	329	324.4	325.2	182930
03/15/16	330	332	328	329	303180
03/14/16	327.2	330.8	327.2	329.8	217940
03/11/16	328	329.8	326.2	326.4	222380
03/10/16	327	329.2	326.2	327	117340
03/09/16	329	329.2	325.2	327	124420
03/08/16	325.2	329	323.8	329	152760
03/07/16	327	330	325.6	327	116450
03/04/16	329	329	326	327	92190
03/03/16	330	330	328	328.8	108170
03/02/16	332.2	337.8	331	331	392030
03/01/16	325	332	325	332	628950
02/29/16	330.2	331	325	325	206340
02/26/16	320	332	320	330.2	730350
02/24/16	319	319.2	316	319	80660
02/23/16	320.6	321	319	319	139030
02/22/16	319.8	323.6	319.8	320.4	203540
02/19/16	321	322	320	320.2	106780
02/18/16	321.8	322	320.4	322	66020
02/17/16	322	323	319.4	322	159710
02/16/16	319	325	319	322	297020
02/15/16	319	325	318	319.6	131400
02/12/16	315	320	313.8	317.2	210200
02/11/16	312.2	318.4	312.2	317.2	171890
02/10/16	314	315	311	312.2	49220
02/09/16	313	316	312.4	315	191450
02/05/16	309.8	315	307	312.8	205240
02/04/16	305.4	308	305.4	306.8	53860
02/03/16	305	308	305	305.4	406980
02/02/16	310	310	304.8	305	147030
02/01/16	310.6	312	303.4	310	450460
01/29/16	306.8	311.2	306.8	310	140900
01/28/16	308	311	306.6	309.2	121340
01/27/16	307	310	307	307.2	130750
01/26/16	309	309	302.2	306	127670
01/25/16	309.8	313.8	309.8	313.8	170460
01/22/16	302	308	301.2	307	208590
01/21/16	302	305	301	301.6	239780
01/20/16	309	310	303	305	247660
01/19/16	309.8	311	308	309	143920
01/18/16	310	311	307	310	116200
01/15/16	310.4	316	310.4	315	199460
01/14/16	307.6	311	302	310.2	153940
01/13/16	304.4	310	304.4	308.6	58040
01/12/16	301.2	306.8	301.2	304.8	213640
01/11/16	309.2	309.2	301	301	301690
01/08/16	312	315.6	309	310	336740
01/07/16	316.4	316.4	310	312	128820
01/06/16	315.4	318.6	315	318	179430
01/05/16	316	316	313	315.4	58750
01/04/16	317	320	312.4	316	29120
12/29/15	321.8	321.8	316	320	72710
12/28/15	312	322	311	322	53960
12/23/15	315.8	315.8	312	312	99490
12/22/15	316	317.4	314.2	315.8	95220
12/21/15	317	320	315	317	84930
12/18/15	319	319	315.2	317	182970
12/17/15	323.6	324	315.4	319	115200
12/16/15	316	323.6	316	323.6	122350
12/15/15	316	316.8	314	316	131200
12/14/15	318	318	315	316.8	155840
12/11/15	321	323	317.4	318	311630
12/10/15	316	322	315.4	320.6	468530
12/09/15	314	316	312.6	315.2	196450
12/08/15	309	315	309	314	277810
12/07/15	313	316	312	315.2	164840
12/04/15	312.2	313	310	312.2	90900
12/03/15	305.4	314	305.4	312.2	454270
12/02/15	303.4	315	303	312.2	495560
12/01/15	305.4	307	302	306.2	261840
11/27/15	305.2	305.8	301.2	305.8	207920
11/26/15	303	305	300.6	305	530110
11/25/15	303	303	301.2	302.6	134770
11/24/15	305	305	301	303	172470
11/23/15	298.6	305	297.8	303.8	624480
11/20/15	299	300	295.6	297.8	549810
11/17/15	296.8	299.6	295.6	296.2	606460
11/16/15	296.6	300	293	296	712790
11/13/15	310	310	291.4	300	4460530
11/12/15	342.4	343.2	319	325	773790
11/11/15	339	343.8	339	343.8	818530
11/10/15	330	339.4	326.4	337	1198880
11/09/15	326	331	326	329.6	532450
11/06/15	324.2	327	323	326	389840
11/05/15	328.2	328.2	323	325	312620
11/04/15	330	331	327	328.2	215920
11/03/15	321	329.8	321	329	598540
11/02/15	325	325	319.4	321	505580
10/30/15	324	329	324	325	521350
10/29/15	328.8	328.8	323.2	324	432680
10/28/15	318	331	318	328.8	1511180
10/27/15	313	319.2	309.8	318	629260
10/26/15	320	323	313	313	726870
10/23/15	317.8	324	317.8	320	799330
10/22/15	314	317.8	313.2	317.8	521020
10/21/15	311	314.6	310.8	311.8	317650
10/20/15	309.2	315	309.2	311.8	573820
10/19/15	309.8	310	308.4	310	378930
10/16/15	308.2	310	308	309.8	573630
10/15/15	305	308.8	304	308	817640
10/14/15	304	305	302.4	305	167360
10/13/15	303	304.8	302.8	304	419370
10/12/15	302	305	302	303	372630
10/09/15	303	303.2	300.4	301.2	45940
10/08/15	304.8	304.8	302.4	303.2	215050
10/07/15	305	305.8	302	303	516530
10/06/15	302	307	300.4	300.4	711280
10/05/15	298	302	296.8	301	1235800
10/02/15	296	298	295.2	297.6	424780
10/01/15	296.4	297.6	295	296.6	129570
09/30/15	295	297.8	295	296.4	324930
09/29/15	295	298.8	289.4	298	357520
09/28/15	295	299	290	290	536260
09/24/15	290	294	290	293	359550
09/23/15	294	294	288	293	397310
09/22/15	295.6	296	293.4	295	299780
09/21/15	298.2	298.4	294.6	295.6	170000
09/18/15	297	298.8	296	298.4	425330
09/17/15	299	300	297.2	299.2	709550
09/16/15	294.2	299.6	294	298.8	1121270
09/15/15	286.8	293.6	286.8	293	376800
09/14/15	285.6	294.2	285.6	286.8	664030
09/11/15	285	287.8	284.4	285.4	490820
09/10/15	278	285.8	277	283	510330
09/09/15	280	281	276.6	276.8	378940
09/08/15	280	280	276.6	277	258490
09/07/15	279	282.8	278	278	62660
09/04/15	281.8	289	278.8	279	311190
09/03/15	282	288	281.6	281.6	633050
09/02/15	276	280	270	279.2	328400
09/01/15	283.4	284	275	281	301770
08/28/15	283	287.6	283	284	889390
08/27/15	282	288.2	282	283	2379900
08/26/15	270	278.6	269.6	278.6	743080
08/25/15	267	271	265.2	270	842350
08/24/15	278	278	267	268	1734410
08/20/15	290	290	280	282	686910
08/19/15	288.6	293	288.6	291.4	542720
08/18/15	290	292.6	287.2	288.6	405940
08/17/15	297	297	290	290	319070
08/14/15	299	299	295.4	297.4	156220
08/13/15	300	304	295	299	682160
08/12/15	305	306	300	300	1344400
08/11/15	306	309.6	304.8	306.4	128160
08/10/15	302.2	308	302.2	306	269130
08/07/15	303.2	304	301.4	302	424660
08/06/15	308	308	303	303.2	913870
08/05/15	309	310	303	308	839480
08/04/15	299.8	310	299.8	308	1293810
08/03/15	299	301	297.6	299.8	436320
07/31/15	298	302	297	299	818950
07/30/15	298.6	299	297.4	298.2	449570
07/29/15	296.2	298.8	296.2	298	542780
07/28/15	298	298.6	293	296.2	465280
07/27/15	293	299	292.6	298	1028120
07/24/15	294.8	294.8	292	294.8	224030
07/23/15	294.4	296	292.2	294.8	322080
07/22/15	294.2	294.6	291.2	294.6	295940
07/21/15	290.2	294.8	290	294.2	180780
07/20/15	293.2	293.6	290.2	290.6	125010
07/16/15	294	295.4	292.8	295	451240
07/15/15	291.4	295	291	295	288950
07/14/15	292.8	295	289.8	292.8	304410
07/13/15	289	293.8	287	293.4	373460
07/10/15	290.6	294	285.2	294	591120
07/09/15	285.6	294.8	282	294.2	1012950
07/08/15	292.2	292.2	287	290	928490
07/07/15	290	294.6	290	292.4	284980
07/06/15	292.2	294	290	291	219110
07/03/15	293.8	298	293.8	296	247010
07/02/15	292	298	290.4	298	692410
07/01/15	291.2	292	288	292	78190
06/30/15	289	291.2	287	291.2	569020
06/29/15	288	292	285.8	290	306690
06/26/15	288	291	287	291	453680
06/25/15	290	290	288	289	524960
06/24/15	290	294	290	292.8	335170
06/23/15	290	294	287	294	775420
06/22/15	284	290.2	284	290	1039960
06/19/15	283	285	281.8	285	285080
06/18/15	282.8	286	282	282	265160
06/17/15	282.8	284.6	281	282	377430
06/16/15	283	285	279.6	285	310980
06/15/15	284	284	278.2	279.8	390190
06/11/15	280	285.2	278.4	284	489340
06/10/15	278	280	276	279.2	233980
06/09/15	284	284	276	277.8	677280
06/08/15	284.8	285.2	281.8	284	161970
06/05/15	286.8	287	283.8	284.8	197510
06/04/15	280	288.6	280	286.8	1318300
06/03/15	280	280.2	276	279.8	233190
06/02/15	282.6	282.8	280	280	196050
06/01/15	280	283.4	276	282.6	633440
05/29/15	271	283	270	281.2	1573450
05/28/15	271.8	272	269	271	402400
05/27/15	272.8	273	270.8	271.8	560680
05/26/15	272.8	273	270	272.8	674360
05/25/15	273.4	274	272.8	273	745440
05/22/15	274.6	274.8	270.4	273.2	237250
05/21/15	275.4	275.4	273.2	274	524200
05/20/15	273.8	275	272.2	275	273210
05/19/15	275	275	273.8	274	481610
05/18/15	273	276	272	275	437820
05/15/15	268.6	273	267	273	347860
05/14/15	263.4	268.8	263	268.8	311070
05/13/15	262.8	264	262	263.2	327070
05/12/15	263.8	264.6	262.4	262.6	191200
05/11/15	265	266.6	262.8	263.8	142360
05/08/15	264	265	262.8	265	59900
05/07/15	264	264	262	262.6	326950
05/06/15	263.8	264	262	263	295730
05/05/15	262.6	263.8	262.6	263.6	128510
05/04/15	261.8	262.8	261	262.6	486460
04/30/15	263	264	260.4	260.4	491010
04/29/15	264.2	265	261.8	261.8	506940
04/28/15	267	267	263.8	263.8	395850
04/27/15	265.2	265.8	263.8	265	83170
04/24/15	265	266	264.4	265	223000
04/23/15	265	265	264.4	264.4	256800
04/22/15	265	265	263.2	265	204230
04/21/15	264	266.8	262.8	264.8	92000
04/20/15	265.4	265.8	263	265	249160
04/17/15	264.6	267.8	264.4	265.4	110590
04/16/15	263	270	262.4	264	237960
04/15/15	262	262.8	261	262.4	487460
04/14/15	263.8	264.4	263.6	263.8	127190
04/13/15	262	265	262	263.8	355620
04/10/15	263	265	262	262	658440
04/08/15	265.8	265.8	262	263	505680
04/07/15	266.2	266.8	264.4	265	628910
04/06/15	264.2	267.2	264.2	266	215040
04/01/15	268.6	268.6	262.2	264	428380
03/31/15	271	272	266.8	267	488860
03/30/15	269.2	274.4	269.2	271	453600
03/27/15	272	272	268.4	269	141320
03/26/15	270	273.6	269.6	270.2	190340
03/25/15	269	271.8	268	268.2	222910
03/24/15	272	272	269	269	120280
03/23/15	272	272	269.4	270	248480
03/20/15	268.6	272	268	271	382100
03/19/15	268.8	270	267.8	269	320160
03/18/15	272	272	265	268	235530
03/17/15	276.4	278	275.8	276	513170
03/16/15	280	280	275	275.4	112370
03/13/15	275.4	280	275.2	280	283130
03/12/15	276	276.2	275	275.2	195090
03/11/15	275.8	275.8	274.2	275	111450
03/10/15	275	277	274.8	275	234160
03/09/15	274.4	278.8	274.4	275	90570
03/06/15	274.2	278	274	274.4	422370
03/05/15	278.2	279	274.8	275	541450
03/04/15	278.2	279.6	277.6	278.8	294330
03/03/15	280	281	277.6	278.2	398160
03/02/15	280	280.2	277.6	280	191140
02/27/15	280	283.8	280	280	422710
02/26/15	281.6	282	279	280	340790
02/25/15	282.4	282.6	279.8	281.4	194640
02/24/15	281.8	284.6	281	282	578120
02/23/15	277	281	276.8	279	286300
02/20/15	275	277	275	277	73270
02/18/15	276.2	277.4	274.2	274.2	341310
02/17/15	279	280	275.4	276	412000
02/16/15	279	280	278	278	175300
02/13/15	276.2	279.6	276	278.6	304410
02/12/15	271	275	271	274.8	72480
02/11/15	277	277	270	270.8	409980
02/10/15	279	281	272.8	277	339430
02/09/15	273	282	273	280	638390
02/06/15	270.4	276	270.4	271.4	86310
02/05/15	273.8	273.8	270.2	270.2	285830
02/04/15	271.2	280.2	271.2	274	488230
02/03/15	272	272	269	269.4	150960
02/02/15	274	274	268	273	347330
01/30/15	274	277	274	274.4	195920
01/29/15	281	283.4	274	274	348690
01/28/15	278.6	285.2	277.8	282.6	716520
01/27/15	274.8	279.4	274.8	278.4	1020780
01/26/15	277	277	270	270.4	220920
01/23/15	271	277.6	271	276.8	741140
01/22/15	273	274	267	271	225130
01/21/15	272	274	270	271	271030
01/20/15	274.2	274.6	270.2	271	350250
01/19/15	268	274	267.2	274	379240
01/14/15	263.2	267	263	267	1213390
01/13/15	262.6	264	261.8	263	2440740
01/12/15	262.8	263	261.6	261.8	94650
01/09/15	265	265	261.4	262	73950
01/08/15	264	265	263	265	616980
01/07/15	263.2	264.6	263	264	870600
01/06/15	257	264	256.8	262.8	1230360
01/05/15	255	256.6	254.6	256.6	64490