RLC 1216

12/27/19	27.2	28.15	27.2	27.55	2038200
12/26/19	27.8	27.95	27.1	27.2	823600
12/23/19	27.4	28.75	27.3	27.8	2860800
12/20/19	27	27.5	26.15	27.5	5559400
12/19/19	27	27.4	26.8	27	1791200
12/18/19	26.95	27	26.1	27	1826900
12/17/19	26.2	27	25.7	27	2076600
12/16/19	26.8	26.9	26.2	26.2	1038600
12/13/19	26.65	26.95	26.5	26.8	2142200
12/12/19	26	26.6	26	26.5	1961000
12/11/19	25.5	26.6	25.3	26.6	2329200
12/10/19	25.5	25.9	25.15	25.9	1214200
12/09/19	25.9	25.9	25.45	25.5	538800
12/06/19	25.55	25.8	25.15	25.8	455800
12/05/19	25.3	25.8	25.3	25.7	1130000
12/04/19	25.5	25.8	24.6	25.3	2845500
12/03/19	26	26.15	25.4	25.4	1911200
12/02/19	26	26.2	25.9	26	840000
11/29/19	25.9	26.3	25.85	26.2	1727700
11/28/19	26.85	26.85	25.75	26.2	445200
11/27/19	26.35	27	26.25	26.5	2212100
11/26/19	25.9	27.1	25.9	27.1	6638600
11/25/19	26.5	26.5	25.75	26.2	1573700
11/22/19	25.25	26.5	25.25	26.5	4167500
11/21/19	25.5	25.85	25.25	25.65	1868600
11/20/19	26	26	25.25	25.6	1357600
11/19/19	26	26.05	25.8	26	959900
11/18/19	26.5	26.5	25.8	26	574800
11/15/19	26.25	26.55	25.6	26.55	17293600
11/14/19	25.8	26.45	25.25	26.45	1245800
11/13/19	26.2	26.2	25.3	25.8	571000
11/12/19	26.05	26.4	25.15	26.35	956900
11/11/19	26.25	26.8	26.2	26.2	319700
11/08/19	26.3	26.7	26.05	26.7	1343400
11/07/19	27	27	26	26.5	825600
11/06/19	27	27	26.15	26.3	2596200
11/05/19	26.5	27	26.1	27	1926000
11/04/19	25.5	26.4	25.5	26.4	614300
10/31/19	25.3	25.8	25.2	25.45	1525400
10/30/19	25.8	25.8	25.15	25.5	1088400
10/29/19	25.9	26.2	25.8	25.8	4257100
10/28/19	25.8	25.95	25.15	25.95	1608200
10/25/19	26	26	25.65	25.75	873700
10/24/19	25.7	25.85	25.5	25.8	1223500
10/23/19	25.55	25.7	25.5	25.7	788000
10/22/19	25.5	25.8	25.3	25.6	3326100
10/21/19	25.5	25.6	25.2	25.6	756300
10/18/19	24.9	25.5	24.9	25.5	1915900
10/17/19	25.55	25.55	24.95	24.95	1230000
10/16/19	25.5	25.6	25.15	25.55	2014400
10/15/19	25.45	25.55	25.4	25.5	2797700
10/14/19	25.4	25.5	25.1	25.45	937100
10/11/19	25.5	25.5	24.9	25.35	1439400
10/10/19	24.55	25.5	24.55	25.5	5659500
10/09/19	24.6	24.65	24.3	24.55	2506200
10/08/19	24.5	25.05	24.15	24.6	5882000
10/07/19	24.5	24.5	24.05	24.5	2702800
10/04/19	23.95	24.6	23.95	24.4	2665400
10/03/19	24.05	24.35	23.8	23.8	2530800
10/02/19	24.6	24.75	24	24.5	1389200
10/01/19	24.5	24.85	24.1	24.55	767800
09/30/19	24.15	24.9	24.05	24.5	1007900
09/27/19	24.5	24.5	24.05	24.05	1771900
09/26/19	24.6	24.8	24.15	24.5	2080100
09/25/19	24.8	25.05	24	24.6	995400
09/24/19	24.95	25.05	24.8	24.8	589600
09/23/19	25	25.25	25	25.05	734200
09/20/19	25	25.2	25	25.05	2479800
09/19/19	24.95	25.2	24.95	25.1	917800
09/18/19	25	25.2	24.85	25	1889000
09/17/19	25.3	25.3	25	25.2	2574000
09/16/19	25.1	25.45	25.1	25.3	2748500
09/13/19	25.15	25.5	25.15	25.4	1352700
09/12/19	25.35	25.5	25.1	25.5	940300
09/11/19	25.25	25.35	25.1	25.2	3382400
09/10/19	25.4	25.4	25.05	25.2	969500
09/09/19	24.75	25.75	24.65	25.4	3750400
09/06/19	24.75	25.35	24.6	25	2539100
09/05/19	25.45	25.5	24.3	24.3	2309300
09/04/19	24.55	25.4	24.55	25.3	1054000
09/03/19	25.4	25.75	24.3	24.3	1282400
09/02/19	25	25.35	25	25.35	1956400
08/30/19	25	25.9	25	25	4199500
08/29/19	25.2	25.2	24.8	25.1	3957200
08/28/19	24.5	25.2	24.05	25.2	2513200
08/27/19	24.6	24.6	23.9	24.45	5448400
08/23/19	23.9	24.85	23.85	24.6	4086700
08/22/19	24.55	24.7	23.85	24.05	6927900
08/20/19	24.75	24.8	24.5	24.7	3377800
08/19/19	25	25.05	24.2	24.8	2518500
08/16/19	24.4	25.1	24.1	24.9	2685500
08/15/19	24	24.6	23.75	24.15	3183400
08/14/19	25.05	25.1	24	24.45	2346700
08/13/19	24.9	25	23.75	25	4107400
08/09/19	25.3	26	25	25	2088000
08/08/19	25.5	26.05	25.3	25.3	2982200
08/07/19	25.9	26.45	25.35	25.45	2014000
08/06/19	26	26.1	25.35	25.95	5775800
08/05/19	26.6	26.65	26	26	1446900
08/02/19	26.55	26.7	26.3	26.6	2228600
08/01/19	27.35	27.35	26.6	26.7	2709900
07/31/19	27.5	27.5	27.05	27.35	1682400
07/30/19	27.8	27.8	27.2	27.5	2068700
07/29/19	28	28	27.1	27.8	1333700
07/26/19	27.9	28.1	27.55	28	5594300
07/25/19	27.15	28	27.1	27.9	4536600
07/24/19	28	28.1	26.95	27	2148700
07/23/19	27.8	28.35	27.75	28	4253100
07/22/19	26.85	27.75	26.75	27.5	7465500
07/19/19	27	27.75	26.95	27.2	2066900
07/18/19	26.4	27.1	26.3	27	1278900
07/17/19	27	27.9	26.35	26.4	3891500
07/16/19	27.5	28.1	27	27	3757800
07/15/19	27.5	27.5	27.05	27.5	1037500
07/12/19	27	27.5	26.8	27.5	6117500
07/11/19	26.25	27.2	26.25	27	1297100
07/10/19	26.6	26.7	25.95	26.65	1881400
07/09/19	26.5	26.8	26.4	26.5	1872500
07/08/19	26.8	26.8	26.3	26.6	762700
07/05/19	26.5	27.2	26.1	27	2866300
07/04/19	26.25	26.75	26.1	26.5	3007500
07/03/19	26.1	26.9	26.1	26.7	3559400
07/02/19	26.1	26.75	26.05	26.5	1770300
07/01/19	25.85	26.4	25.85	26.4	1171600
06/28/19	26.45	26.45	25.65	26.35	809900
06/27/19	26.05	26.45	26.05	26.45	1492300
06/26/19	26	26.5	26	26.2	3242600
06/25/19	26	26.5	26	26.2	1220800
06/24/19	26.8	26.8	26.3	26.5	1533700
06/21/19	26.2	26.8	26	26.8	2541800
06/20/19	25.5	26.2	25.5	26.1	2366600
06/19/19	25.2	26	25.2	25.8	1681500
06/18/19	25.45	26	25	25.5	1714900
06/17/19	26	26.05	25.5	25.5	1596400
06/14/19	26.5	26.5	25.85	26.2	1504000
06/13/19	26	26.55	25.2	26.2	4697600
06/11/19	26.95	27.2	26.7	27	3923900
06/10/19	26.25	27	26	26.95	2753300
06/07/19	26.05	26.5	26.05	26.3	1208200
06/06/19	26.55	26.55	25.9	26.05	2574600
06/04/19	27.05	27.1	26.3	26.55	3304500
06/03/19	25.95	27.4	25.7	27.1	5422500
05/31/19	25.35	26	25.15	26	8480100
05/30/19	25	26.15	24.6	24.6	2725400
05/29/19	24.75	25.2	24.1	25	1801900
05/28/19	24.3	24.75	23.9	24.75	8557500
05/27/19	23.9	24.5	23.75	24.3	898400
05/24/19	24.4	24.4	23.7	23.9	1206800
05/23/19	23.9	24.5	23.75	24.5	676500
05/22/19	24.1	24.35	23.6	24.25	3221300
05/21/19	24	24.2	23.4	23.95	1592800
05/20/19	23.55	24.2	23.05	24.2	792400
05/17/19	23.1	24	23.1	23.5	1309100
05/16/19	23.5	24.2	23.05	23.05	2576100
05/15/19	24.4	24.45	23.8	23.8	937600
05/14/19	23.8	24.45	22.55	24.45	3063200
05/10/19	23.15	23.8	22.95	23.8	1479300
05/09/19	23.6	24.25	23.05	23.05	1940900
05/08/19	24.45	24.45	23.1	23.85	1558700
05/07/19	23.35	24.15	23.35	23.8	1395500
05/06/19	24.3	24.5	23.25	23.25	993100
05/03/19	24.3	24.5	24.2	24.5	2420500
05/02/19	24.5	24.75	24.2	24.3	2468600
04/30/19	24.4	24.7	24.2	24.5	3402000
04/29/19	24.3	24.6	23.85	24.6	617500
04/26/19	24.2	24.5	23.7	24.5	1043600
04/25/19	23.8	24.5	23.8	24.5	3484200
04/24/19	24.35	24.35	23.85	23.85	2486300
04/23/19	23.7	24.5	23.4	24.2	1771200
04/22/19	24	24	23.6	23.9	3522100
04/17/19	23.35	24.3	23.1	24.3	3088700
04/16/19	22.9	23.5	22.8	23.1	1529300
04/15/19	23.7	24.1	22.8	22.8	3254500
04/12/19	24.05	24.5	23.7	23.7	1196200
04/11/19	24.5	24.5	24.1	24.1	1666000
04/10/19	24.45	24.5	24	24.5	1195200
04/08/19	24.45	24.5	24.05	24.15	1500800
04/05/19	24.5	24.5	24.2	24.25	1667800
04/04/19	24.05	24.75	24.05	24.75	3024600
04/03/19	24.3	24.75	24	24.75	2871600
04/02/19	24.15	24.5	24.15	24.3	1872800
04/01/19	24.25	24.5	24.15	24.5	1077200
03/29/19	24.3	24.8	24.25	24.5	1595600
03/28/19	24.5	24.75	24.1	24.5	1880800
03/27/19	24.5	24.85	24.1	24.25	2481100
03/26/19	24.6	24.7	24.05	24.5	3120000
03/25/19	24.65	24.65	23.8	24.6	3708400
03/22/19	24.2	24.8	23.55	24.65	3620500
03/21/19	23.5	24.45	23.5	24.45	4803600
03/20/19	23.2	23.9	23.2	23.5	7348300
03/19/19	24.1	24.1	23.25	23.3	1245300
03/18/19	24	24.1	23.2	24	3538100
03/15/19	23.8	24	23.05	24	6493200
03/14/19	23.65	23.8	23.4	23.8	3079100
03/13/19	23.65	23.7	23.1	23.7	980100
03/12/19	23.5	23.7	22.8	23.7	1166500
03/11/19	23.5	23.5	22.7	23.15	915100
03/08/19	23.55	23.8	23.2	23.5	3353600
03/07/19	23.5	23.7	22.85	23.55	4740100
03/06/19	23	23.5	22.95	23.5	1071000
03/05/19	23	23.25	22.4	22.9	2117600
03/04/19	22.8	23	22.15	22.8	3383100
03/01/19	23.45	23.55	22.4	22.8	3978600
02/28/19	23.4	23.45	22.9	23.4	4562800
02/27/19	23.5	23.55	23.1	23.45	6517500
02/26/19	23.9	23.95	23.25	23.85	2658600
02/22/19	23.5	23.9	23.4	23.9	1737400
02/21/19	23.6	23.95	23.2	23.7	1697600
02/20/19	24	24	23.15	23.5	7897900
02/19/19	22.4	24.35	22.2	24.15	6158000
02/18/19	22	22.8	22	22.6	2102100
02/15/19	22.85	22.9	21.8	21.95	2228100
02/14/19	22.9	22.9	22.35	22.5	1695500
02/13/19	22.9	22.9	22.15	22.5	2174400
02/12/19	23	23	22.2	22.9	1900500
02/11/19	21.75	23	21.75	23	2818400
02/08/19	22.35	22.55	21.6	21.6	3177800
02/07/19	22.9	22.9	22.3	22.4	2368800
02/06/19	22.6	22.95	22.55	22.7	1770400
02/04/19	22.35	22.85	22.2	22.5	783300
02/01/19	22.1	22.85	22.05	22.35	3038900
01/31/19	22.55	23	22.05	22.05	2952400
01/30/19	22.95	23	22.35	22.6	1790400
01/29/19	23	23.3	22.5	23	1372000
01/28/19	23	23.4	22.75	23.05	928000
01/25/19	22.95	23.4	22.75	23	1466500
01/24/19	23.05	23.3	22.9	23.15	2407000
01/23/19	22.8	23.05	22.7	23.05	1668800
01/22/19	23	23.25	22.65	23.05	1247400
01/21/19	23.2	23.4	22.95	23.2	684600
01/18/19	22.9	23.3	22.6	23.2	2733800
01/17/19	22.8	23.1	22.35	22.9	2699600
01/16/19	22.8	22.9	22.2	22.5	1740700
01/15/19	23	23	22.6	22.8	3214600
01/14/19	22.3	23.2	21.85	23.2	3189700
01/11/19	22.3	22.3	21.85	22.3	1665000
01/10/19	21.75	22.25	21.65	22.25	3550100
01/09/19	21.4	21.85	21.35	21.7	5368800
01/08/19	21.6	21.7	21.15	21.25	806900
01/07/19	21.7	22.4	21.2	21.2	3163000
01/04/19	21.5	22.1	20.85	21.7	2790800
01/03/19	21.1	21.6	20.45	21.6	1406600
01/02/19	20.55	21.15	20.55	21.1	831600
12/28/18	20.4	21.1	20.15	20.15	1661000
12/27/18	20.45	20.55	20.4	20.55	1978800
12/26/18	20.6	20.6	20.3	20.3	567200
12/21/18	21	21.2	20.55	20.55	2301000
12/20/18	20.8	21.55	20.8	21.45	1616800
12/19/18	20.65	21.25	20.65	20.8	2912500
12/18/18	20.65	20.9	20.55	20.85	703000
12/17/18	20.95	21.4	20.65	20.9	4804500
12/14/18	21	21.05	20.8	20.95	5757900
12/13/18	21	21.2	20.9	21	2527400
12/12/18	20.95	21.7	20.65	20.65	2022900
12/11/18	20.6	21.25	20.6	20.95	763800
12/10/18	21	21.1	20.7	20.7	3424400
12/07/18	21.6	21.8	20.8	21	831200
12/06/18	21.5	21.6	21.35	21.55	1613100
12/05/18	21.5	21.65	21.05	21.5	5581500
12/04/18	21.65	21.8	21.1	21.8	3212600
12/03/18	20.9	21.75	20.55	21.75	2270400
11/29/18	21.15	21.65	20.45	20.45	6113800
11/28/18	20.85	21.2	20.85	21.2	1800400
11/27/18	21.15	21.15	20.6	20.85	1117400
11/26/18	21.35	21.35	20.65	21.15	2170000
11/23/18	20.35	21.35	20.35	21.35	1008800
11/22/18	20.65	20.7	20.2	20.5	528300
11/21/18	20.55	20.7	20.15	20.55	863500
11/20/18	21	21	20.15	20.5	3065900
11/19/18	20.4	21.05	20.25	21	1171300
11/16/18	20	20.75	19.9	20.4	1452500
11/15/18	19.62	20.5	19.62	20	4469400
11/14/18	19.5	20.2	19.5	19.9	7599200
11/13/18	20	20	19.48	19.5	3003900
11/12/18	20.4	20.45	19.9	20.2	3293900
11/09/18	21.2	21.2	20.35	20.35	2540800
11/08/18	21	21.35	20.45	21.35	886600
11/07/18	21.25	21.3	20.5	21	2311100
11/06/18	20.8	21.3	20.8	21.2	2636900
11/05/18	21.05	21.3	20.7	21.3	3273200
10/31/18	19.7	20.95	19.7	20.95	3356000
10/30/18	20.2	20.3	19.7	19.7	1303700
10/29/18	20.55	20.95	20.1	20.1	3540300
10/26/18	20.5	20.95	20.05	20.95	839800
10/25/18	20.65	20.65	19.78	20.5	2351200
10/24/18	21	21.1	20.7	20.8	623500
10/23/18	20.7	21.1	20.1	21	979400
10/22/18	21.45	21.45	20.55	20.7	684900
10/19/18	20.75	21.45	20.2	21.45	1742200
10/18/18	20.5	20.85	20.05	20.85	562100
10/17/18	19.8	20.5	19.8	20.5	1294300
10/16/18	19.94	20.25	19.52	20.25	2744000
10/15/18	19.7	20.25	19.64	19.96	573700
10/12/18	19.96	19.96	19.12	19.9	3237200
10/11/18	20.45	20.45	19.1	19.1	2486500
10/10/18	20.2	20.7	19.8	20.7	1518200
10/09/18	19.74	20.2	19.74	20.2	187800
10/08/18	20	20.3	19.74	19.9	1290500
10/05/18	19.7	20	19.62	19.8	411200
10/04/18	20.3	20.3	19.6	19.68	422500
10/03/18	20.3	20.3	20	20.3	1180200
10/02/18	20.25	20.25	19.6	20	864600
10/01/18	20	20.3	19.6	20.25	1551600
09/28/18	20.4	20.4	19.9	20.3	888400
09/27/18	19.64	20.3	19.28	20.3	1326000
09/26/18	19.42	19.7	19.18	19.62	1609500
09/25/18	19.6	19.86	19.2	19.42	1472700
09/24/18	19.6	19.6	19.18	19.54	4329700
09/21/18	19.5	20.3	18.78	18.78	9128000
09/20/18	19.86	19.86	19.38	19.5	1798600
09/19/18	19.8	19.96	19.76	19.9	2089300
09/18/18	20.1	20.45	19.96	19.96	2216400
09/17/18	20.8	20.8	19.82	20.5	1806200
09/14/18	20.95	20.95	20.3	20.9	1133300
09/13/18	20.5	20.95	20.05	20.95	566300
09/12/18	20.95	20.95	19.82	20.5	2421900
09/11/18	21.3	21.3	20.5	20.95	1586200
09/10/18	20.75	21.35	20.25	21.35	1507700
09/07/18	20.95	20.95	20.5	20.75	1776000
09/06/18	21.5	21.5	20.85	20.95	3629800
09/05/18	21.55	21.8	20.8	21.8	2678600
09/04/18	21.5	21.6	21.4	21.55	5133500
09/03/18	21.3	21.5	20.95	21.5	1653100
08/31/18	21	21.3	20.95	21.3	4293700
08/30/18	21	21.4	20.95	21	4097200
08/29/18	20.7	21.05	20.7	21	3444900
08/28/18	20.6	21.1	20.6	20.95	2464200
08/24/18	20.55	20.95	20.25	20.6	3094700
08/23/18	20.6	21.2	20.2	21	1856400
08/22/18	20.3	20.6	20.3	20.5	816400
08/20/18	20.3	20.5	20.2	20.3	1243700
08/17/18	20.15	20.7	20.15	20.3	782400
08/16/18	20.2	20.25	19.9	20.1	2317100
08/15/18	20.5	20.5	20.2	20.3	1556100
08/14/18	20.85	20.85	20.25	20.5	1442200
08/13/18	21.2	21.2	20.65	20.95	2228300
08/10/18	20.7	21.5	20.6	21.4	6347400
08/09/18	20.45	21.4	20	21	3802600
08/08/18	20	20.5	19.92	20.1	2346100
08/07/18	20	20.6	19.78	20.6	3578100
08/06/18	20.2	20.25	19.94	20	785000
08/03/18	20.5	20.6	20.2	20.4	1559800
08/02/18	20.4	20.45	20.2	20.4	2048200
08/01/18	19.88	20.5	19.3	20.5	2635800
07/31/18	20	20.2	19.5	19.58	1633800
07/30/18	19.68	20	19.66	20	1030200
07/27/18	19.62	19.78	19.5	19.64	2144000
07/26/18	19.5	19.76	19.5	19.62	4290600
07/25/18	19.5	19.6	18.98	18.98	1709500
07/24/18	19.58	19.58	19.4	19.5	3566300
07/23/18	19.7	19.7	19.4	19.4	1481500
07/20/18	19.74	19.76	19.6	19.7	1137000
07/19/18	19.8	19.88	19.4	19.7	621100
07/18/18	19.7	19.78	19.52	19.78	458200
07/17/18	19.76	19.76	19.42	19.52	234500
07/16/18	19.52	19.78	19.42	19.78	207500
07/13/18	19.78	19.78	19.32	19.52	2488700
07/12/18	19.74	19.74	19.2	19.2	1570500
07/11/18	19.72	19.8	19.58	19.74	620600
07/10/18	19.8	19.8	19.68	19.72	994100
07/09/18	19.5	19.8	19.32	19.8	327400
07/06/18	19.6	19.66	19.2	19.5	1176200
07/05/18	19.7	19.78	19.02	19.68	968700
07/04/18	18.96	19.78	18.82	19.78	1110300
07/03/18	18.84	18.88	18.4	18.88	497400
07/02/18	18.6	18.7	18.36	18.7	1572900
06/29/18	18.6	18.94	18.04	18.6	1906000
06/28/18	19.4	19.42	18.5	18.5	1937000
06/27/18	18.58	19.32	18.22	19.32	2322700
06/26/18	18.22	18.84	18	18.22	5263000
06/25/18	19.16	19.22	18.18	18.18	1397400
06/22/18	19.14	19.26	18.62	18.62	3227000
06/21/18	19.54	19.54	19.16	19.26	4111900
06/20/18	19.34	19.68	19.24	19.5	2683600
06/19/18	19.88	19.88	19.2	19.34	3034500
06/18/18	19.18	19.98	19.06	19.88	10911500
06/14/18	19.92	19.92	19.56	19.56	4086500
06/13/18	20.7	20.7	19.9	19.98	1679500
06/11/18	20.35	20.8	20.05	20.8	1106200
06/08/18	20.55	20.55	20	20.35	2990700
06/07/18	20.4	20.7	19.9	20.55	6478200
06/06/18	20.95	20.95	20.25	20.6	3052400
06/05/18	20.5	20.95	20.3	20.95	1294700
06/04/18	20.7	20.8	20.3	20.5	2186800
06/01/18	21.1	21.15	20.55	20.7	2530400
05/31/18	20.1	22.05	20	22.05	12781200
05/30/18	20	20.05	19.8	20.05	5266600
05/29/18	20	20.05	19.9	20	1595400
05/28/18	20.2	20.2	19.9	20.1	1758200
05/25/18	19.9	20.3	19.76	20.3	547500
05/24/18	19.56	19.9	19.2	19.9	3160700
05/23/18	19.58	19.6	19.28	19.56	7225000
05/22/18	19.74	19.74	19.36	19.56	2836600
05/21/18	19.5	19.74	19.4	19.4	801400
05/18/18	19.88	19.88	19.1	19.44	1864600
05/17/18	20	20.1	19.6	19.88	3412300
05/16/18	19.94	19.98	19.48	19.98	1732400
05/15/18	18.92	20	18.92	19.8	4111600
05/11/18	18.26	18.9	18.12	18.9	1503900
05/10/18	18.2	18.3	18	18.02	1414300
05/09/18	18.22	18.36	17.98	18	2879400
05/08/18	18	18.36	17.94	18	3559000
05/07/18	18.38	18.44	17.64	17.64	2067800
05/04/18	18.06	18.1	17.98	17.98	2428800
05/03/18	18.3	18.32	18	18	2160700
05/02/18	17.98	18.32	17.98	18.3	2261500
04/30/18	18.38	18.38	17.86	17.9	4916100
04/27/18	18.1	18.88	18.1	18.4	2498300
04/26/18	17.54	18.04	17.54	18	4128700
04/25/18	18	18.22	17.5	17.5	2262200
04/24/18	18.18	18.24	17.9	18.08	7748400
04/23/18	18.96	18.96	18	18.16	2131800
04/20/18	19.2	19.2	18.9	19.1	933800
04/19/18	19.3	19.34	18.4	19	7679700
04/18/18	19.42	19.66	19.32	19.4	2706800
04/17/18	19.4	19.4	19.12	19.2	2250300
04/16/18	19.38	19.4	19.06	19.1	5503900
04/13/18	19.18	19.42	19	19.02	1396600
04/12/18	19	19.12	18.82	19	2567300
04/11/18	19.48	19.48	18.66	19	2848300
04/10/18	19.6	19.7	19.1	19.1	1425100
04/06/18	19.5	19.6	19.26	19.32	3862500
04/05/18	19.6	19.88	19.56	19.7	2590700
04/04/18	19.7	19.98	19.48	19.6	2295200
04/03/18	19.7	20.15	19.42	19.42	1270500
04/02/18	19.94	19.94	19.5	19.66	1641100
03/28/18	20.25	20.25	19.66	19.94	2470900
03/27/18	20.3	20.45	19.5	20.2	1888200
03/26/18	20.45	20.45	19.8	19.86	951900
03/23/18	19.96	20.45	19.78	20.45	1640300
03/22/18	19.52	20	19.52	20	1285500
03/21/18	19.56	19.96	19.42	19.5	2749800
03/20/18	20.5	20.5	19.32	19.32	1390400
03/19/18	20.7	20.7	20.15	20.5	840000
03/16/18	20.75	20.75	20.15	20.7	4215100
03/15/18	20.6	20.85	20.05	20.85	2085500
03/14/18	20.75	20.85	20	20.6	1143300
03/13/18	20.7	20.85	20.4	20.85	1486000
03/12/18	20.3	20.7	19.98	20.7	655700
03/09/18	20.7	20.7	19.82	19.82	773200
03/08/18	19.86	20.85	19.7	20.65	3581500
03/07/18	19.54	19.86	19.26	19.86	2233600
03/06/18	19.52	19.88	19	19	1205700
03/05/18	19.26	19.6	19.2	19.34	3631000
03/02/18	19.38	19.48	18.62	19.26	2197000
03/01/18	19.54	19.54	19.34	19.44	1195300
02/28/18	19.74	19.74	19.4	19.4	2550300
02/27/18	19.78	19.9	19.74	19.74	3722000
02/26/18	19.96	19.96	19.68	19.74	2288900
02/23/18	19.94	20.1	19.9	19.9	1780600
02/22/18	20.05	20.1	19.9	20.1	1211300
02/21/18	20	20.2	19.96	20.1	1352300
02/20/18	20.3	20.4	19.96	20	1715800
02/19/18	20	20.6	19.96	20.25	5732500
02/15/18	20.5	20.5	19.9	20	4949500
02/14/18	21	21	20.5	20.65	887300
02/13/18	20.6	20.95	20.5	20.95	550100
02/12/18	20.8	20.8	20.4	20.4	1069600
02/09/18	20.85	20.9	20.4	20.65	990000
02/08/18	21	21	20.85	21	943800
02/07/18	20.75	21	20.7	21	2254000
02/06/18	20.55	20.55	20.1	20.5	6645600
02/05/18	21	21	20.4	20.7	969700
02/02/18	20.9	21.1	20.65	20.85	2858800
02/01/18	20.55	21	20.55	20.85	3337200
01/31/18	20.75	20.95	20.4	20.9	4668600
01/30/18	20.6	21	20	21	4734900
01/29/18	21.15	21.2	20.2	20.6	2145700
01/26/18	21.6	21.6	20.75	21.15	2814800
01/25/18	20.107	21.073	20.058	20.88	15066470.9
01/24/18	20.01	20.155	19.817	20.107	1759248.047
01/23/18	19.817	20.01	19.43	19.768	4464637.611
01/22/18	19.768	20.01	19.43	19.623	2782665.719
01/19/18	19.623	19.72	19.275	19.333	6503300.51
01/18/18	20.01	20.01	19.43	19.623	5783297.781
01/17/18	20.493	20.493	19.962	20.01	4254636.815
01/16/18	20.59	20.59	20.445	20.493	3262770.987
01/15/18	20.59	20.638	20.397	20.445	1082900.656
01/12/18	20.348	20.59	20.3	20.348	2579802.881
01/11/18	20.59	20.687	20.01	20.348	3989911.673
01/10/18	20.59	20.783	20.348	20.397	5497572.56
01/09/18	20.59	20.735	20.493	20.493	4906156.525
01/08/18	20.687	20.88	20.3	20.59	5127536.675
01/05/18	20.832	20.88	20.59	20.687	4555672.438
01/04/18	20.832	20.832	20.59	20.59	2660389.393
01/03/18	20.783	20.88	20.59	20.832	4078567.182
12/29/17	20.832	21.025	20.59	20.59	1769799.811
12/28/17	20.832	20.977	20.687	20.687	1084245.489
12/27/17	20.493	20.832	20.493	20.735	975831.2846
12/22/17	20.783	20.783	20.445	20.493	2129801.175
12/21/17	20.88	20.88	20.445	20.638	531105.4612
12/20/17	21.122	21.122	20.493	20.493	748037.3178
12/19/17	21.218	21.218	20.59	20.783	2133525.327
12/18/17	20.928	20.977	20.59	20.832	776589.1502
12/15/17	20.977	21.073	20.542	20.542	2198387.642
12/14/17	21.218	21.218	20.928	20.977	1500109.134
12/13/17	20.783	21.218	20.783	21.025	527070.9631
12/12/17	21.122	21.122	20.638	20.687	1464833.138
12/11/17	21.653	21.653	21.073	21.122	1145797.446
12/08/17	21.412	21.605	21.122	21.46	848589.4231
12/07/17	21.073	21.412	20.928	21.363	1158935.427
12/06/17	21.75	21.847	20.832	20.88	1630971.699
12/05/17	20.977	21.992	20.977	21.992	1638626.9
12/04/17	21.218	21.218	20.783	20.977	1790696.442
12/01/17	22.088	22.088	20.832	21.218	2406112.567
11/29/17	21.17	22.137	21.122	22.137	6966853.991
11/28/17	21.17	21.267	20.832	21.17	1423970.914
11/27/17	20.783	21.218	20.3	21.122	4493603.238
11/24/17	23.78	23.828	19.72	20.3	11216628.72
11/23/17	23.732	23.877	23.683	23.78	2374664.172
11/22/17	23.055	23.732	23.055	23.49	2623251.321
11/21/17	23.587	23.587	22.91	23.007	2502423.277
11/20/17	23.393	23.442	23.297	23.345	2635872.059
11/17/17	23.007	23.442	22.958	23.152	4406189.113
11/16/17	23.2	23.587	23.007	23.152	3277667.595
11/15/17	23.683	23.78	23.2	23.2	2041766.359
11/14/17	23.925	23.925	23.393	23.683	1126349.096
11/13/17	24.022	24.167	23.442	23.442	1724385.846
11/10/17	24.36	24.457	23.635	23.635	2177594.46
11/09/17	24.36	24.602	23.828	23.828	710485.4514
11/08/17	24.843	24.843	24.07	24.36	948520.8363
11/07/17	24.312	24.843	24.312	24.843	829037.6248
11/06/17	23.925	24.36	23.925	24.312	1172590.651
11/03/17	24.457	24.892	23.828	23.828	2333284.705
11/02/17	24.36	25.617	24.263	24.263	3122391.144
10/30/17	24.747	24.795	24.36	24.36	395898.0522
10/27/17	24.167	24.553	24.022	24.36	1505591.913
10/26/17	24.698	24.843	24.022	24.408	431794.74
10/25/17	24.022	24.795	23.828	24.65	1490074.613
10/24/17	24.892	24.892	23.828	23.828	3345323.024
10/23/17	25.085	25.085	24.65	24.747	681726.7217
10/20/17	25.713	25.907	24.602	24.602	1590626.718
10/19/17	25.472	25.713	25.472	25.52	641381.7412
10/18/17	25.617	25.762	25.133	25.472	2471285.228
10/17/17	26.1	26.1	25.52	25.617	1877282.977
10/13/17	25.858	26.39	25.713	25.907	2965045.72
10/12/17	26.003	26.487	25.81	25.858	2223215.323
10/11/17	25.472	26.197	25.472	25.858	3312116.001
10/10/17	25.375	25.472	25.182	25.472	1267866.874
10/09/17	25.23	25.472	24.988	25.327	758899.428
10/06/17	25.617	25.713	24.843	25.23	1035417.717
10/05/17	25.423	25.713	25.23	25.617	3412047.414
10/04/17	24.892	25.423	24.892	25.182	998796.8889
10/03/17	25.23	25.375	24.65	24.747	1471246.955
10/02/17	24.505	25.52	24.457	25.23	5118433.192
09/29/17	24.892	25.278	24.167	24.457	4690879.847
09/28/17	25.182	25.52	24.602	24.843	2270387.915
09/27/17	25.617	25.617	25.23	25.617	1322694.668
09/26/17	25.182	25.617	24.65	25.617	957831.2164
09/25/17	25.23	25.327	24.747	25.133	1972662.649
09/22/17	25.568	25.713	25.23	25.472	2416250.537
09/21/17	25.617	25.713	25.375	25.568	1767006.697
09/20/17	25.23	25.762	25.182	25.762	4611327.822
09/19/17	25.037	25.52	24.988	25.327	4595396.727
09/18/17	24.505	24.94	24.167	24.94	14072122.3
09/15/17	24.408	24.553	24.118	24.505	4168050.28
09/14/17	23.877	24.457	23.683	24.408	4180877.914
09/13/17	23.103	23.828	23.103	23.78	4083222.372
09/11/17	22.62	23.152	22.62	23.103	6353506.838
09/08/17	22.91	22.91	22.475	22.572	2110663.172
09/07/17	22.523	22.813	22.233	22.475	5386054.896
09/06/17	22.088	22.427	22.04	22.233	2733320.704
09/05/17	22.427	22.475	22.04	22.233	3222943.249
09/04/17	22.475	22.717	22.33	22.523	3283357.272
08/31/17	22.62	22.62	22.233	22.427	2796217.494
08/30/17	22.33	22.62	22.233	22.62	1285660.045
08/29/17	22.62	22.62	22.137	22.233	3249219.211
08/25/17	22.62	22.62	22.233	22.475	2326043.298
08/24/17	22.668	22.717	22.523	22.62	2472630.061
08/23/17	22.427	22.717	22.378	22.572	2889424.744
08/22/17	22.33	22.427	21.75	22.378	2782976.065
08/18/17	23.055	23.055	22.088	22.088	1896110.635
08/17/17	23.49	23.49	22.717	22.717	2093801.039
08/16/17	23.442	23.442	23.2	23.2	1922386.596
08/15/17	23.732	23.877	23.297	23.442	280449.3388
08/14/17	23.635	23.973	23.297	23.442	939934.5968
08/11/17	23.103	23.635	22.958	23.635	948107.0416
08/10/17	23.635	23.683	23.103	23.2	928451.7947
08/09/17	23.78	24.07	23.2	23.538	1622282.011
08/08/17	24.457	24.457	23.538	23.683	1100590.378
08/07/17	23.973	24.263	23.973	24.118	1207556.301
08/04/17	23.925	23.925	23.587	23.732	888520.6089
08/03/17	23.877	24.167	23.297	23.49	2123283.909
08/02/17	24.167	24.747	23.49	23.828	2401043.583
08/01/17	24.843	24.843	24.022	24.022	1388281.124
07/31/17	24.65	24.988	24.553	24.843	3225839.812
07/28/17	24.457	24.602	24.312	24.602	1795455.081
07/27/17	24.457	24.457	24.215	24.263	2389974.575
07/26/17	23.973	24.505	23.973	24.312	2243801.607
07/25/17	23.925	24.118	23.732	23.925	1360453.432
07/24/17	23.973	23.973	23.732	23.828	2325215.709
07/21/17	23.683	23.973	23.393	23.973	858210.1492
07/20/17	24.022	24.07	23.248	23.248	3045011.541
07/19/17	24.263	24.457	23.78	23.877	5596779.832
07/18/17	24.022	24.215	24.022	24.167	2156490.932
07/17/17	23.683	24.408	23.587	24.022	2371353.815
07/14/17	23.49	23.635	23.442	23.635	623485.1216
07/13/17	23.587	23.683	23.2	23.49	3112149.726
07/12/17	23.248	23.49	23.248	23.297	2168594.426
07/11/17	23.297	23.635	23.2	23.2	5868125.688
07/10/17	23.683	23.925	23.297	23.297	1740730.735
07/07/17	23.732	23.973	23.393	23.635	2960700.876
07/06/17	24.022	24.118	23.442	23.732	1235797.787
07/05/17	23.587	24.167	23.538	23.683	8420618.121
07/04/17	23.828	23.828	23.393	23.393	3068804.734
07/03/17	23.442	23.78	23.248	23.78	1203728.7
06/30/17	23.2	23.587	23.007	23.442	1682385.687
06/29/17	23.78	23.78	22.91	22.91	2795183.008
06/28/17	23.393	23.877	23.2	23.248	2221560.144
06/27/17	23.393	23.683	23.103	23.248	3166874.071
06/23/17	24.07	24.07	23.248	23.297	2122870.115
06/22/17	24.118	24.167	23.683	23.973	2296353.531
06/21/17	23.78	24.118	23.587	24.118	848692.8717
06/20/17	24.167	24.36	23.683	23.683	432829.2266
06/19/17	24.118	24.36	23.732	24.167	698588.8545
06/16/17	23.828	24.167	23.683	24.118	2384905.591
06/15/17	24.118	24.65	23.683	23.683	1737834.173
06/14/17	23.828	24.602	23.587	24.602	929382.8327
06/13/17	23.973	23.973	23.587	23.635	590381.5479
06/09/17	23.925	24.167	23.49	23.78	1003762.425
06/08/17	24.553	24.65	23.683	23.683	2675906.693
06/07/17	24.747	24.795	24.263	24.263	2362560.678
06/06/17	24.747	24.843	24.65	24.747	3019356.271
06/05/17	24.505	25.23	24.167	24.65	4535086.153
06/02/17	24.167	24.553	24.07	24.167	2690286.058
06/01/17	23.973	24.408	23.973	24.167	1542729.985
05/31/17	24.795	24.795	23.683	23.973	9292690.392
05/30/17	24.263	24.795	24.07	24.795	1713213.39
05/29/17	24.167	24.263	24.07	24.167	3284288.31
05/26/17	23.877	24.167	23.683	24.07	1219452.898
05/25/17	23.538	23.877	23.345	23.877	1925386.608
05/24/17	23.007	23.49	22.958	23.2	819623.796
05/23/17	23.297	23.538	22.958	22.958	2228284.307
05/22/17	23.635	23.635	23.152	23.2	1387453.534
05/19/17	23.2	23.683	23.2	23.393	1103073.146
05/18/17	24.167	24.167	23.103	23.248	1533005.81
05/17/17	23.78	24.215	23.78	23.925	1809213.753
05/16/17	23.2	23.683	23.2	23.587	1120555.971
05/15/17	23.635	24.167	22.958	23.007	2707768.883
05/12/17	23.2	23.683	23.152	23.2	3727772.749
05/11/17	24.167	24.263	23.007	23.152	6897129.588
05/10/17	25.037	25.423	24.167	24.215	2763424.266
05/09/17	25.617	26.003	24.988	25.037	2222594.631
05/08/17	25.375	25.81	25.327	25.665	2492492.205
05/05/17	25.133	25.617	25.133	25.133	1572523.201
05/04/17	25.133	25.472	24.988	25.085	1323729.155
05/03/17	24.988	25.182	24.892	25.037	1209211.479
05/02/17	25.133	25.52	24.843	24.988	1381246.614
04/27/17	25.472	25.52	24.795	24.795	1202590.765
04/26/17	25.52	25.713	25.23	25.423	632898.9504
04/25/17	25.617	25.617	25.133	25.472	3695600.213
04/24/17	25.327	25.713	25.085	25.133	1208176.993
04/21/17	25.133	25.52	25.133	25.133	3500185.679
04/20/17	24.263	25.472	24.167	25.085	8106341.068
04/19/17	24.457	24.457	24.07	24.215	2074249.241
04/18/17	24.553	24.698	24.167	24.167	1227625.342
04/17/17	24.94	24.94	24.505	24.505	585622.9092
04/12/17	24.988	25.037	24.505	24.988	2610527.135
04/11/17	24.36	25.327	24.36	24.988	5415951.561
04/10/17	23.345	24.36	23.345	24.36	5287364.867
04/07/17	22.91	23.877	22.91	23.297	5620573.026
04/06/17	22.813	23.103	22.813	23.007	2054697.442
04/05/17	23.152	23.442	22.427	22.427	6802267.16
04/04/17	22.813	23.2	22.427	22.717	3338081.617
04/03/17	22.33	22.717	22.233	22.427	2381388.336
03/31/17	22.427	22.427	21.992	22.233	4822466.553
03/30/17	22.862	23.152	22.282	22.427	2606906.432
03/29/17	23.2	23.2	22.765	22.91	836382.4802
03/28/17	22.717	23.2	22.523	23.2	722692.3942
03/27/17	22.523	22.717	22.378	22.62	711830.284
03/24/17	22.233	22.958	22.233	22.523	1411970.869
03/23/17	23.007	23.007	22.137	22.233	2963804.336
03/22/17	23.152	23.393	22.572	22.91	2917769.679
03/21/17	23.2	23.442	23.152	23.2	1845834.582
03/20/17	23.2	23.49	22.862	23.152	792209.899
03/17/17	22.572	23.683	22.137	23.055	11456422.73
03/16/17	22.717	22.765	22.04	22.233	2793838.175
03/15/17	22.088	22.427	21.943	22.185	4687362.593
03/14/17	22.958	22.958	22.04	22.04	3012011.416
03/13/17	22.62	22.717	22.33	22.33	637967.9351
03/10/17	23.007	23.007	22.33	22.33	821796.2181
03/09/17	22.523	23.103	22.523	23.103	1283177.277
03/08/17	23.2	23.2	22.427	22.523	506174.3322
03/07/17	23.297	23.49	22.813	22.813	3994773.761
03/06/17	22.427	23.248	22.33	23.2	2115008.016
03/03/17	22.427	22.717	22.233	22.378	2073525.1
03/02/17	23.2	23.2	22.33	22.33	1756144.587
03/01/17	22.91	23.297	22.523	22.62	1931593.528
02/28/17	23.442	23.442	22.717	22.91	4013704.867
02/27/17	23.78	23.78	23.297	23.393	2231387.767
02/24/17	24.118	24.167	23.683	23.683	1240452.977
02/23/17	24.215	24.215	24.07	24.118	1867455.354
02/22/17	24.167	24.167	23.877	24.118	1118383.549
02/21/17	24.215	24.312	24.167	24.215	1850593.221
02/20/17	24.457	24.457	24.167	24.215	826968.6515
02/17/17	24.892	24.892	24.36	24.457	524070.9517
02/16/17	23.78	24.94	23.78	24.892	2592940.862
02/15/17	24.602	24.65	23.683	23.683	2484940.452
02/14/17	24.553	24.602	24.07	24.602	1180659.647
02/13/17	24.505	24.505	23.925	24.505	1069452.329
02/10/17	24.988	24.988	24.07	24.118	1445798.583
02/09/17	24.408	24.988	24.36	24.988	2260974.086
02/08/17	24.167	24.408	24.07	24.408	929900.076
02/07/17	24.215	24.215	23.973	24.022	752278.7132
02/06/17	24.167	24.167	23.538	23.925	1556695.555
02/03/17	23.732	23.925	23.297	23.683	1960352.257
02/02/17	24.118	24.505	23.732	23.732	3048011.552
02/01/17	24.65	24.65	23.78	23.828	2042904.294
01/31/17	25.23	25.23	24.263	24.263	2304112.181
01/30/17	25.327	25.713	25.182	25.182	1563833.513
01/27/17	25.327	25.52	24.94	25.23	780933.9942
01/26/17	25.133	25.713	24.65	25.327	1385901.804
01/25/17	25.52	25.617	25.037	25.133	1248832.319
01/24/17	25.327	25.907	25.182	25.182	848072.1797
01/23/17	24.988	25.327	24.747	25.327	1193797.628
01/20/17	24.698	25.037	24.312	24.312	971486.4406
01/19/17	24.65	24.892	24.167	24.698	887693.0195
01/18/17	24.263	24.602	23.973	24.457	1092417.933
01/17/17	24.747	24.747	23.925	23.925	3077184.076
01/16/17	25.133	25.327	24.65	24.747	2218973.927
01/13/17	25.327	25.52	25.133	25.133	2682320.511
01/12/17	26.487	26.583	25.617	25.617	1352591.333
01/11/17	26.438	26.873	26.245	26.293	961865.7144
01/10/17	26.052	26.438	26.052	26.438	1931490.079
01/09/17	26.39	26.487	25.907	26.052	1510867.795
01/06/17	26.1	26.777	25.81	26.39	4041636.007
01/05/17	25.617	26.487	25.568	26.197	3832152.455
01/04/17	25.375	25.52	24.65	25.423	6052057.42
01/03/17	25.278	25.278	23.973	25.037	548795.1834
12/29/16	24.263	25.423	24.263	25.133	2412216.039
12/28/16	24.312	24.747	24.167	24.747	435105.0973
12/27/16	24.167	24.167	23.49	24.167	349863.3949
12/23/16	23.683	24.118	23.538	24.118	894313.7343
12/22/16	24.505	24.553	23.732	23.732	2583940.828
12/21/16	25.327	25.327	24.553	24.553	1493074.624
12/20/16	25.23	25.568	24.65	25.133	1717454.785
12/19/16	25.085	26.1	24.747	25.23	1609971.619
12/16/16	25.472	25.472	24.988	25.037	2551664.843
12/15/16	26.293	26.293	25.423	25.472	777002.9448
12/14/16	26.1	26.922	25.907	26.293	546208.9667
12/13/16	25.617	26.1	25.133	26.1	680174.9917
12/12/16	26.39	26.39	25.472	25.617	1307591.163
12/09/16	27.067	27.26	26.1	26.1	1715903.055
12/08/16	26.148	27.067	25.375	27.067	3145563.646
12/07/16	25.81	26.245	25.133	26.1	1039141.869
12/06/16	26.1	26.1	25.133	25.81	516312.3017
12/05/16	25.133	26.197	24.698	26.1	1943076.33
12/02/16	25.423	25.472	24.988	25.133	986589.9461
12/01/16	25.907	25.907	24.843	25.133	2927493.854
11/29/16	25.665	25.665	24.553	24.892	3590496.367
11/28/16	25.568	26.293	25.472	25.762	792209.899
11/25/16	25.375	26.293	24.988	26.293	1831765.563
11/24/16	25.23	25.907	25.23	25.617	2146559.86
11/23/16	25.327	26.1	25.085	26.1	1570764.574
11/22/16	25.617	25.617	25.278	25.327	712140.63
11/21/16	26.1	26.148	25.327	25.81	542898.6093
11/18/16	26.245	26.535	26.003	26.1	693830.2158
11/17/16	25.423	26.535	25.327	26.535	2063904.374
11/16/16	26.003	26.003	25.182	25.568	1819558.62
11/15/16	25.133	25.858	24.94	25.327	3186736.216
11/14/16	25.858	25.858	24.457	24.94	8361238.586
11/11/16	27.647	27.647	26.1	26.1	3797290.254
11/10/16	27.212	29	27.212	27.647	3749290.072
11/09/16	28.807	28.807	26.97	26.97	4255154.058
11/08/16	28.565	28.855	28.033	28.082	1989524.782
11/07/16	28.082	28.13	27.985	28.033	3085149.624
11/04/16	28.13	28.372	28.082	28.178	2921390.382
11/03/16	28.71	29	28.033	28.227	4014739.354
11/02/16	29.58	29.725	28.903	29	4180774.466
10/28/16	29	29.918	28.903	29.918	1418074.34
10/27/16	29	29.483	28.903	29.29	2488871.502
10/26/16	29.193	29.29	29	29.193	1903869.285
10/25/16	29.338	29.58	29.242	29.29	2030593.903
10/24/16	29.242	29.58	29.193	29.532	959072.6004
10/21/16	29.387	30.353	29.387	29.967	1587833.604
10/20/16	29	30.063	29	30.063	1576454.251
10/19/16	29.677	30.402	29.677	30.208	1910593.448
10/18/16	28.033	29.58	28.033	29.58	2905562.736
10/17/16	28.517	28.807	27.84	28.033	2044766.37
10/14/16	28.033	28.517	28.033	28.517	3817462.744
10/13/16	29.048	29.048	28.033	28.033	3566703.173
10/12/16	29.87	29.87	29.048	29.483	1137211.207
10/11/16	29.628	29.918	29.58	29.773	4279050.7
10/10/16	30.16	30.208	29.483	30.208	1167211.32
10/07/16	31.562	31.658	29.58	30.16	3560392.804
10/06/16	31.562	31.61	31.465	31.562	1258970.289
10/05/16	30.45	31.852	30.45	31.562	2039697.386
10/04/16	30.74	31.803	30.74	31.417	4203533.173
10/03/16	29.483	30.933	29.483	30.885	3197701.774
09/30/16	29.967	30.45	29.387	29.967	3167287.866
09/29/16	30.015	30.305	29.29	29.967	5435296.462
09/28/16	29	29.967	28.855	29.338	2646216.926
09/27/16	29.725	29.725	28.807	29	4180671.017
09/26/16	29.822	29.822	29.628	29.725	1827731.065
09/23/16	29.967	30.063	29.532	29.822	2852390.121
09/22/16	30.45	30.74	29.677	29.677	2173766.859
09/21/16	29.145	30.16	29.145	30.16	2177594.46
09/20/16	29.967	29.967	29.048	29.967	4267567.898
09/19/16	29.193	29.918	29.193	29.483	451036.1922
09/16/16	29.338	29.628	29	29.193	4011532.445
09/15/16	29.145	29.918	29	29.338	2033283.568
09/14/16	29	29.483	29	29.145	4065325.752
09/13/16	29	29.773	29	29.435	2421009.176
09/09/16	29.193	30.257	29	29	1291556.619
09/08/16	29.097	29.967	28.613	29.338	3695807.111
09/07/16	30.015	30.015	29.193	29.29	2449043.765
09/06/16	29.822	30.112	29.677	29.822	2012593.835
09/05/16	30.547	30.643	30.015	30.208	305277.0191
09/02/16	30.933	31.417	30.015	30.547	883141.2781
09/01/16	30.837	31.513	29.677	30.933	2028835.275
08/31/16	30.837	30.933	30.305	30.837	3275598.621
08/30/16	30.933	30.933	29.967	30.837	3019149.374
08/26/16	30.16	30.933	29.87	30.933	1371212.093
08/25/16	30.547	30.837	29.773	30.643	2015180.051
08/24/16	29.87	30.45	29.87	30.45	1686006.39
08/23/16	30.45	30.45	29.725	29.967	2068559.564
08/22/16	29.097	30.353	29	30.353	1369246.569
08/19/16	29.242	29.242	28.903	29	3676358.761
08/18/16	29.918	30.208	29.097	29.242	2312698.42
08/17/16	30.885	31.272	30.015	30.015	1701523.69
08/16/16	31.368	31.368	30.45	30.885	1135659.477
08/15/16	31.127	31.417	30.74	31.417	812278.9406
08/12/16	31.803	31.9	31.03	31.223	1263832.376
08/11/16	30.933	31.127	30.45	30.933	1250384.049
08/10/16	31.513	31.513	30.74	30.933	2438595.449
08/09/16	31.417	31.417	31.03	31.32	1851731.156
08/08/16	31.417	31.707	31.03	31.417	2268008.596
08/05/16	31.707	31.707	31.127	31.417	1218004.616
08/04/16	30.837	31.417	30.74	31.417	1576868.045
08/03/16	31.417	31.417	30.74	30.837	1759144.598
08/02/16	31.368	31.513	30.982	31.417	1142693.986
08/01/16	31.417	31.9	30.933	31.417	826865.2028
07/29/16	31.9	31.9	30.933	30.933	1626833.752
07/28/16	31.9	32.722	31.658	31.9	4023532.491
07/27/16	32.383	32.383	31.707	32.045	1043900.508
07/26/16	31.9	31.948	31.61	31.803	1577695.635
07/25/16	31.997	32.867	31.658	31.852	2433629.913
07/22/16	31.948	32.19	31.9	31.997	2741493.149
07/21/16	31.803	31.997	31.707	31.9	3073149.578
07/20/16	30.788	31.852	30.305	31.852	3293805.587
07/19/16	30.45	30.837	30.402	30.788	2558078.661
07/18/16	30.45	30.45	29.918	30.353	982865.794
07/15/16	30.257	30.45	30.16	30.353	2410147.065
07/14/16	30.353	30.45	29.967	30.257	1650626.946
07/13/16	30.257	30.498	29.58	29.58	5694538.824
07/12/16	30.16	30.257	29.097	29.967	2191663.479
07/11/16	29.048	29.967	29.048	29.483	5394020.443
07/08/16	29.193	29.435	29	29.097	1687765.017
07/07/16	29.242	29.242	28.952	29	3576944.591
07/05/16	29.29	30.16	29	29.242	2197560.053
07/04/16	28.565	29.822	28.565	29.193	3500599.474
07/01/16	28.807	29.967	28.517	28.517	3633117.218
06/30/16	29	30.595	28.517	28.517	4883190.921
06/29/16	29.483	29.677	29.097	29.483	3734703.81
06/28/16	28.613	29.387	28.613	29.338	1828765.552
06/27/16	28.468	28.807	28.033	28.613	1139176.731
06/24/16	29.387	29.87	27.985	28.468	1339970.596
06/23/16	29.097	29.483	28.758	29.097	2202629.038
06/22/16	29.677	29.773	28.565	29.097	2404353.94
06/21/16	29	29.628	28.565	29.435	4769397.386
06/20/16	29	29	28.033	28.42	1458936.564
06/17/16	28.952	29	28.033	28.662	2786700.217
06/16/16	28.323	28.662	27.985	28.517	1839834.559
06/15/16	27.647	28.855	27.647	28.323	2194560.042
06/14/16	28.275	28.275	27.453	27.647	1663868.375
06/13/16	28.033	28.275	27.84	28.275	1745799.72
06/10/16	28.178	29	28.033	28.033	532657.1912
06/09/16	28.855	28.855	28.13	28.13	981934.756
06/08/16	29	29.773	28.323	28.855	2509250.889
06/07/16	28.758	29	28.517	28.613	2669803.222
06/06/16	28.372	28.807	27.598	28.227	2492388.756
06/03/16	27.598	28.42	27.598	28.033	2499112.92
06/02/16	28.42	28.903	27.84	27.84	1439488.214
06/01/16	28.952	28.952	27.937	28.033	2194249.696
05/31/16	28.952	28.952	27.743	28.033	5868849.829
05/30/16	27.743	28.033	27.647	27.937	1877593.323
05/27/16	28.71	28.855	27.937	28.033	2770976.019
05/26/16	28.565	28.952	27.502	28.033	1836110.407
05/25/16	28.323	29.097	27.357	28.033	3129839.448
05/24/16	26.97	27.792	26.97	27.647	668899.0869
05/23/16	27.067	27.502	27.067	27.357	2487009.426
05/20/16	27.55	27.695	26.922	27.26	2565216.619
05/19/16	28.662	28.662	27.26	28.082	3021011.45
05/18/16	28.13	28.855	28.033	28.662	4035222.19
05/17/16	27.937	28.323	27.937	28.13	1827213.822
05/16/16	27.84	28.42	27.695	28.323	2680458.435
05/13/16	27.55	28.662	27.55	28.517	3580565.294
05/12/16	28.033	28.227	27.163	27.84	1925593.505
05/11/16	27.26	28.517	26.583	28.227	7106095.898
05/10/16	25.568	28.033	25.472	28.033	4474154.888
05/06/16	25.955	26.148	25.617	25.81	1952800.505
05/05/16	25.713	26.1	25.52	26.1	1727075.511
05/04/16	26.438	26.438	25.762	26.197	2943942.192
05/03/16	26.245	26.583	25.907	26.438	2598837.436
05/02/16	26.197	26.922	25.52	26.003	3313047.039
04/29/16	26.052	26.342	25.907	26.197	1390763.892
04/28/16	26.487	27.067	26.052	26.1	2048697.42
04/27/16	26.68	26.922	26.197	26.487	2220939.452
04/26/16	27.067	27.405	26.97	27.067	1326315.372
04/25/16	27.937	27.937	27.115	27.405	4071222.326
04/22/16	28.033	28.082	27.888	27.937	3691358.818
04/21/16	28.227	28.468	27.743	27.985	2623872.013
04/20/16	27.888	28.565	27.888	28.565	1292798.003
04/19/16	28.033	28.033	27.647	27.985	1433488.192
04/18/16	28.033	28.033	27.937	28.033	2857872.9
04/15/16	28.42	28.42	27.792	28.033	1570661.125
04/14/16	27.937	28.372	27.888	28.227	2595733.976
04/13/16	27.647	27.888	27.647	27.84	1581730.133
04/12/16	27.985	28.033	27.55	27.743	1792765.415
04/11/16	27.985	27.985	27.308	27.55	424139.5385
04/08/16	27.308	28.033	26.39	28.033	1459350.359
04/07/16	27.018	27.598	26.825	27.453	4114153.524
04/06/16	27.308	27.308	26.1	26.825	2839459.037
04/05/16	26.825	27.26	26.583	27.067	4365637.235
04/04/16	26.68	27.357	26.39	26.777	805037.5339
04/01/16	27.212	27.308	26.39	26.68	1457488.283
03/31/16	28.13	28.227	26.632	26.97	4195464.177
03/30/16	27.308	28.13	27.308	27.937	4819673.439
03/29/16	28.033	28.033	27.067	27.308	1349074.079
03/28/16	27.502	27.502	27.163	27.26	666623.2162
03/23/16	27.985	27.985	27.308	27.502	2661320.431
03/22/16	27.453	28.517	27.405	27.598	2295319.044
03/21/16	27.743	29.097	27.453	27.695	3046873.617
03/18/16	28.372	29.29	28.227	28.227	8308376.316
03/17/16	27.115	28.323	27.067	28.323	3540841.006
03/16/16	27.647	27.743	26.487	26.487	1873455.376
03/15/16	27.502	27.985	27.067	27.598	2164249.582
03/14/16	26.873	27.357	26.583	26.632	2236249.855
03/11/16	27.067	27.647	26.583	26.728	2047662.933
03/10/16	25.133	27.502	25.133	27.067	1266625.49
03/09/16	26.583	27.598	26.583	27.067	4053739.502
03/08/16	26.583	27.018	26.487	26.583	2136008.095
03/07/16	26.873	27.115	26.1	26.583	5616538.528
03/04/16	26.583	26.825	26.342	26.583	2434974.746
03/03/16	25.375	26.777	25.375	26.583	5008156.912
03/02/16	25.133	25.375	25.133	25.375	1912455.524
03/01/16	25.133	25.23	24.747	24.843	1597143.984
02/29/16	23.973	25.375	23.973	25.375	3394771.487
02/26/16	24.36	24.36	23.973	24.118	2333801.949
02/24/16	24.988	25.037	24.167	24.36	1327039.512
02/23/16	24.892	25.327	24.892	24.988	2187318.635
02/22/16	25.133	25.762	24.408	24.747	332897.8134
02/19/16	25.133	25.81	24.602	25.133	2635975.508
02/18/16	24.94	25.133	24.505	25.133	1006969.334
02/17/16	24.457	24.553	23.877	24.553	1837455.24
02/16/16	24.65	24.698	24.263	24.36	1278211.741
02/15/16	25.085	25.085	24.505	24.65	1438557.176
02/12/16	24.36	24.698	24.263	24.65	426829.2039
02/11/16	24.505	24.553	24.167	24.408	423105.0518
02/10/16	24.553	24.553	23.683	24.457	1174452.727
02/09/16	24.65	24.65	23.973	24.167	2326663.99
02/05/16	25.085	25.085	24.457	24.65	1010900.383
02/04/16	23.683	25.133	23.007	25.133	7996582.031
02/03/16	23.393	23.683	22.62	23.683	8131996.338
02/02/16	24.07	24.07	23.2	23.393	1818110.339
02/01/16	24.167	24.36	23.587	24.118	3447219.962
01/29/16	23.683	25.037	23.683	24.167	6058057.443
01/28/16	23.2	23.393	23.2	23.393	3895773.386
01/27/16	22.717	23.683	22.717	23.683	984831.3187
01/26/16	22.765	22.765	22.282	22.427	3410288.787
01/25/16	22.765	23.683	22.717	23.2	4429671.961
01/22/16	22.282	23.152	22.282	22.717	3458185.52
01/21/16	22.717	22.717	22.04	22.33	3761290.117
01/20/16	23.49	23.828	22.958	23.103	2380974.541
01/19/16	23.635	23.877	22.765	23.393	1978869.569
01/18/16	23.055	23.78	23.007	23.49	2820527.931
01/15/16	22.427	24.167	22.427	24.167	4737638.645
01/14/16	22.233	23.007	22.185	22.91	3280253.811
01/13/16	22.668	23.393	22.523	22.91	1619902.691
01/12/16	22.717	24.07	22.523	22.668	3951946.012
01/11/16	24.07	24.118	22.04	22.717	6948026.333
01/08/16	24.263	25.133	24.167	24.167	2699803.336
01/07/16	26.197	26.197	24.553	24.602	2373940.032
01/06/16	25.375	26.487	25.375	26.1	3291012.473
01/05/16	25.472	26.148	25.133	25.472	2886528.181
01/04/16	26.68	26.68	25.52	25.52	506795.0242
12/29/15	25.81	26.583	25.81	26.583	1236315.03
12/28/15	25.617	26.583	25.617	26.583	1047521.211
12/23/15	25.762	26.583	25.762	26.245	2803976.144
12/22/15	26.583	26.583	25.713	25.907	1794524.043
12/21/15	26.1	26.583	26.1	26.583	1218108.065
12/18/15	26.342	26.922	25.278	26.583	4460189.318
12/17/15	26.003	26.825	26.003	26.342	9193896.914
12/16/15	24.602	26.1	24.553	25.665	9266414.43
12/15/15	25.037	25.037	24.215	24.553	7986133.716
12/14/15	24.795	25.23	23.683	25.037	7831788.303
12/11/15	26.1	26.1	24.892	24.892	4525465.427
12/10/15	26.245	26.825	25.955	26.1	7783581.224
12/09/15	27.067	27.067	26.293	26.293	7211406.642
12/08/15	27.115	27.26	26.632	27.067	3601979.169
12/07/15	27.84	28.033	27.067	27.067	2844424.573
12/04/15	28.033	28.033	27.115	27.695	4947122.198
12/03/15	28.758	28.758	27.792	28.178	9923003.125
12/02/15	29	29.145	28.082	28.517	16061543.63
12/01/15	29.967	29.967	28.517	29	15028298.34
11/27/15	28.662	29.967	28.662	29.145	127999517.5
11/26/15	29	29.097	28.613	29	9410828.77
11/25/15	29.773	29.822	29.097	29.29	12270356.85
11/24/15	29.967	30.402	29.725	29.773	12019700.73
11/23/15	29.58	30.208	29.387	29.773	7713236.13
11/20/15	29	29.87	29	29.58	11249008.15
11/17/15	29	29.532	29	29.387	16311165.27
11/16/15	29.483	29.483	28.517	29.483	10224555.99
11/13/15	30.933	31.03	29.242	29.483	21341356.75
11/12/15	29.483	29.628	28.613	29	4399671.847
11/11/15	27.937	29.628	27.937	29.628	4522982.659
11/10/15	28.033	28.565	27.888	27.985	7206130.76
11/09/15	28.855	28.855	27.937	28.082	7441786.825
11/06/15	29.58	29.58	28.903	28.903	2060697.465
11/05/15	29.725	29.725	28.952	29.097	4449947.9
11/04/15	29.967	29.967	29.193	29.29	4270981.704
11/03/15	29.918	30.257	29.29	29.435	3446702.718
11/02/15	29.58	29.628	29.097	29.29	10664109.38
10/30/15	29.87	29.87	29.193	29.58	10588488.41
10/29/15	30.015	30.45	29.097	29.242	13302464.21
10/28/15	30.933	32.142	29.773	29.967	14367261.35
10/27/15	30.16	30.837	29.387	30.837	5172123.051
10/26/15	29.097	30.837	29.097	30.16	7998961.351
10/23/15	29	29.29	28.952	29.048	6290610.048
10/22/15	28.662	29.483	28.468	28.903	5169640.283
10/21/15	28.42	28.71	28.372	28.565	3241564.01
10/20/15	28.323	28.468	27.985	28.42	3409461.198
10/19/15	28.42	28.42	27.937	28.033	3425185.395
10/16/15	28.033	28.033	27.937	27.985	6834439.696
10/15/15	27.937	28.033	27.937	27.985	3593186.032
10/14/15	28.42	28.42	27.888	27.937	2573699.409
10/13/15	28.42	28.42	27.888	27.937	3297529.739
10/12/15	28.033	28.372	27.792	28.033	3136873.958
10/09/15	27.647	28.033	27.647	28.033	4867363.275
10/08/15	28.033	28.033	27.453	27.985	3134908.433
10/07/15	28.517	28.807	27.695	27.84	4445706.504
10/06/15	28.033	28.662	28.033	28.323	4102981.068
10/05/15	27.26	27.84	27.26	27.743	5207812.841
10/02/15	27.357	27.985	27.212	27.453	1571799.061
10/01/15	27.067	27.598	26.583	27.357	2812148.589
09/30/15	27.55	27.695	27.453	27.502	8093823.779
09/29/15	27.067	27.888	26.825	27.55	3200701.786
09/28/15	27.26	27.55	26.922	26.922	2817424.471
09/24/15	27.84	27.888	27.26	27.598	3864738.785
09/23/15	27.55	27.55	27.163	27.55	3251495.082
09/22/15	27.84	27.84	27.502	27.55	3389599.053
09/21/15	27.937	27.937	27.115	27.502	475760.4238
09/18/15	28.13	28.13	26.873	27.84	1844489.749
09/17/15	27.985	28.033	27.26	27.792	1831248.32
09/16/15	27.985	28.033	27.26	27.453	1583592.209
09/15/15	27.115	27.985	27.115	27.647	1056831.592
09/14/15	27.888	28.033	27.888	28.033	1419832.967
09/11/15	27.937	27.937	27.018	27.84	2059456.081
09/10/15	27.84	27.937	27.647	27.695	2160111.635
09/09/15	27.453	27.888	27.453	27.84	4262809.259
09/08/15	27.357	27.84	27.067	27.453	2146146.065
09/07/15	27.453	27.84	27.308	27.453	2046628.446
09/04/15	27.84	27.84	27.695	27.792	1913076.216
09/03/15	27.067	27.985	27.067	27.84	3391668.027
09/02/15	27.695	27.84	27.55	27.743	3330840.21
09/01/15	28.033	28.13	27.55	27.888	4879259.872
08/28/15	27.937	28.082	27.115	28.033	5569262.487
08/27/15	27.84	28.13	26.873	27.937	4778500.869
08/26/15	26.197	27.743	26.148	27.357	6210644.228
08/25/15	25.858	26.245	25.858	26.197	9771968.07
08/24/15	26.873	26.922	25.955	26.197	7962754.317
08/20/15	27.55	27.937	27.453	27.743	2603389.177
08/19/15	27.405	28.71	27.405	27.985	3245081.264
08/18/15	27.985	28.033	27.453	28.033	512174.3549
08/17/15	27.405	27.985	27.405	27.985	393622.1815
08/14/15	27.405	28.033	27.212	28.033	1092211.036
08/13/15	28.033	28.033	27.405	27.405	3559358.318
08/12/15	27.985	28.082	27.55	27.84	2179663.433
08/11/15	28.227	28.227	27.888	27.985	1152625.058
08/10/15	28.033	28.323	27.888	28.227	1620419.934
08/07/15	27.55	28.033	27.55	28.033	641795.5359
08/06/15	27.84	27.985	27.55	27.695	697864.7139
08/05/15	27.84	28.227	27.647	27.84	2879183.326
08/04/15	27.598	27.647	27.212	27.308	1906558.95
08/03/15	27.067	27.598	27.067	27.598	1421591.595
07/31/15	27.55	27.55	26.97	27.212	1243659.886
07/30/15	27.212	27.647	27.067	27.647	938072.5208
07/29/15	26.922	27.502	26.922	27.26	2131766.7
07/28/15	27.695	27.695	26.873	27.502	1817075.852
07/27/15	27.453	27.453	27.115	27.212	687726.7444
07/24/15	27.26	27.743	26.873	27.453	2655423.857
07/23/15	27.26	27.26	27.163	27.212	1139383.629
07/22/15	27.26	27.308	26.825	27.308	1973697.135
07/21/15	27.067	27.792	27.067	27.26	1402557.04
07/20/15	27.55	27.84	26.97	27.212	2083766.518
07/16/15	27.55	28.178	27.26	27.55	5528814.058
07/15/15	27.26	28.517	27.26	27.743	3367461.039
07/14/15	26.97	27.357	26.825	27.357	1627557.893
07/13/15	26.583	26.97	26.197	26.728	968589.8779
07/10/15	25.858	26.68	25.858	26.583	2875872.969
07/09/15	26.148	26.293	25.81	26.1	3854290.47
07/08/15	27.067	27.067	26.293	26.293	3475978.691
07/07/15	27.937	27.937	27.067	27.067	6044298.77
07/06/15	28.033	28.033	27.453	27.453	2288594.881
07/03/15	28.855	28.855	27.985	28.033	2627803.063
07/02/15	28.517	28.903	28.227	28.903	4110015.577
07/01/15	28.71	28.71	28.082	28.372	1995524.804
06/30/15	27.743	28.613	27.647	28.323	6691370.188
06/29/15	27.55	27.743	26.68	27.743	2298525.953
06/26/15	27.212	27.55	26.922	27.55	2057387.108
06/25/15	26.535	27.26	26.535	27.212	5137881.542
06/24/15	27.357	27.357	26.438	26.535	5165605.785
06/23/15	27.357	27.453	26.293	26.438	1810765.483
06/22/15	27.357	27.357	27.115	27.26	1727489.306
06/19/15	27.067	27.26	26.777	27.115	1721903.078
06/18/15	27.018	27.308	26.97	27.067	447415.4888
06/17/15	26.342	26.922	26.1	26.583	3549013.451
06/16/15	26.97	27.26	26.052	26.342	3556461.755
06/15/15	27.55	27.55	26.68	26.97	1965007.447
06/11/15	27.067	27.55	27.018	27.55	1568385.255
06/10/15	25.81	27.55	25.81	27.067	1320108.451
06/09/15	26.438	26.438	25.133	26.1	3682358.784
06/08/15	28.033	28.033	26.535	26.728	2637630.686
06/05/15	27.26	28.468	27.26	28.033	960003.6384
06/04/15	28.758	28.758	25.907	27.26	2150594.358
06/03/15	27.888	28.613	27.405	27.792	2823321.045
06/02/15	28.613	28.613	27.792	27.888	823141.0507
06/01/15	28.517	28.903	28.517	28.613	5457227.579
05/29/15	27.985	28.613	27.985	28.517	2580733.919
05/28/15	27.985	27.985	27.212	27.743	7490097.353
05/27/15	27.357	28.033	27.115	27.985	6391058.705
05/26/15	27.598	27.647	27.405	27.598	5024915.596
05/25/15	27.647	27.888	27.598	27.647	2696492.978
05/22/15	27.937	28.033	27.647	27.647	6132643.932
05/21/15	28.033	28.033	27.888	27.985	2272974.132
05/20/15	28.613	28.613	27.888	28.13	5147812.614
05/19/15	28.517	28.517	28.033	28.227	6006540.006
05/18/15	28.517	29	28.517	28.903	482484.5872
05/15/15	29	29.193	28.71	29	1323936.052
05/14/15	27.985	29	27.985	29	752485.6105
05/13/15	28.517	28.517	27.84	28.178	3470495.912
05/12/15	27.985	28.323	27.743	28.178	3327529.853
05/11/15	28.033	28.13	27.84	27.985	1029107.349
05/08/15	28.033	28.227	27.937	28.13	4345775.091
05/07/15	28.42	28.42	27.84	28.033	5025122.493
05/06/15	28.372	28.517	28.372	28.42	1150556.085
05/05/15	28.903	29	28.323	28.372	2306801.846
05/04/15	28.952	29.048	28.903	28.903	5455468.952
04/30/15	29	29	28.807	28.952	6682163.256
04/29/15	28.903	29.435	28.903	29.193	4156774.375
04/28/15	28.613	29.097	28.323	28.903	3984221.997
04/27/15	29	29.387	28.662	28.903	1234452.954
04/24/15	28.71	29	28.323	28.903	9078448.2
04/23/15	28.903	28.903	28.323	28.662	2336595.063
04/22/15	28.71	29	28.42	28.903	1575833.559
04/21/15	28.468	29	28.42	28.71	3271046.88
04/20/15	28.323	29	28.033	28.468	4006049.666
04/17/15	28.13	28.662	28.082	28.227	2553320.022
04/16/15	28.178	28.468	27.937	28.13	5633400.661
04/15/15	28.323	28.323	27.792	28.13	11675733.91
04/14/15	28.033	28.372	28.033	28.033	9157069.188
04/13/15	28.275	28.855	27.937	28.13	3095804.837
04/10/15	28.517	29.338	27.792	27.792	3456633.79
04/08/15	28.758	30.063	28.227	28.275	1447971.005
04/07/15	29.048	29.097	28.758	28.952	1232694.327
04/06/15	29.097	29.097	28.71	29.048	1415074.329
04/01/15	29.773	29.967	29	29.097	5217019.773
03/31/15	30.257	30.547	29.193	29.773	5799125.427
03/30/15	30.015	30.498	29.967	30.257	5305364.935
03/27/15	29.097	30.74	29.097	30.257	8858102.538
03/26/15	29	29.29	28.323	29.097	3439771.657
03/25/15	29.242	29.387	28.952	29	3992704.788
03/24/15	29.58	29.628	29.29	29.387	1438970.971
03/23/15	27.888	29.677	27.888	29.532	5490744.948
03/20/15	28.468	28.468	27.792	27.985	1883283
03/19/15	28.033	29.58	27.937	28.033	3818497.231
03/18/15	28.033	28.613	27.647	27.84	1315970.505
03/17/15	27.937	28.807	27.84	28.033	2874321.239
03/16/15	27.55	28.033	27.55	27.84	1170521.678
03/13/15	27.647	28.613	27.55	27.55	3189322.432
03/12/15	26.535	27.985	26.535	27.55	2913011.04
03/11/15	27.018	27.792	26.487	26.535	1911007.243
03/10/15	26.97	27.647	26.777	27.018	3053287.434
03/09/15	26.342	27.212	26.342	27.067	4212843.553
03/06/15	28.033	28.033	27.55	27.695	2547630.345
03/05/15	28.033	29	28.033	28.033	1719523.758
03/04/15	28.033	29	28.033	28.807	7413441.89
03/03/15	27.84	28.323	27.695	28.033	3009632.096
03/02/15	26.583	28.42	26.583	27.84	1932214.22
02/27/15	27.26	27.26	26.825	27.067	3288736.602
02/26/15	27.067	27.357	26.97	27.26	3936428.712
02/25/15	27.115	27.405	27.067	27.163	1746523.861
02/24/15	27.453	27.453	26.777	26.777	762002.888
02/23/15	26.438	27.357	26.1	27.26	5257881.996
02/20/15	26.1	26.39	25.955	26.39	2237387.79
02/18/15	25.665	25.907	25.52	25.665	5509572.605
02/17/15	25.472	26.1	25.423	25.617	888313.7115
02/16/15	25.713	26.003	25.472	25.472	2961735.363
02/13/15	25.617	26.1	25.375	25.52	2919631.755
02/12/15	26.1	26.148	25.617	26.003	355139.277
02/11/15	25.665	26.1	25.327	26.1	828934.1761
02/10/15	26.535	26.535	25.617	25.665	441105.1201
02/09/15	26.1	26.535	25.907	25.907	3723634.802
02/06/15	25.907	25.907	25.617	25.858	4879466.769
02/05/15	26.342	26.342	25.423	25.713	3296288.355
02/04/15	26.922	26.97	26.1	26.245	3729117.582
02/03/15	26.438	26.535	26.197	26.487	1628282.033
02/02/15	26.68	26.68	25.907	26.487	320380.5246
01/30/15	25.617	26.873	25.617	26.873	2509147.441
01/29/15	26.438	26.487	25.472	25.617	2343629.572
01/28/15	25.762	26.487	25.762	26.438	3602806.758
01/27/15	25.955	26.293	25.713	25.907	4728121.368
01/26/15	25.423	26.003	25.423	25.955	1780248.126
01/23/15	25.617	25.617	25.278	25.423	1961283.295
01/22/15	25.568	25.617	24.94	25.423	633829.9884
01/21/15	25.665	25.907	25.133	25.568	691864.6911
01/20/15	25.81	26.052	25.182	25.617	1729454.83
01/19/15	24.94	25.955	24.94	25.617	6094057.579
01/14/15	25.617	26.1	25.133	25.375	2677458.423
01/13/15	25.423	25.52	24.94	24.94	1173107.894
01/12/15	25.617	25.665	24.94	25.423	456932.7663
01/09/15	25.52	25.907	25.52	25.617	3897221.667
01/08/15	25.133	25.858	25.085	25.52	2539664.798
01/07/15	24.94	25.133	24.65	24.94	1699040.922
01/06/15	24.843	25.23	24.457	24.65	4769397.386
01/05/15	25.133	25.133	24.167	24.65	2998976.883