RRHI 1216

12/27/19	77.95	80	76	80	839780
12/26/19	76.5	77.95	75.2	77.95	256650
12/23/19	75.75	77	74.9	77	123020
12/20/19	72.05	75	72.05	75	151690
12/19/19	71.1	73.9	71	73.9	167380
12/18/19	72.8	73	71	72	520660
12/17/19	74.5	74.5	73	73.5	434370
12/16/19	74.5	74.8	74.1	74.1	472710
12/13/19	74.9	74.95	73.65	74.9	93370
12/12/19	74.9	75	74.3	75	31920
12/11/19	74.8	75	74	75	238240
12/10/19	75	75	73.6	75	116820
12/09/19	74.5	75	73.6	75	50850
12/06/19	74.75	74.75	73.7	73.7	171900
12/05/19	75.4	75.4	74.05	74.95	422420
12/04/19	74.95	75.15	74.3	74.95	47240
12/03/19	75	76	74.45	74.95	192940
12/02/19	78	78	74.55	75	262070
11/29/19	76	79	74.5	79	107350
11/28/19	76	76	74.7	76	279670
11/27/19	74.5	75.3	74.5	75.2	221700
11/26/19	75	76	74.55	75	493340
11/25/19	74.6	75.9	74.6	75	167460
11/22/19	77	77	74.7	75.7	238970
11/21/19	75.5	76.3	75	76.3	204390
11/20/19	75.2	76.5	74	76.5	308160
11/19/19	75.1	75.85	75.1	75.2	47560
11/18/19	75.5	75.95	75.1	75.1	368640
11/15/19	75.8	75.8	75.1	75.45	608750
11/14/19	75.6	75.85	75.6	75.8	26840
11/13/19	76.05	76.05	75.6	75.8	1008010
11/12/19	76.75	76.75	75.85	76.65	420570
11/11/19	77.45	77.45	75.5	77	187290
11/08/19	75.7	77	75.7	77	802450
11/07/19	76.85	77.95	76	77.5	100350
11/06/19	77.3	77.3	76.05	76.25	537080
11/05/19	76.05	76.75	75.7	75.7	419590
11/04/19	76.45	76.95	75.55	76.1	98310
10/31/19	76	76.45	75.65	75.85	962090
10/30/19	77.1	77.1	75.9	76	1262810
10/29/19	78.75	78.75	77.1	77.1	438710
10/28/19	78.7	79	77.7	78.75	946640
10/25/19	77	79	75.6	79	327700
10/24/19	77.8	77.8	76.05	77.5	27240
10/23/19	77	77	75.6	76	826150
10/22/19	76.6	77	76	76	2288430
10/21/19	76.55	77	76.5	76.6	596210
10/18/19	77.9	77.9	76.5	76.55	390060
10/17/19	77.65	77.65	76.6	76.9	343480
10/16/19	77.6	77.95	77	77.65	7330
10/15/19	79	79	76.65	77	406310
10/14/19	78	79	78	78.2	932700
10/11/19	77.05	79.9	76.4	79.9	728120
10/10/19	76.85	77.7	76.05	77.7	146850
10/09/19	75.7	77.05	75.7	76.9	588670
10/08/19	76.5	77.75	76.5	76.9	1995570
10/07/19	75.8	76.7	75.8	76	1551220
10/04/19	76.5	76.5	75.95	76	1191020
10/03/19	77.95	77.95	74.7	76.5	776010
10/02/19	78	78	76.1	76.5	178300
10/01/19	76.1	78	76.1	78	79760
09/30/19	79	79	78.9	79	522830
09/27/19	78.95	79	78	79	15770
09/26/19	77	79	77	79	692640
09/25/19	78.5	78.5	76.75	78	239460
09/24/19	78.5	78.5	78.25	78.25	53820
09/23/19	80.35	80.35	78.5	78.5	451090
09/20/19	79.75	80.35	78.55	80.35	196370
09/19/19	80.5	80.5	78.3	79.8	6400
09/18/19	79	80.5	78.7	80.5	19910
09/17/19	80	80.5	79	79	468380
09/16/19	79.9	80.5	78.55	80.5	876170
09/13/19	78	80.1	77.55	80.1	492470
09/12/19	77.2	77.95	77.2	77.5	958650
09/11/19	77.55	77.85	77.55	77.55	419910
09/10/19	77	78	77	77.5	861060
09/09/19	77.05	78.2	76.5	77	254100
09/06/19	78	78.9	77.05	77.05	22070
09/05/19	77.1	78.15	77	78	302300
09/04/19	75.5	77.95	75.5	77	589490
09/03/19	77.05	78.5	75	75	168050
09/02/19	78	79.5	77.7	79.4	79760
08/30/19	78.5	78.5	76.7	78	1543300
08/29/19	77.5	78.5	77.25	78.5	467780
08/28/19	79.7	79.7	78.45	78.5	508610
08/27/19	80	80	78.4	79	215320
08/23/19	77	80.5	76.9	80.5	82970
08/22/19	77	77.5	77	77.5	1995330
08/20/19	77.5	78	77	77.55	518220
08/19/19	76.8	79.45	76.8	78	672470
08/16/19	77.5	78.05	76.8	76.8	773920
08/15/19	78.55	78.55	76.9	77.6	504820
08/14/19	80.9	80.9	78	78.5	626480
08/13/19	77.4	81.7	77.4	81.7	323730
08/09/19	79.9	79.9	77.05	78.5	749620
08/08/19	79.1	80	78.05	80	537480
08/07/19	78.1	79.7	78.1	79.1	276760
08/06/19	78.3	79.3	75.5	78.05	562080
08/05/19	79.5	79.55	77.15	77.5	513920
08/02/19	78.1	79.75	78	79.5	475860
08/01/19	79.3	79.3	77.5	78.1	173670
07/31/19	78.05	79.3	78	79.3	717850
07/30/19	78	78.5	78	78.05	509350
07/29/19	78	78.75	77.75	78.05	415000
07/26/19	78	78	77.75	78	785870
07/25/19	78.7	78.7	77.7	77.95	1396270
07/24/19	79	79.2	78.5	79	1060330
07/23/19	79	79.15	78.55	79	391230
07/22/19	78	79	77.5	79	1268880
07/19/19	77	78	77	78	764130
07/18/19	75.6	77.8	75.6	77	225770
07/17/19	74.8	76.8	74.8	75.6	531210
07/16/19	77.9	78.4	74.8	74.8	1489980
07/15/19	80	80	76.55	77.1	1218150
07/12/19	78.75	80	77.95	80	610130
07/11/19	78.2	78.75	78	78.75	316700
07/10/19	77.15	78.45	77.15	78	230190
07/09/19	77	77.3	76.5	77.3	65280
07/08/19	77.3	77.3	76.7	77	373430
07/05/19	76.85	77.3	76.85	77	463010
07/04/19	77	77.3	76.8	77	1299830
07/03/19	75.2	77.95	75.2	77	2475270
07/02/19	75.1	75.25	74.9	75.2	1566650
07/01/19	75.6	75.6	74.95	75.1	2461450
06/28/19	73.7	74.95	73.7	74	290150
06/27/19	75.8	75.8	73	73.7	777680
06/26/19	76.5	76.6	75.75	75.85	1204920
06/25/19	76	76.7	76	76.65	2443100
06/24/19	75.85	76.05	75.75	76	1567590
06/21/19	76.7	76.7	75.5	75.8	653060
06/20/19	76.65	77	76.5	76.65	1382040
06/19/19	76.6	76.65	76.5	76.6	1831790
06/18/19	76.3	76.65	76	76.6	647520
06/17/19	75.85	76.2	75.85	76.2	623940
06/14/19	76.45	76.5	75	75.85	801310
06/13/19	75.85	76.2	74.9	76.2	788950
06/11/19	75.8	76	74.4	75.5	182300
06/10/19	72.45	76	72.45	75.9	186050
06/07/19	72.95	73	71.5	73	271800
06/06/19	73	73.5	72.2	72.95	215360
06/04/19	73.4	73.5	72	72	200450
06/03/19	73.15	73.65	72.2	72.2	604080
05/31/19	72.2	73.3	72	73	292680
05/30/19	72.2	72.2	71	71	482750
05/29/19	71.5	71.5	70.6	70.85	458580
05/28/19	71.05	71.4	70.65	71	1304440
05/27/19	70.8	71.1	70.8	71	259510
05/24/19	71.3	71.3	70.15	71.05	452030
05/23/19	71.9	71.9	69.6	70.35	320530
05/22/19	73	73.45	71.15	71.45	191430
05/21/19	73	73.7	72.5	72.8	445070
05/20/19	71.05	73	70.5	73	155550
05/17/19	69.85	71.05	69.1	71.05	1234310
05/16/19	69.15	69.85	69.05	69.7	665160
05/15/19	69	70	68.55	69	1300980
05/14/19	72.5	72.5	68.1	68.85	914810
05/10/19	72.35	73.5	72.25	72.5	493440
05/09/19	70.65	72.95	70.4	72	810740
05/08/19	73	73	70.6	70.65	1707390
05/07/19	76.25	76.25	72.8	73	2050430
05/06/19	76.5	78	76.5	76.75	413900
05/03/19	77.7	78	77.5	77.5	238870
05/02/19	78	78	77.2	77.95	879150
04/30/19	77.05	78	76.4	78	339570
04/29/19	78.3	78.3	76.6	77	294500
04/26/19	78.2	78.3	77.25	78.3	68530
04/25/19	78.3	78.3	76.75	78.3	97890
04/24/19	78.7	78.7	77.7	78.3	248260
04/23/19	78	78.8	78	78.7	272450
04/22/19	78.6	78.9	78	78.85	254970
04/17/19	79	79	78	78.9	120620
04/16/19	80	80	78	78	266490
04/15/19	80	80	79.7	80	240130
04/12/19	80	80	79.9	79.9	38450
04/11/19	80.3	80.6	79.9	80.05	637210
04/10/19	80	80.05	79.6	80	531400
04/08/19	79.8	80.15	79.8	80	503880
04/05/19	80.35	80.35	79.85	80	45690
04/04/19	80	80.6	78.55	80.35	183980
04/03/19	80.05	80.05	79.9	80	888060
04/02/19	79	81	79	80.1	1633630
04/01/19	79.05	79.9	76.65	79	810000
03/29/19	79.15	79.4	78.8	79	846770
03/28/19	80	80.05	78	78	1421450
03/27/19	81.5	81.5	77.9	80	737560
03/26/19	81.9	81.9	81	81.1	467990
03/25/19	82	82	80.9	81.95	496460
03/22/19	81.15	82.5	81.15	82	824880
03/21/19	78.9	81.05	78.9	80.6	831420
03/20/19	80	80	78	78.5	666050
03/19/19	82.8	83	78.5	78.9	2078420
03/18/19	84.2	86.35	82.6	82.75	603320
03/15/19	85	85	83.7	84	5638550
03/14/19	87	87	84.95	85	504930
03/13/19	85.1	87	85.1	87	1052850
03/12/19	85	86.5	85	86	240720
03/11/19	86	86	84.5	85.5	123490
03/08/19	86.9	87.4	85.5	85.5	641700
03/07/19	85.25	87.3	85.25	87	1546200
03/06/19	85.1	85.75	85.1	85.65	478780
03/05/19	86.15	86.15	84.2	85.1	656690
03/04/19	86.5	86.5	84.8	85.3	642180
03/01/19	86	87.5	85.25	86.5	417360
02/28/19	86.9	88	85.25	87.5	358820
02/27/19	86.5	87.7	86	86.9	353670
02/26/19	87	88.25	85.5	87.75	323450
02/22/19	88	88	86.9	87	1025810
02/21/19	86.25	88.4	86.25	87	1307530
02/20/19	86.75	88.95	86.75	88	833370
02/19/19	88.5	88.55	86	86	725960
02/18/19	86.6	89	86.55	87	1397910
02/15/19	88.5	89	85	85	491420
02/14/19	85	89.4	85	89.4	253950
02/13/19	86	86.15	85	85.5	778880
02/12/19	86	86.55	85.2	85.5	278790
02/11/19	88	89.4	86	86	26950
02/08/19	87.6	89.4	87.6	87.8	602830
02/07/19	88.4	89	87.5	88.5	607220
02/06/19	88.5	90.65	88	88.4	1463930
02/04/19	90	90.15	86.75	89.1	268960
02/01/19	88	90.2	88	89.7	1963250
01/31/19	86.1	88	85	88	535330
01/30/19	83.65	86.45	83.65	86.1	659110
01/29/19	87.5	87.5	85.6	87	218880
01/28/19	85	87	84.95	86.5	999570
01/25/19	85.5	86	84.05	85	690360
01/24/19	85	86	82.1	85.5	1549110
01/23/19	84	84.85	82.05	84	97200
01/22/19	85.65	85.65	83.5	84	104680
01/21/19	86.1	86.3	82	82	151200
01/18/19	85.5	86.35	85	86	243990
01/17/19	86.2	88.8	81.05	85.5	1084440
01/16/19	87.4	88	85	87.5	303530
01/15/19	87.95	88	87	87	189370
01/14/19	87	88.5	86.05	87.35	547810
01/11/19	85.2	87.05	85.2	87.05	153870
01/10/19	86.9	87.4	85	85	194530
01/09/19	84.8	87	84.55	85.5	107510
01/08/19	87	88	84.8	84.8	1160620
01/07/19	88	88	87	87	2312980
01/04/19	84.5	88.65	83.9	88	1175690
01/03/19	81.75	84.8	80	84.8	255120
01/02/19	80.95	81.9	80.95	81.75	149250
12/28/18	78.5	80.9	78.35	80	1093370
12/27/18	80.95	80.95	76.9	78.8	256000
12/26/18	79.5	80	78.4	80	338240
12/21/18	79.75	81.25	78.6	80	648220
12/20/18	78.5	79.7	78.5	79.5	113510
12/19/18	79.05	79.5	78.5	79	365200
12/18/18	79	79.65	78	79.5	1110220
12/17/18	76.1	79.5	76	79.5	283400
12/14/18	76	76.55	76	76.25	502270
12/13/18	75	76.2	75	76	306070
12/12/18	75	75.3	74.05	75	157660
12/11/18	73.2	76	73.05	76	391990
12/10/18	71.5	73.05	71.2	72	2114180
12/07/18	72.3	72.3	70	71.5	1863590
12/06/18	74.55	74.55	72.1	72.5	1237650
12/05/18	77	77	74.5	74.6	1077220
12/04/18	76.1	77	75.1	76.35	1650750
12/03/18	76.5	77	74.05	74.95	872260
11/29/18	75.9	77	75.9	76.4	1342980
11/28/18	76.95	76.95	75.7	75.9	589020
11/27/18	72.1	77	72.1	76.95	1685230
11/26/18	74.7	74.7	71.2	72.05	1121130
11/23/18	73	73	71.6	72.05	406340
11/22/18	73.9	73.95	73	73	243020
11/21/18	74	76	73.7	73.9	736030
11/20/18	76	76	74	74	404190
11/19/18	74.4	76.7	74.4	76.7	230680
11/16/18	75.45	77	75.45	77	551470
11/15/18	76.5	77	75.3	76.7	112390
11/14/18	76.5	76.95	75	76.5	275050
11/13/18	75	76.8	74.5	76.5	540330
11/12/18	76.8	76.8	75.05	76	673700
11/09/18	76.9	76.9	75.1	76.8	32450
11/08/18	75.5	76.95	75.5	76.9	178960
11/07/18	77	77.8	75	75	481960
11/06/18	76	77	76	77	125420
11/05/18	74.1	76.1	74.1	76	641840
10/31/18	77.5	78	75.15	75.8	828550
10/30/18	78.6	78.6	77.5	78	264060
10/29/18	78	79	78	78.5	1570240
10/26/18	77.95	81	77.95	78	808040
10/25/18	79	79	77.5	78	617800
10/24/18	79	79.1	77.9	79	508630
10/23/18	78.9	78.9	77.5	78	687400
10/22/18	76.6	79.8	75.8	78.9	591140
10/19/18	76	77.5	75.8	76.5	467760
10/18/18	76.2	76.5	75.75	76	780230
10/17/18	76	77.8	76	76.1	453960
10/16/18	75.1	78.55	75.1	75.9	1300760
10/15/18	80	80	77	77	919560
10/12/18	74.9	80	73.55	80	83130
10/11/18	78.8	78.8	74	75	738490
10/10/18	77.5	78	77.25	78	360240
10/09/18	76.95	78.2	76.95	78	362390
10/08/18	78	78.35	77	77	1214250
10/05/18	80	80	77.8	78	1301740
10/04/18	79	79.2	77.05	79	1120940
10/03/18	79.3	79.3	78.9	79	1359300
10/02/18	79.8	81.8	79.3	81.8	702120
10/01/18	80.95	80.95	79.65	80	993230
09/28/18	81.9	81.9	79	79.7	826780
09/27/18	79.6	82	77.55	82	172090
09/26/18	79.5	79.55	78.7	79.4	1226470
09/25/18	79.1	79.1	78.4	78.6	446050
09/24/18	78.5	80	78.5	79.1	1165490
09/21/18	78.9	80	78.35	79	1237730
09/20/18	80	80	78.2	79	650030
09/19/18	81.95	81.95	78	80	1359230
09/18/18	81	82	77.5	82	1574640
09/17/18	79	81	78.8	80.5	107130
09/14/18	80	80	78	78.8	897610
09/13/18	81	81	79.5	80	834640
09/12/18	80.95	80.95	79.8	80	762760
09/11/18	80	81.75	78.6	80.95	161290
09/10/18	81	81	78.2	79.6	5386360
09/07/18	82	82	79.7	80.8	398050
09/06/18	80.05	82	79.6	82	305750
09/05/18	80.55	80.55	79.4	80.05	1107520
09/04/18	82	82	80	80.55	853450
09/03/18	81.5	82.3	79.5	82	1075170
08/31/18	78	81.6	77.85	81.6	513490
08/30/18	79	79.85	77.9	77.95	1524490
08/29/18	80.1	80.85	78.55	79	2110870
08/28/18	81.4	81.4	79.9	80	703150
08/24/18	82.85	82.85	81.25	81.95	408270
08/23/18	81.95	83	81.55	82.1	415240
08/22/18	80	81.8	80	81.05	266250
08/20/18	82	82	79.5	79.5	299810
08/17/18	82	82	81.05	81.05	382710
08/16/18	82.95	82.95	80.95	81.05	634640
08/15/18	83.1	83.1	80.85	81.45	412650
08/14/18	85	85	82	82.75	650310
08/13/18	85.45	85.5	84.5	84.95	100650
08/10/18	87	87	85.3	85.45	657050
08/09/18	87.05	87.1	86.5	86.7	102050
08/08/18	86.1	87.6	86.1	87	513150
08/07/18	88.55	89	86	87	1076350
08/06/18	88.45	88.5	88.2	88.45	110160
08/03/18	88.05	88.5	88	88.45	503380
08/02/18	87	88.5	86.95	88	553900
08/01/18	87	87	86	87	229750
07/31/18	87.45	88	85.4	85.4	109770
07/30/18	86.4	87.4	86.05	87	648230
07/27/18	83.95	86.5	83.95	86	79830
07/26/18	81.55	85.25	81.55	83.95	407760
07/25/18	83	85	81.1	81.1	508710
07/24/18	83	83.2	80	83	256310
07/23/18	83	83	82.95	83	1064840
07/20/18	83	83	82.05	83	222470
07/19/18	82.95	83	82.3	83	324940
07/18/18	83	83.05	82.95	83	206920
07/17/18	83	83	82.5	83	322560
07/16/18	82.6	83	82.6	83	41380
07/13/18	82.8	83	82.5	82.5	312770
07/12/18	83.9	83.9	82	82.8	107280
07/11/18	82.2	83.4	82.15	83.4	1209410
07/10/18	82	83	82	83	46250
07/09/18	82.5	83.95	79.65	82	469540
07/06/18	81.5	84	79.05	83.95	102650
07/05/18	81.4	82.95	80	82.95	115370
07/04/18	79.7	81	79.5	81	347380
07/03/18	79.5	81.5	78	79.7	455100
07/02/18	79.5	81.5	79	79.7	433850
06/29/18	78	79.55	78	79.5	715140
06/28/18	79	79	76.5	77.8	1282350
06/27/18	77.5	79.5	77	79.5	920620
06/26/18	79	79	77	77.5	989390
06/25/18	83.3	83.35	77.2	79	511660
06/22/18	81	82	78.75	80.9	507590
06/21/18	79.5	81	78.95	81	333120
06/20/18	81.55	81.6	79.2	79.5	475480
06/19/18	82.85	82.85	81.4	81.55	790130
06/18/18	84	84	82.75	82.9	968740
06/14/18	86	86	83.85	84	615110
06/13/18	88.5	88.5	85.6	86.5	434320
06/11/18	87.4	88.9	87.4	87.8	167730
06/08/18	87.8	87.8	87.8	87.8	103800
06/07/18	87.7	87.9	87.4	87.5	581600
06/06/18	87.1	88.05	87.1	87.8	135060
06/05/18	88	89	87	89	101720
06/04/18	89	89	88.5	88.5	166940
06/01/18	89	89	87.05	89	18510
05/31/18	88	88	86.6	88	150840
05/30/18	89.9	90	87.9	88	551340
05/29/18	89.6	90	86.4	90	213690
05/28/18	88.6	89.6	86.2	89.6	723370
05/25/18	87	87.15	86	87.15	185800
05/24/18	89.8	89.9	88	88.6	441610
05/23/18	89.5	89.9	88.6	89.8	69750
05/22/18	90	90	87	89.95	70760
05/21/18	90	90	87.15	90	44380
05/18/18	89.9	89.9	86.55	88.3	75950
05/17/18	88	89.9	86.2	89.9	611130
05/16/18	89.95	89.95	88	89	35270
05/15/18	90	90.7	88.4	89.9	225180
05/11/18	88.5	89	88.35	88.95	68280
05/10/18	86	88.95	86	87.6	499550
05/09/18	87.5	89.65	85.4	87	263010
05/08/18	90	90	87.4	87.65	1298290
05/07/18	88.5	90.4	88.45	90.4	48670
05/04/18	89	90.2	87.65	90.2	1001480
05/03/18	90	90.5	88	90.5	615180
05/02/18	88	91.1	88	90.1	207920
04/30/18	88.6	92	87	91	240050
04/27/18	88	89	86.6	88.6	217500
04/26/18	88.25	88.25	87	87	714450
04/25/18	89	89	87.95	88	3497840
04/24/18	88.5	89	88.5	89	1292120
04/23/18	87.5	88.8	87.15	88.8	190180
04/20/18	88	88	86	87	472030
04/19/18	85	88	84	88	679670
04/18/18	83.4	85	82.7	84.3	975720
04/17/18	84	84	82.6	83.4	618470
04/16/18	86.5	86.5	82.6	84	311410
04/13/18	84.5	86	83.65	84.9	324570
04/12/18	87.45	87.5	84.6	84.6	476510
04/11/18	89	89	86.6	88	227560
04/10/18	89	89.35	87	87	875100
04/06/18	90	90	87.15	89.9	313920
04/05/18	90	90	87.75	89.3	209180
04/04/18	90	91	87.6	87.6	243520
04/03/18	89	90	87.2	90	459850
04/02/18	89.3	89.3	87	89	570040
03/28/18	89.85	89.85	88.2	89.3	6253850
03/27/18	90	90	86.9	89.9	677680
03/26/18	90	90	86	87	1192970
03/23/18	86.45	87	85.3	86.6	588740
03/22/18	85	87.5	84.8	87.5	486570
03/21/18	84.6	85.5	84.55	84.75	1253930
03/20/18	85	86.5	84.45	84.6	1295890
03/19/18	84.5	85	83.8	84.6	1773260
03/16/18	87.2	87.2	84	84.5	3991620
03/15/18	91.35	91.35	86.75	87	2262860
03/14/18	91.3	92.15	90.6	91.35	1820140
03/13/18	94.4	94.4	93	94	1638680
03/12/18	94	94.1	93.5	94	438560
03/09/18	93.25	94	93.2	94	472150
03/08/18	92.85	94.9	92.05	94	736750
03/07/18	94.9	94.9	92.65	94	977980
03/06/18	92.6	95	91.1	94.95	372910
03/05/18	93	93	91.15	92.6	430430
03/02/18	93.2	93.2	91.2	93	527150
03/01/18	94.1	94.1	92	93.4	686220
02/28/18	92	95	92	95	404010
02/27/18	93	94	92.3	92.4	677310
02/26/18	93.5	94.3	93	94	387540
02/23/18	94.15	94.2	93	94	696600
02/22/18	94.75	94.75	94	94.15	1379630
02/21/18	95	95	94.1	94.75	249160
02/20/18	95.9	95.9	94.85	95	435150
02/19/18	95	95.7	94.1	95	789790
02/15/18	94.2	95.7	94.2	95.7	154580
02/14/18	95.25	95.9	94.1	95.6	406210
02/13/18	95	95.5	94.1	95.25	1029620
02/12/18	94.1	95	94.1	95	547200
02/09/18	94.95	95	94	94.95	572300
02/08/18	97	97	94.95	95.1	652560
02/07/18	97.25	97.8	94.5	95	489000
02/06/18	94.6	95	94	95	533250
02/05/18	96.9	96.9	94.4	96	493390
02/02/18	94.65	96.95	94.65	96.9	355130
02/01/18	95.4	96.8	94.6	94.6	694480
01/31/18	97.95	97.95	94.6	94.6	963410
01/30/18	98.4	98.4	97.2	97.9	528180
01/29/18	97.8	98.6	97.2	98.5	348730
01/26/18	100	100	97.15	98.5	417020
01/25/18	97.2	100.9	97.2	100	367840
01/24/18	98	100	97	99.75	54000
01/23/18	96.55	100.5	96.5	98	506740
01/22/18	97.8	98	97	97.8	108880
01/19/18	99.55	100	96.1	98	522840
01/18/18	99.85	100	98	100	503710
01/17/18	101.5	101.5	97	99.85	373350
01/16/18	98.1	101.5	98.1	101.5	469060
01/15/18	100	100	96.1	97.9	693070
01/12/18	98.6	101.8	96.75	100	1030490
01/11/18	96.6	98.95	96.6	98.5	1437560
01/10/18	95.6	97	95.6	96.7	300810
01/09/18	94.2	97.7	94.2	95	525100
01/08/18	94.1	96	93.6	96	234030
01/05/18	94.85	95	93.5	94.1	962750
01/04/18	97.35	97.4	93	94.3	1074930
01/03/18	96.2	97.35	95	97	1060310
12/29/17	96.3	96.3	94.8	96.2	668260
12/28/17	95.3	96.2	94	95.5	207160
12/27/17	93.95	96.1	93.95	95.3	419840
12/22/17	93.65	94.85	92	93.95	161810
12/21/17	93	93.7	92.3	93.7	81990
12/20/17	92.1	93.95	91.5	92.8	298630
12/19/17	93.9	93.9	92	93	192190
12/18/17	92.2	93.9	92	93.9	97990
12/15/17	93	93	92	92.25	343480
12/14/17	93.7	93.7	92	92.9	272160
12/13/17	93	93.6	91.5	91.7	427060
12/12/17	93.75	94	92.1	94	147660
12/11/17	92.85	94	91.25	94	536650
12/08/17	91	92.85	90.25	92.85	2691170
12/07/17	91.95	91.95	89.95	91	2003130
12/06/17	93.9	94	92.25	92.4	547640
12/05/17	96.95	96.95	92.1	93.4	685620
12/04/17	96.95	97	93.6	97	377630
12/01/17	97	97	93.15	96.95	94510
11/29/17	94	97	94	97	342640
11/28/17	95	96.95	93.95	94	225140
11/27/17	96	97	92	97	573290
11/24/17	94.75	96.5	94	96.5	507490
11/23/17	94	94.9	92.2	94.8	85070
11/22/17	94	94.8	94	94	220730
11/21/17	93.05	94	90.6	94	417650
11/20/17	92	92	90.1	90.35	365190
11/17/17	92	93	91	92	193690
11/16/17	90.25	93	90.2	92	1589600
11/15/17	91.55	91.8	91.4	91.55	1025060
11/14/17	94	94.1	91.8	93	1088640
11/13/17	95	95.5	93.4	94	420930
11/10/17	94.6	95.2	93.5	95	104980
11/09/17	94.95	95.15	93.6	94	771090
11/08/17	94.2	95.8	94.2	95	1899600
11/07/17	95	95.45	93.65	94	1981970
11/06/17	95.5	95.5	93.65	95	291330
11/03/17	96.9	97.5	93.5	93.5	706000
11/02/17	96.5	97.1	95.55	97	1875250
10/30/17	94.95	97	94.95	97	1288980
10/27/17	94.9	95	93.55	94.45	825860
10/26/17	93	95	93	93.8	506840
10/25/17	93	93.5	92.5	93	1082050
10/24/17	92	93.6	92	93	1918820
10/23/17	91.5	92.95	91.5	92	698240
10/20/17	93.7	93.75	91.5	91.5	1297990
10/19/17	95.05	95.3	93.55	93.8	938490
10/18/17	97.4	97.4	93.1	95.3	1828870
10/17/17	98	98	97.4	97.4	1181450
10/13/17	97.75	98	97.5	97.9	1515590
10/12/17	98	99	97.8	98	1284290
10/11/17	101	101.5	97.75	98	2391150
10/10/17	106.3	106.3	102.5	103	971860
10/09/17	105.5	106.4	105	106.1	680090
10/06/17	105	108.1	104.9	106	1023030
10/05/17	104	105	103	105	342110
10/04/17	104	104.5	103.1	104	1367940
10/03/17	100	105	100	105	2905450
10/02/17	98.5	100	97.8	100	1499280
09/29/17	99	100	97.7	99	2426700
09/28/17	99	99.2	97.15	99	3541200
09/27/17	100.2	101.2	98.5	98.5	13370460
09/26/17	94	105	92.2	100	4817610
09/25/17	91.1	96	91.1	95.2	1069010
09/22/17	93.75	95.35	91	91	651270
09/21/17	93.9	93.95	92.85	93.25	599460
09/20/17	95	95.35	93.3	93.9	462270
09/19/17	95.35	95.35	94.7	95	489110
09/18/17	95.5	95.5	95	95.35	522220
09/15/17	95.9	95.9	95	95.4	388530
09/14/17	93.2	96.3	92.8	95.95	678620
09/13/17	95.5	95.5	92.5	93.5	844590
09/11/17	94.9	95.9	93.55	95.9	390110
09/08/17	96.3	96.3	93.5	95	1163460
09/07/17	94.2	96.3	93.5	95	1530190
09/06/17	91.1	93.75	91.1	93.2	584680
09/05/17	91	91.5	91	91	890030
09/04/17	91	91	89.85	90.95	837240
08/31/17	90	91.5	90	90.75	916350
08/30/17	89.75	90	88.8	90	244630
08/29/17	90	90.05	88.8	89	263570
08/25/17	90	90.1	89.6	90	176270
08/24/17	88.95	90	88.95	90	567840
08/23/17	88	88.95	88	88.8	12340
08/22/17	88.9	88.9	88	88	246400
08/18/17	88	88.95	87.5	88.9	153380
08/17/17	88	89	87.9	88	51550
08/16/17	88	89	87.5	88	686940
08/15/17	86.7	89	86.7	87.5	618770
08/14/17	83.8	86.5	82.6	86.5	885770
08/11/17	86	86	84	84.4	245630
08/10/17	86.9	86.9	85.95	86	498820
08/09/17	86.9	87	85.8	86.9	2345570
08/08/17	87	87	86.55	86.9	730940
08/07/17	87	87	86.9	86.95	1194400
08/04/17	87	87	86.95	87	2717770
08/03/17	86.5	87.65	86.5	87	364770
08/02/17	87	87.2	84	85.4	708620
08/01/17	86.8	87	86.8	86.95	239140
07/31/17	87	87	86.6	86.6	328560
07/28/17	87.1	87.1	86.6	86.95	1093160
07/27/17	87.1	88	87.05	87.1	945810
07/26/17	86.9	87	86.9	86.95	782110
07/25/17	87	87	87	87	554130
07/24/17	87	87	86	87	1074540
07/21/17	87.35	87.65	86.5	86.5	340150
07/20/17	87.5	88	87	87.65	2205660
07/19/17	86.5	87.2	86.5	87	2206160
07/18/17	87.5	87.5	86.5	86.95	71260
07/17/17	86.8	87	86.8	87	496970
07/14/17	87.95	87.95	86.95	87	740870
07/13/17	87.8	91	87	87.95	248630
07/12/17	86	88	86	88	694440
07/11/17	88	88.5	86	87.95	545750
07/10/17	87.5	89.15	87.5	88	744210
07/07/17	88.05	89.15	88	88	962340
07/06/17	87.5	88	87.25	88	925090
07/05/17	87.85	88	87.8	87.85	991780
07/04/17	87.9	88	87	87.8	910550
07/03/17	87	88.15	87	87.9	1545940
06/30/17	86.7	87.95	86.45	87	1030890
06/29/17	87.85	88	87.35	87.85	942980
06/28/17	87.5	88	87	87.75	199530
06/27/17	88	88.15	87	87.5	1530360
06/23/17	88	88	87.85	87.9	1100790
06/22/17	87.3	88	87.3	88	798180
06/21/17	88	88.1	87.05	88	463550
06/20/17	87.9	87.95	87.75	87.95	671030
06/19/17	87.95	88.1	87.9	87.95	1141840
06/16/17	87.95	88	86.8	87.95	2587480
06/15/17	87.8	88	87.7	87.95	561120
06/14/17	88.5	88.5	87.6	87.8	621360
06/13/17	87.65	88.15	87.65	87.95	1133780
06/09/17	87.8	88.4	87.45	87.65	1127230
06/08/17	89.05	89.2	87.45	87.8	2220930
06/07/17	88.3	89	88.3	88.75	2394800
06/06/17	89	89	88	88	1847280
06/05/17	87.95	89	87.55	89	2258210
06/02/17	88	88.05	87.5	87.95	1641140
06/01/17	85.8	88.1	85.8	88	1948160
05/31/17	84.5	86.1	84.5	85.7	439110
05/30/17	84.65	85.2	84.4	84.5	1106930
05/29/17	84.75	85.5	83.5	84.5	564830
05/26/17	83.5	85.25	83.5	85	1109000
05/25/17	83.6	83.6	83.45	83.5	1866350
05/24/17	84.1	84.1	83	83.5	1458010
05/23/17	83.55	84.3	83.55	84.2	859300
05/22/17	83	83.85	83	83.55	1507890
05/19/17	83.95	84	83.2	83.65	422390
05/18/17	82.2	83.85	82.15	83.65	2343150
05/17/17	80.5	82.3	80	82.1	1553730
05/16/17	80.25	80.75	79.7	80	1189240
05/15/17	81	81.05	80	80.05	270010
05/12/17	78	81	78	81	984960
05/11/17	77.75	77.75	76	76.6	145270
05/10/17	79.5	79.5	77	77	304380
05/09/17	79.8	79.8	79	79	157810
05/08/17	79.8	80	79.6	79.8	879210
05/05/17	79.5	79.85	79.5	79.6	847780
05/04/17	79	79.8	79	79.5	469080
05/03/17	79	80.9	79	79	178240
05/02/17	79	79	78.55	78.85	1343900
04/27/17	79.6	79.75	79.25	79.4	302960
04/26/17	80	80.05	79.4	79.7	860970
04/25/17	79.45	80.9	79.45	79.7	398500
04/24/17	80	81	79.45	80.8	245930
04/21/17	79	80	78.5	79.85	435340
04/20/17	81.2	81.2	80	80	79630
04/19/17	79.3	81.3	78.6	80	809340
04/18/17	78.95	79.1	78.6	78.7	1216140
04/17/17	78.3	78.95	76.6	78.95	939550
04/12/17	78.75	78.95	77	78	199360
04/11/17	79	79	78.7	78.75	781420
04/10/17	78.95	79.5	78.7	78.85	885510
04/07/17	76	78.95	76	78.95	727150
04/06/17	77.7	77.7	75.65	76.05	1101540
04/05/17	79	79.2	77	77.85	264740
04/04/17	77	79	76.85	78.4	711990
04/03/17	77	77	75.5	75.5	351160
03/31/17	77.15	77.2	76.7	77	60120
03/30/17	77.2	77.2	77	77.1	631370
03/29/17	77.25	77.25	73.8	76.6	318000
03/28/17	76	77.25	76	77	914590
03/27/17	77.5	77.5	75.8	76.05	986330
03/24/17	77	78.5	77	77.5	2180640
03/23/17	76.5	77.1	76.05	77	753250
03/22/17	78.2	78.2	76.45	76.5	2446650
03/21/17	81	81	78.2	79	2234830
03/20/17	81.9	82	80.6	81	1982960
03/17/17	81.6	82.5	81.6	81.9	2477360
03/16/17	82.4	83	81.6	81.6	721550
03/15/17	82.35	82.35	80.6	82	1230990
03/14/17	82.35	82.9	82.05	82.35	1825150
03/13/17	82.2	82.5	82	82.05	1118640
03/10/17	81.2	82.2	81.2	81.2	76530
03/09/17	80.8	82.35	80.8	81.5	907650
03/08/17	80.8	81.5	80	80.8	367780
03/07/17	81.05	81.05	79.05	80.8	404860
03/06/17	80	81.5	79.5	81	3218840
03/03/17	80	80	79.9	80	977250
03/02/17	80	80.6	79.8	80	589850
03/01/17	81.15	81.15	80	80	2238500
02/28/17	80	81.5	80	81.15	1281570
02/27/17	79	81.2	79	81	249470
02/24/17	80.4	80.4	79	79.2	1764000
02/23/17	79.6	80.35	78	80.35	519620
02/22/17	80	80	79.5	79.5	44590
02/21/17	80.95	80.95	78	79.35	533980
02/20/17	81.45	81.45	80.15	80.5	27300
02/17/17	80.7	81.5	79.75	81.45	650640
02/16/17	78.3	80	78	79	797270
02/15/17	78.75	78.75	77.9	78	173760
02/14/17	79.35	79.5	77.9	78.75	881070
02/13/17	79.25	82.7	79.2	80	186310
02/10/17	79.5	79.5	79	79.25	1061840
02/09/17	80.7	81.05	79	79	836540
02/08/17	81.2	81.3	80.75	80.75	1964140
02/07/17	80.6	81.5	80.6	81.2	1415940
02/06/17	81	83.95	80.75	80.75	1479620
02/03/17	80.6	80.95	80.6	80.75	1019900
02/02/17	79.25	80.55	79.25	80.5	1436690
02/01/17	79.2	79.5	78.85	79.15	1268490
01/31/17	79	79.1	78.7	79	2104070
01/30/17	78.7	80.25	78.6	78.7	1107610
01/27/17	78	78.9	77.8	78.05	1220480
01/26/17	77.8	78.95	77.5	77.5	1342680
01/25/17	77	77.85	76.5	77.45	890480
01/24/17	76.5	77.25	76.45	76.55	1819160
01/23/17	75.8	76.95	75.35	76.5	1220240
01/20/17	73.05	76	73.05	75.8	849960
01/19/17	73.2	74	72.7	72.7	1064590
01/18/17	73.95	73.95	73.2	73.2	380220
01/17/17	73.5	74	73.5	73.5	73780
01/16/17	73.5	74	73.45	73.5	433690
01/13/17	75	75	73.1	73.5	650270
01/12/17	76	76.8	74.65	74.65	612380
01/11/17	77	77	74.5	75	1421530
01/10/17	75.2	77.5	75.2	77	812990
01/09/17	76	77.45	74.8	75.3	125320
01/06/17	75.9	77.5	75	76	1769310
01/05/17	73.85	76	73.8	75	1385250
01/04/17	74	74.3	73.5	73.85	4057970
01/03/17	74.45	74.45	73.9	73.9	134640
12/29/16	72.9	74.45	72.9	74.25	1303910
12/28/16	72.5	72.9	72.1	72.6	333470
12/27/16	72.9	72.9	71	71.05	55100
12/23/16	72.55	72.95	71.05	71.05	545940
12/22/16	74	74	72.8	73	706810
12/21/16	71.8	74	71.8	74	711240
12/20/16	72	72.95	72	72.05	504580
12/19/16	71.5	72.85	71	72.85	442500
12/16/16	73	73	71.05	71.05	1173530
12/15/16	75	75	72.15	74	984390
12/14/16	73.8	73.95	72.05	72.1	42840
12/13/16	72.5	73	71.5	71.5	800810
12/12/16	73.9	73.9	72.5	72.5	142650
12/09/16	74	74.1	73.1	73.9	277490
12/08/16	73	74.45	73	74.05	541960
12/07/16	72.7	75	72.7	74	119200
12/06/16	75	75.9	73	73	128430
12/05/16	76.5	76.5	74	75	729310
12/02/16	75.4	77.3	75	76.5	1242940
12/01/16	73.65	75.5	73.65	75.4	630330
11/29/16	72.6	72.6	72	72.25	124470
11/28/16	73.95	73.95	72.3	72.6	41830
11/25/16	72.6	73.95	72.35	72.6	480800
11/24/16	72.05	73	72.05	72.6	173810
11/23/16	72	74.85	72	73	242230
11/22/16	74.8	74.8	72	72	412410
11/21/16	74.85	75.2	74.7	74.8	4910
11/18/16	74.6	75	74.6	74.95	1323830
11/17/16	74.85	75	74.6	74.6	567600
11/16/16	74.95	75	73.5	74	1790980
11/15/16	73.5	74.5	72.1	72.15	1559480
11/14/16	78	78	74	74	567730
11/11/16	76	78.5	75	78	365770
11/10/16	76	78	75.95	77.65	657580
11/09/16	77.75	77.75	74.5	75.95	1251990
11/08/16	75.45	78	75.45	77.1	1018490
11/07/16	74	74.1	74	74	702100
11/04/16	74.05	74.9	74.05	74.2	663920
11/03/16	74.5	75.35	73.5	74.05	1993080
11/02/16	78	78	75	75.35	523330
10/28/16	76.85	78	76.85	77.3	120330
10/27/16	78	78	76.7	77	285810
10/26/16	79.9	79.9	77	77.1	621690
10/25/16	80.8	80.8	78	79.9	266880
10/24/16	81	81.1	80.8	81	518280
10/21/16	78.8	81	78.8	81	1236990
10/20/16	77.1	79.15	76.85	79	1645670
10/19/16	72	78.5	72	78.5	4953730
10/18/16	72.6	72.6	72	72	1520460
10/17/16	73.05	73.05	71.2	71.95	2225540
10/14/16	73.35	73.95	73.05	73.25	660770
10/13/16	74.5	74.5	73.35	73.35	1043420
10/12/16	75.5	75.5	74.45	74.5	1882060
10/11/16	75.9	75.9	75	75.5	664490
10/10/16	77	77	75	75.75	1305610
10/07/16	76.35	76.5	76	76	620290
10/06/16	76.85	77	76	76.35	420130
10/05/16	76.95	76.95	76.8	76.85	749940
10/04/16	76.7	77.2	76.6	77	649040
10/03/16	75.95	77	75.8	76.5	2012000
09/30/16	77.5	77.5	75	75.05	1976280
09/29/16	78.5	78.5	77.5	77.5	526960
09/28/16	78	78.2	77.9	77.9	553510
09/27/16	78.05	78.1	77.05	77.95	783550
09/26/16	78.6	79.2	78.4	78.4	512740
09/23/16	80	80.2	78.6	78.6	901540
09/22/16	79.5	80.5	79.05	80	1792900
09/21/16	79	79.85	78.5	79.1	979550
09/20/16	79	80	79	80	692540
09/19/16	79.05	79.5	79.05	79.4	279580
09/16/16	79.5	79.9	78.6	79.05	524790
09/15/16	78.5	79	78.3	79	2042200
09/14/16	76.8	79	76.8	78.5	4295760
09/13/16	76.8	77.25	76.5	76.8	1912920
09/09/16	76.5	77	76	77	1044140
09/08/16	78	78	75.95	76.2	2023550
09/07/16	81.2	81.2	78	78	2793780
09/06/16	81.65	82	81.2	81.2	358940
09/05/16	81.6	81.8	81.5	81.7	256690
09/02/16	81	83.75	81	81.7	177930
09/01/16	84	84	81	81.6	115930
08/31/16	80.9	84	80.9	84	286110
08/30/16	82.75	82.95	81.85	81.9	279980
08/26/16	83.4	83.4	82	82.75	181510
08/25/16	81.9	83.4	81.75	81.8	790600
08/24/16	83.6	84	81	81.95	5573520
08/23/16	82.1	84.1	82	83.6	2527050
08/22/16	82	83.95	81.95	82	540200
08/19/16	81	82.5	81	82	1247590
08/18/16	79.5	82	79.3	80.5	1381210
08/17/16	82.5	82.5	78.5	79.6	2245610
08/16/16	85	85	82	82	912980
08/15/16	86	86	84.5	84.9	752840
08/12/16	85.3	86.5	84.8	86	198710
08/11/16	87.95	87.95	86	86.5	315270
08/10/16	87	87	86	87	754050
08/09/16	86.55	87	86.55	87	166250
08/08/16	86.1	87	86	86.55	2853750
08/05/16	86.1	86.5	86	86	715710
08/04/16	84.8	86.5	84.8	86.1	822240
08/03/16	87.5	87.5	86	86.1	207950
08/02/16	85.5	88	85.5	87.5	592590
08/01/16	86.5	87	85	85.5	731820
07/29/16	86	86.8	84.8	86.1	488590
07/28/16	85	86.15	84.9	86	797960
07/27/16	86.15	86.5	84.9	84.9	1738280
07/26/16	86.45	86.75	85.8	86.15	1306380
07/25/16	86.9	87.1	86.3	86.3	881570
07/22/16	87.05	87.05	86.8	86.9	374320
07/21/16	87.05	87.05	86.7	86.8	1696920
07/20/16	87.75	87.75	87.1	87.4	2182400
07/19/16	85.2	88	85.2	87.75	199860
07/18/16	88	88	87.9	88	1508730
07/15/16	88	88	87.15	87.85	1646320
07/14/16	88	89	87.3	88	491950
07/13/16	86.5	89	86.5	88	1019700
07/12/16	84	86.7	84	86.5	258830
07/11/16	84.2	84.55	83.5	84	3115240
07/08/16	84.45	84.5	83.95	84	745040
07/07/16	84.5	84.6	83.1	84.5	365760
07/05/16	85.75	86.15	83	84.5	3392570
07/04/16	86.35	86.35	83.45	85.95	1508540
07/01/16	86.05	86.45	86	86.1	664460
06/30/16	83	86.6	83	85.95	1729950
06/29/16	82.8	83.1	82.1	82.8	493250
06/28/16	81.6	82.5	81.5	82	822370
06/27/16	77.95	80.4	76.95	80	974890
06/24/16	80.05	82.4	76.9	78	2356410
06/23/16	83.2	83.2	80.45	80.45	196700
06/22/16	83.5	83.55	82.6	83.2	1851450
06/21/16	80.2	83	80.2	82.5	968160
06/20/16	79.75	81.2	79.75	81	779750
06/17/16	80.1	80.2	79.6	79.75	1717680
06/16/16	79	81	79	80.1	471520
06/15/16	79.9	80.5	79.9	80.1	1266460
06/14/16	80.2	80.5	79.75	79.9	1489780
06/13/16	81.15	81.5	80.2	80.2	1495480
06/10/16	82.5	82.5	80.95	81.15	1809790
06/09/16	81.3	82	80	81.85	1006290
06/08/16	81.9	82.05	81.5	82	3036780
06/07/16	82	82.2	80.1	81.95	697990
06/06/16	80.55	82.45	80.55	82	631520
06/03/16	78.6	80.5	77.8	80.5	425510
06/02/16	80	80	78.55	78.55	127250
06/01/16	81	81.3	80.8	80.9	1152920
05/31/16	79.3	80.5	78	80.5	806570
05/30/16	80	80	79	79.25	239560
05/27/16	78.5	79.8	78.4	79.25	446440
05/26/16	77.4	78.8	77.4	78.4	240760
05/25/16	77.3	78	77.3	77.4	867070
05/24/16	77.2	77.7	77	77.05	480810
05/23/16	77.55	77.7	77.1	77.2	789510
05/20/16	78.95	78.95	77.55	77.65	349730
05/19/16	78.3	80	78.3	78.95	302050
05/18/16	78.8	78.8	78	78.2	526100
05/17/16	80.4	81	77.3	78	2254640
05/16/16	82.45	82.45	80.2	80.4	2189060
05/13/16	81.2	82.95	80.5	82.95	1527630
05/12/16	82.2	82.2	80.85	81.05	3787750
05/11/16	79.4	82.55	79.4	82.2	2976780
05/10/16	74.95	78	74.5	77.5	637160
05/06/16	74.8	76	74.8	74.95	2292770
05/05/16	76	77	74	75	183530
05/04/16	76.85	77	75.8	76	762670
05/03/16	76.95	77.6	76.75	76.85	552620
05/02/16	76.85	77	76.8	76.95	1145080
04/29/16	76.65	77.7	76.65	77	1789240
04/28/16	76.5	77	76.5	76.7	419840
04/27/16	77.25	77.5	75.4	76.6	618980
04/26/16	78.4	78.4	76.8	77.25	4223300
04/25/16	80	80	77.25	77.6	1563310
04/22/16	80.1	80.1	79.45	79.9	1441380
04/21/16	79.5	80.6	79.5	80.05	1961640
04/20/16	79.3	79.8	79.3	79.5	451140
04/19/16	78.4	79.45	78	79.3	1718090
04/18/16	78	78.55	77.75	78.15	1311010
04/15/16	79.1	79.2	77.5	78	8604320
04/14/16	78.05	79.1	78	79.1	1280220
04/13/16	78.7	78.7	77.5	78	657020
04/12/16	78.5	79.4	78.1	78.3	953430
04/11/16	77.25	79	76.9	78.3	1217180
04/08/16	76.5	77.25	76.4	77	929930
04/07/16	75.3	77.3	75.3	76	1359360
04/06/16	72.1	75.05	72.1	74.5	2191340
04/05/16	73.5	73.8	72	73.7	854770
04/04/16	74	74.2	73.85	74	1528520
04/01/16	74.7	74.8	73.85	74	3756200
03/31/16	72	74.65	72	74	3797570
03/30/16	72	72.15	70.5	71.85	2116650
03/29/16	72.1	72.1	71.65	72	3270010
03/28/16	71	72.1	71	71.8	1963430
03/23/16	69.25	70.95	68.8	70.15	773630
03/22/16	71	71	69	69.25	473970
03/21/16	71.8	72	70	70.8	925610
03/18/16	72	72	70.6	71.8	2490440
03/17/16	70.9	72.35	70.9	72	2447170
03/16/16	71	71	68.5	70.5	1763890
03/15/16	70	71	69.95	71	2244980
03/14/16	70	70.5	68.9	70	1250430
03/11/16	69.1	70.9	68.9	70	2157770
03/10/16	68.3	69.1	67.9	69	2243520
03/09/16	64.95	68.15	64.85	68	7693310
03/08/16	64.9	64.95	64.75	64.95	1868580
03/07/16	63.8	65	62.9	64.75	2565540
03/04/16	62.5	63	62.5	62.5	4374070
03/03/16	62.65	62.75	61.9	62.3	3238880
03/02/16	60.3	61.8	60.3	60.85	1855910
03/01/16	62	62	60.1	60.3	1098120
02/29/16	59.8	61.95	59.8	61.3	482490
02/26/16	60.5	60.5	59.6	59.8	554010
02/24/16	62.5	62.5	60.35	60.5	860850
02/23/16	63	63	62.7	62.7	788310
02/22/16	63.5	63.5	62.5	63	456800
02/19/16	62.4	63.2	62.4	63	1302880
02/18/16	61.5	62.7	61.5	62.5	431130
02/17/16	61.5	62	61	61.5	1009460
02/16/16	61.05	61.65	61.05	61.5	1779160
02/15/16	60.35	61.4	60.3	61.05	426600
02/12/16	60.8	60.8	60	60	326080
02/11/16	59.95	61.7	59.95	60.9	278330
02/10/16	60	60.05	59.9	59.9	491610
02/09/16	60.05	60.3	59.5	60	28860
02/05/16	60	61.9	60	61.1	1754490
02/04/16	60.55	60.55	59.5	60.25	831280
02/03/16	61.1	61.15	59	60.2	1586020
02/02/16	59	63	59	63	724630
02/01/16	61	61.8	59	59	1116450
01/29/16	57.6	59.05	57.6	59.05	2221850
01/28/16	58	58	56.55	57.3	1579050
01/27/16	58.2	59.7	56.8	58	1545380
01/26/16	57.8	57.8	56.2	57	2717720
01/25/16	58.6	59.05	58.2	58.5	2717790
01/22/16	59.9	59.9	56.1	58.2	1782240
01/21/16	61.5	61.5	56	57.15	2271550
01/20/16	60.55	60.55	58.7	58.9	1329310
01/19/16	61.55	61.55	60.55	60.95	1546330
01/18/16	62	62.1	61.4	61.55	1559090
01/15/16	64.3	64.3	64	64	1327270
01/14/16	65	65	64	64	1099540
01/13/16	65	65.1	64.4	65.1	448740
01/12/16	63.1	66.2	63.1	65	1723110
01/11/16	64	64.5	62.4	63.1	943450
01/08/16	67.35	67.35	64	65	1882340
01/07/16	67	67.4	66	67.4	917280
01/06/16	65.35	67.8	65.3	66.75	980500
01/05/16	64.5	65.5	63.9	65.3	289300
01/04/16	64.3	64.5	63.6	64.15	1279510
12/29/15	62.95	63.45	62.75	63	1655320
12/28/15	62.5	63.45	62.5	62.95	380160
12/23/15	63	63.7	62.4	62.45	720640
12/22/15	63.35	64	62.8	63	1412320
12/21/15	62	62.15	61.7	61.8	1061050
12/18/15	64	64	61.2	62	1477220
12/17/15	63	64	62.7	62.7	1931670
12/16/15	64.3	64.3	62.7	62.7	362420
12/15/15	64.25	65.4	63	63	1042840
12/14/15	65.85	65.85	63.2	63.6	1960490
12/11/15	67.9	67.9	65.8	66.3	821560
12/10/15	68.2	68.2	67.75	67.9	261360
12/09/15	68	68.7	68	68.05	672720
12/08/15	68.9	69	67.5	68	1657110
12/07/15	68.85	69	68.85	69	463050
12/04/15	69.35	69.35	68.75	68.85	1482360
12/03/15	69.95	69.95	69.3	69.3	359650
12/02/15	71.5	71.5	69.1	70	1413020
12/01/15	72.15	73.5	71.5	71.5	356620
11/27/15	73.8	73.8	70.05	72.15	187100
11/26/15	70.4	73.7	70.4	73.7	362010
11/25/15	70	70.1	69.7	70.1	3030
11/24/15	70.1	70.1	69.1	69.5	1058530
11/23/15	70	70.4	70	70.1	522800
11/20/15	71.5	71.5	68.15	69.95	141950
11/17/15	70	71.8	70	71.5	121740
11/16/15	69	71	69	69.2	232400
11/13/15	70.85	70.85	67	69	1315610
11/12/15	71	71	70.85	70.9	429820
11/11/15	71.5	71.5	71	71	347510
11/10/15	72.35	72.35	71.5	72	889930
11/09/15	75.2	75.2	72.6	72.95	45840
11/06/15	75.2	75.2	73.1	74.45	66000
11/05/15	77.95	77.95	72	72.5	945090
11/04/15	74	77	74	75.5	181910
11/03/15	76.5	77	76.5	76.5	1232250
11/02/15	77.5	77.5	73.55	76.5	518070
10/30/15	77	77.1	76.9	76.9	821760
10/29/15	77	77.3	77	77.15	290510
10/28/15	77	77.5	77	77.15	1073610
10/27/15	78.6	78.6	77	77	1385510
10/26/15	76	79.2	76	78	1867480
10/23/15	74.85	76.1	74.85	76	325670
10/22/15	74	74.85	73.1	74	609250
10/21/15	74	74.3	72.8	73.75	10270
10/20/15	73.55	74.85	73.55	74.85	618530
10/19/15	72.5	73.5	72.5	73	63550
10/16/15	73.15	73.5	72	72	414060
10/15/15	73	73.3	72.8	73	493820
10/14/15	73	74	70.15	70.15	408800
10/13/15	75	76.8	75	76	828450
10/12/15	76	76.3	75	76.1	138400
10/09/15	72.5	75.3	72.5	75	900110
10/08/15	76.8	76.8	76	76.2	280920
10/07/15	75	76.75	74.6	76.2	399480
10/06/15	75.6	76	75	75	677780
10/05/15	74.75	76	74.75	75.6	736390
10/02/15	73.75	74.9	73.75	74.5	584690
10/01/15	74.4	74.4	72.95	73.75	1073740
09/30/15	72.95	72.95	72.75	72.95	610010
09/29/15	71	72.95	71	72.95	812540
09/28/15	72.5	72.95	72.5	72.95	610280
09/24/15	73.1	73.1	71.5	71.9	107590
09/23/15	73	73	72	72	301750
09/22/15	71.55	73	71	73	510860
09/21/15	71.55	71.55	70	71.5	1553210
09/18/15	71.2	73	69.5	71.9	676350
09/17/15	69.7	71.2	69.3	70	389790
09/16/15	68.55	69.35	68.55	69.3	393050
09/15/15	68	68.95	67.9	68.55	282950
09/14/15	68	68.9	67.3	68	836840
09/11/15	66	68.7	66	67.35	124360
09/10/15	65.9	66.65	65.8	66.65	138280
09/09/15	68	68	66	66	820160
09/08/15	66	67	66	66.1	135530
09/07/15	67.1	67.15	65.85	66	1082140
09/04/15	67.9	67.9	66.8	67.45	268460
09/03/15	69	69	67.7	67.9	1188180
09/02/15	69.9	69.9	65	67.9	1238410
09/01/15	69.5	69.75	67.25	67.25	831170
08/28/15	70.6	71.2	69.5	69.5	1600500
08/27/15	69	70	69	69.75	4861260
08/26/15	71.5	71.5	65	68	589290
08/25/15	64	69	63.8	66	1273830
08/24/15	69	69	64.5	64.5	2554740
08/20/15	72	73.05	71.5	71.5	42040
08/19/15	72.95	73	72	72	176340
08/18/15	73.3	74	72	72.95	1494260
08/17/15	74.25	74.5	73	73.25	1866820
08/14/15	75	75	74.05	74.5	330500
08/13/15	79.1	79.1	74.95	75	671530
08/12/15	78.5	79.35	78.25	78.5	2823190
08/11/15	78.15	80	78.15	79.05	976100
08/10/15	77.4	79.3	77.4	78.05	1032250
08/07/15	76.05	78	76.05	77.4	846130
08/06/15	78.8	78.8	77	77.75	110160
08/05/15	78	78.8	76.55	78.8	1571780
08/04/15	76.45	79	75.4	76.35	811600
08/03/15	75.45	76.5	75.3	76.5	901960
07/31/15	75.35	75.45	75.35	75.4	394320
07/30/15	76.8	78	75.2	75.35	554080
07/29/15	76.1	78.9	76.1	76.6	451310
07/28/15	79.05	79.05	76.2	77	301390
07/27/15	79.05	79.25	78.95	79.2	820350
07/24/15	79	79.1	79	79.05	981240
07/23/15	79.25	79.35	77	79	1668160
07/22/15	77	79.6	77	79.25	1431840
07/21/15	75.4	77.2	75.4	77	1473330
07/20/15	73.5	75.2	73.45	74.6	408450
07/16/15	72	72.75	72	72.75	33200
07/15/15	71.5	72	71.5	72	10760
07/14/15	71.95	71.95	70.5	70.5	408960
07/13/15	70.5	71.95	70.5	70.65	150490
07/10/15	71.3	71.3	70.15	70.5	1528040
07/09/15	70.6	72.45	70	71.3	958540
07/08/15	71.35	72.15	71.35	71.6	257280
07/07/15	72	72.5	71.3	71.35	1122650
07/06/15	74.6	74.6	72.05	72.05	496530
07/03/15	76.5	76.5	74.75	74.8	51360
07/02/15	75.5	76.4	75.2	76	280190
07/01/15	74	75.5	73	75.5	49280
06/30/15	76	76	73.7	74.45	822760
06/29/15	73	76.5	72.5	76.5	2021500
06/26/15	73.8	74.5	73.8	74	4232010
06/25/15	74.5	74.5	73.7	73.85	862980
06/24/15	76.8	76.95	73.85	74	1889170
06/23/15	76	76	73.8	73.85	1762520
06/22/15	76.7	77	75.1	75.5	203620
06/19/15	76.3	76.5	75.95	75.95	1171580
06/18/15	76.2	76.6	76.2	76.3	417680
06/17/15	77.3	77.3	75.4	76.1	1978440
06/16/15	77.8	78	77.3	78	2334560
06/15/15	76	77.9	76	77.35	1503580
06/11/15	72.8	76	72.75	76	1088680
06/10/15	70.8	72.8	70.8	72.05	2427480
06/09/15	74.15	74.15	70.2	70.5	2215090
06/08/15	74.9	74.95	74.05	74.15	952170
06/05/15	74.1	74.9	74.1	74.25	467510
06/04/15	74.2	75	74	74.1	3838140
06/03/15	73.05	74.4	73.05	73.85	1158620
06/02/15	75.4	75.4	73	73.05	2560190
06/01/15	75	75.55	75	75.4	723090
05/29/15	74	75.95	74	75	5896930
05/28/15	79	79	73	74	2853960
05/27/15	77.2	77.2	75.1	75.1	2664810
05/26/15	80	80	76	77.2	1143560
05/25/15	81.9	81.9	79.4	79.4	1543640
05/22/15	84	84	81.9	81.9	123280
05/21/15	82.5	83.85	81.9	81.9	578230
05/20/15	84	84	82.3	82.5	604020
05/19/15	85.4	85.4	83.95	84	1205040
05/18/15	88.2	88.2	84.5	85.5	1112350
05/15/15	83.6	88.2	83.6	87.5	945470
05/14/15	82.9	84.9	82.35	83.8	613490
05/13/15	85.5	85.5	82	82.35	1813870
05/12/15	85.6	85.6	85	85	984400
05/11/15	85.5	86	85.5	86	30150
05/08/15	85	85.8	84.8	85.5	329630
05/07/15	85.45	85.45	84.55	84.95	768590
05/06/15	86.95	86.95	85.9	85.9	309230
05/05/15	85.95	87	85.9	85.9	1677620
05/04/15	87	87	86	86.1	162520
04/30/15	85.35	87	85	87	1172530
04/29/15	87.1	87.3	85	85.35	872320
04/28/15	87.2	88.5	87.2	87.4	1245300
04/27/15	85	87.8	85	87.3	1266410
04/24/15	86.3	87.35	86.3	86.95	1599390
04/23/15	84	86.25	84	86.25	1188800
04/22/15	84	84	83	83.6	1128360
04/21/15	83.2	84.5	82.8	84	813470
04/20/15	84	84	82.3	83	999750
04/17/15	85.5	85.5	84	84	899190
04/16/15	85.1	85.5	84.85	85.5	2326360
04/15/15	86.5	86.5	84.45	85	1989470
04/14/15	83.1	86	82.65	86	1709050
04/13/15	84.1	84.1	82.75	83.1	2803970
04/10/15	84	84.5	83.8	84.25	1599580
04/08/15	84.2	86	84.2	84.7	1129880
04/07/15	84.2	85	83.8	84	959520
04/06/15	84.5	84.5	84	84.2	791990
04/01/15	84.05	85.8	84	84.5	1622810
03/31/15	85.5	85.6	84	84	737150
03/30/15	84.3	86.5	84	85.5	1103670
03/27/15	86.5	86.5	84.5	84.55	1242340
03/26/15	84.4	84.95	84	84.8	1704160
03/25/15	85	85.6	84.6	84.8	3607850
03/24/15	89	89	84	84.95	4789240
03/23/15	88.95	89.5	87.55	88.7	564980
03/20/15	87	90.1	87	89	2878580
03/19/15	85.65	88	85.65	87	1296100
03/18/15	85.15	85.9	84.9	85.75	700610
03/17/15	86.5	86.8	85.3	85.5	1341430
03/16/15	87	87	85.3	85.9	723130
03/13/15	88.95	90.05	87	87	2150000
03/12/15	87	88.5	86.5	88	3170650
03/11/15	87.2	87.25	86	86.7	623660
03/10/15	85.5	87.5	85.5	86.15	2460140
03/09/15	84.9	85.1	84.6	84.9	329310
03/06/15	85.8	86.5	84	84.2	1296600
03/05/15	86.6	87	85.5	85.8	619890
03/04/15	83.8	87.45	83.8	86.6	2030340
03/03/15	84	86.7	83.5	83.6	505150
03/02/15	85	87	83.6	87	1765980
02/27/15	82	86	81.5	85	1312950
02/26/15	83.9	83.9	81.3	82	2188750
02/25/15	85.85	85.85	83.7	83.85	1118990
02/24/15	85	86	85	85.85	2274890
02/23/15	87.5	87.7	85	85.2	221230
02/20/15	87.6	88	87.45	87.5	2077820
02/18/15	84.3	89.8	84.3	87.6	2327920
02/17/15	84.5	85	84	84.3	839270
02/16/15	85.6	87.5	84	84	1279220
02/13/15	84	86.5	84	85.6	3970690
02/12/15	84.5	85	83.5	84.5	2795770
02/11/15	84	84.2	83.8	84.2	1279140
02/10/15	83.5	85	83.5	84	3702120
02/09/15	81.05	83	80.2	83	1016070
02/06/15	81.2	82	80	81	409490
02/05/15	78	82	77.6	81.2	1632120
02/04/15	78.8	78.8	77.5	77.8	708390
02/03/15	78	79	77.8	78	988870
02/02/15	79.2	79.2	79	79	1851660
01/30/15	79.9	80.05	78.8	79.2	1172820
01/29/15	80	80.55	79	80.1	1884250
01/28/15	80	80	78.7	80	646700
01/27/15	79	81	79	79.6	688770
01/26/15	77.35	79.95	77.35	79	1816140
01/23/15	76	77.8	76	77.35	2158970
01/22/15	77	77.2	74.5	75.3	2764080
01/21/15	77.6	77.6	76.5	77	308500
01/20/15	77.4	79	77.4	77.5	1219910
01/19/15	80	80	77.3	77.3	587640
01/14/15	78.05	80.5	78	80	1005650
01/13/15	78	78.2	77.75	78	855240
01/12/15	78.1	78.5	78	78.25	359230
01/09/15	77.95	80.5	77.95	78	914370
01/08/15	77.8	80.85	77.8	78	2449030
01/07/15	78.25	78.25	77.9	77.95	968250
01/06/15	77.8	78.1	77.25	77.8	1694870
01/05/15	75	80	75	78.1	1289970