SCC 1216

12/27/19	22	22.6	21.6	22	2253400
12/26/19	21.9	21.95	21.7	21.95	585400
12/23/19	21.6	21.9	21.6	21.8	1129800
12/20/19	21.15	21.55	21.1	21.55	1146500
12/19/19	21.2	21.2	20.95	21.1	1098000
12/18/19	21	21.4	20.65	21.2	1603800
12/17/19	21	21.65	20.95	21	915600
12/16/19	20.45	21.6	20.45	20.9	2644500
12/13/19	20.2	21.2	20.2	20.4	4309400
12/12/19	20.45	20.6	19.9	20.15	2332000
12/11/19	20.3	20.5	20.15	20.4	1072200
12/10/19	20.2	20.3	20	20.15	1613600
12/09/19	20	20.6	20	20.2	3065400
12/06/19	20.8	21	19	20	4472200
12/05/19	21.35	21.35	20.65	20.8	1430800
12/04/19	21	21.5	20.45	20.85	2553600
12/03/19	21.3	21.6	21	21	2804800
12/02/19	21.85	21.85	21.5	21.6	2544200
11/29/19	21.85	21.95	21.75	21.8	571700
11/28/19	21.9	22	21.8	21.85	3639900
11/27/19	21.75	22	21.5	21.9	2636200
11/26/19	20.55	22	20.55	22	2756700
11/25/19	21	21.4	20.2	20.5	2556000
11/22/19	20.2	20.85	20.15	20.75	2396800
11/21/19	21.9	21.95	19.76	19.76	4759800
11/20/19	23	23.05	20.35	21.85	8647400
11/19/19	23.6	23.6	23.3	23.4	407000
11/18/19	23.9	23.9	23.55	23.65	150300
11/15/19	23.7	23.9	23.4	23.9	1122700
11/14/19	23.65	23.7	23.15	23.7	1094000
11/13/19	23.55	23.6	23.2	23.55	252000
11/12/19	23.7	23.75	23.5	23.55	344700
11/11/19	23.5	23.8	23.5	23.65	491500
11/08/19	23.45	23.8	23.2	23.8	1608200
11/07/19	23.3	23.45	23.25	23.45	368900
11/06/19	23.1	23.25	23	23.05	238900
11/05/19	23.65	23.7	22.9	23	1909400
11/04/19	23.35	23.75	23.35	23.65	595200
10/31/19	23.3	23.35	23.15	23.35	895200
10/30/19	23.2	23.35	23.05	23.35	583000
10/29/19	23.6	23.6	23.1	23.35	1527100
10/28/19	23.75	23.75	23.1	23.7	846100
10/25/19	23.5	23.8	22.75	23.8	847300
10/24/19	23.4	23.75	23.15	23.5	741200
10/23/19	23.15	23.5	23	23.5	3143700
10/22/19	22.75	23.1	22.75	23.1	1522400
10/21/19	22.6	22.95	22.55	22.75	189500
10/18/19	22.9	22.9	22.5	22.5	645400
10/17/19	22.95	22.95	22.7	22.95	34300
10/16/19	22.95	23	22.6	22.8	680500
10/15/19	23	23	22.95	23	111200
10/14/19	22.9	23	22.9	23	134100
10/11/19	23	23	22.7	22.9	1370600
10/10/19	23	23	22.85	22.9	748300
10/09/19	22.95	23.15	22.85	23	756900
10/08/19	22.1	23.15	21.85	23	1961400
10/07/19	21.85	22.2	21.8	22.2	145300
10/04/19	22.3	22.3	21.7	21.85	389300
10/03/19	21.75	22.35	21.7	22.35	426200
10/02/19	22.1	22.6	22	22.05	2044700
10/01/19	22.6	22.6	22.1	22.1	294400
09/30/19	22.5	22.85	22.05	22.8	1023800
09/27/19	22.4	22.5	22.05	22.05	431400
09/26/19	22.75	22.75	22.2	22.7	1486300
09/25/19	22.35	22.75	22.15	22.75	238500
09/24/19	22.65	22.85	22.05	22.35	1128500
09/23/19	23.05	23.15	22.65	22.65	436600
09/20/19	23.45	23.45	23.05	23.05	1448900
09/19/19	23.5	23.5	23.2	23.5	114800
09/18/19	23.35	23.5	23.1	23.5	558900
09/17/19	23.9	23.9	23.05	23.4	797400
09/16/19	23.75	23.95	23.05	23.95	15713100
09/13/19	23.8	23.85	23.5	23.75	331100
09/12/19	23.45	23.8	23	23.7	3642300
09/11/19	23.45	23.7	23	23.4	1125700
09/10/19	23.2	23.4	22.95	23.4	1379600
09/09/19	23.4	23.4	23	23.15	129800
09/06/19	22.8	23.35	22.5	23.35	410500
09/05/19	23	23	22.6	22.8	514700
09/04/19	23.1	23.25	22.8	23.05	240000
09/03/19	23	23.1	22.9	23	433600
09/02/19	23.25	23.25	22.95	23	1397400
08/30/19	23.1	23.2	22.95	23.2	1707300
08/29/19	23	23.1	22.9	23	697700
08/28/19	22.9	23	22.75	23	432400
08/27/19	22.65	22.9	22.1	22.9	601200
08/23/19	22.8	22.95	22.5	22.65	297000
08/22/19	22.4	23	22.4	22.8	523500
08/20/19	23	23	22.5	22.95	228700
08/19/19	22.35	23	22.35	23	1283500
08/16/19	22.15	22.65	22.15	22.3	665700
08/15/19	22.1	22.7	21.9	22.7	789300
08/14/19	23	23	22.45	22.9	1099500
08/13/19	22.8	23.5	21.55	23.5	1623400
08/09/19	22.45	22.9	22.2	22.9	900800
08/08/19	22.45	22.45	22	22.4	2191000
08/07/19	22.55	22.55	22.3	22.45	601700
08/06/19	22.95	22.95	22.1	22.55	986500
08/05/19	23.15	23.15	22.5	23	1011200
08/02/19	23	23.15	22.4	23.15	555700
08/01/19	22.9	23.45	22.8	23	1380500
07/31/19	23.25	23.45	22.8	23	1374800
07/30/19	24.2	24.2	23	23.3	17617301
07/29/19	23.8	24.2	23.45	23.9	1517600
07/26/19	24.5	24.5	23.5	23.8	1789300
07/25/19	24.55	24.8	24.2	24.55	3150000
07/24/19	24.55	24.6	24.4	24.55	3472100
07/23/19	24.15	24.7	24.15	24.55	2567800
07/22/19	24	24.1	23.8	24.1	1223000
07/19/19	23.75	24.15	23.75	24	3599400
07/18/19	23.5	23.8	23.35	23.75	1162100
07/17/19	23.9	23.9	23.35	23.5	1421500
07/16/19	22.8	23.95	22.8	23.95	4117200
07/15/19	22.55	22.9	22.55	22.8	837400
07/12/19	22.35	22.9	22.35	22.5	1477000
07/11/19	23.15	23.15	22.3	22.3	2051300
07/10/19	23.25	23.25	22.75	23	1385000
07/09/19	23.15	23.25	22.7	23.25	942600
07/08/19	22.75	23.15	22.5	22.8	733900
07/05/19	22.8	23.1	22.5	22.7	1119400
07/04/19	23.3	23.3	22.75	22.8	542700
07/03/19	23.7	23.75	23	23	1117600
07/02/19	23.7	23.75	23.2	23.7	1010100
07/01/19	23.2	23.7	23.2	23.45	1201500
06/28/19	22.9	23.2	22.9	23.15	1017600
06/27/19	22.75	23.15	22.65	22.8	4439500
06/26/19	22.45	23.1	22.35	22.75	2412500
06/25/19	22.1	22.5	22	22.4	3215400
06/24/19	21.8	22.2	21.8	22.1	504300
06/21/19	22.15	22.15	21.8	21.8	1774000
06/20/19	21.3	22.15	21.3	22	2138600
06/19/19	21.75	21.85	21.3	21.5	890700
06/18/19	22.1	22.1	21.6	21.75	370600
06/17/19	21.65	22.45	21.6	22	2358300
06/14/19	22	22	21.65	21.75	489800
06/13/19	21.8	22	21.6	22	632700
06/11/19	21.85	21.85	21.55	21.8	582500
06/10/19	21.9	21.9	21.7	21.85	726600
06/07/19	21.75	21.95	21.6	21.9	601600
06/06/19	21.6	21.9	21.55	21.8	1954400
06/04/19	22.25	22.25	21.5	21.5	870700
06/03/19	22	22.05	21.85	21.95	1030800
05/31/19	21.8	22.25	21.5	22	1648200
05/30/19	21.95	22.2	21.3	21.3	2725100
05/29/19	22	22.35	21.85	21.95	1532700
05/28/19	22.65	22.75	21.65	22.5	26260301
05/27/19	22.3	22.95	22.05	22.15	3358900
05/24/19	22.65	22.65	22.3	22.35	2514800
05/23/19	22.45	22.7	22.35	22.35	3069600
05/22/19	22.3	23	22	22	3012100
05/21/19	22	22.8	22	22.3	1845900
05/20/19	21.95	22.8	21.95	22	2357300
05/17/19	21.9	22.35	21.85	21.95	2300200
05/16/19	22	22.4	21.9	22	4088400
05/15/19	22.5	22.5	21.8	22	4320000
05/14/19	22.6	23.55	22	22.35	3923600
05/10/19	22.5	22.5	21.5	21.7	3096600
05/09/19	23	23.35	22.25	22.4	2747400
05/08/19	23.65	23.65	22.1	23	3390400
05/07/19	23.4	23.75	23.3	23.65	1302500
05/06/19	23.85	24.15	23.35	23.65	1385200
05/03/19	23.7	24.4	23.5	24	2272800
05/02/19	23.75	24	23.7	23.7	1473500
04/30/19	23.85	23.9	23.5	23.85	2480700
04/29/19	23.55	23.95	23.35	23.6	2832900
04/26/19	23.7	23.7	23.6	23.6	756300
04/25/19	23.7	23.95	23.5	23.7	627700
04/24/19	23.65	24	23.45	23.7	804700
04/23/19	23.7	23.75	23.2	23.65	554700
04/22/19	24.35	24.35	23.5	23.7	1118500
04/17/19	24.5	24.5	24.1	24.3	1432800
04/16/19	23.85	24.5	23	24.5	3331600
04/15/19	23.35	23.85	23	23.85	1709900
04/12/19	23.3	23.45	23	23.35	1706700
04/11/19	22.7	23.35	22.4	23.3	2868700
04/10/19	22.1	22.65	22.1	22.35	969800
04/08/19	21.75	22.3	21.75	22	2365700
04/05/19	21.9	22	21.75	21.85	241500
04/04/19	22	22.1	21.7	21.9	366500
04/03/19	22	22.2	21.7	22	830700
04/02/19	21.5	22.3	21.4	22	1049600
04/01/19	21.95	21.95	21.45	21.55	324200
03/29/19	21.85	21.95	21.5	21.95	1507300
03/28/19	21.95	22	21	21.95	1233500
03/27/19	22.7	23	22.5	22.8	2272800
03/26/19	22.8	23	22.6	22.65	1019500
03/25/19	23.1	23.2	22.55	22.55	2001800
03/22/19	23	23.4	22.95	23	1745900
03/21/19	23.2	23.7	22.9	22.9	3537100
03/20/19	22	23.2	22	23.2	3118500
03/19/19	22.5	22.8	21.8	22	1413800
03/18/19	21.8	22.6	21.8	22.5	3241500
03/15/19	21.05	21.6	21.05	21.6	7589300
03/14/19	20	21.25	20	21	3125600
03/13/19	20.15	20.25	19.86	19.9	3289200
03/12/19	20	20.35	20	20.1	1196200
03/11/19	20.35	20.4	20	20	620900
03/08/19	20	20.45	19.9	20.35	1376700
03/07/19	20.2	20.4	19.94	20	2591000
03/06/19	19.9	20.3	19.9	19.96	4817300
03/05/19	20.4	20.8	19.8	19.9	4465800
03/04/19	21.65	21.65	20.25	20.35	2779900
03/01/19	22.5	22.5	21	21.75	1818600
02/28/19	23	23	22.3	22.5	815300
02/27/19	23	23.1	22.8	22.85	2700300
02/26/19	22.75	23.15	22.75	22.9	727700
02/22/19	22.75	22.85	22.65	22.75	1047800
02/21/19	22.8	22.85	22.6	22.75	875000
02/20/19	22.5	22.95	22.5	22.6	628000
02/19/19	22.8	22.95	22.5	22.5	1136700
02/18/19	23.1	23.2	22.6	22.6	1290200
02/15/19	23.5	23.5	23.05	23.05	734500
02/14/19	23.65	23.75	23.25	23.25	211100
02/13/19	23.3	23.7	23.05	23.7	1137400
02/12/19	23.55	23.8	23.1	23.3	1314700
02/11/19	23.6	23.7	23.5	23.55	768100
02/08/19	23.9	24	23.6	23.7	687900
02/07/19	24.3	24.4	23.5	23.9	1183500
02/06/19	23.6	24.4	23.6	24.15	1526800
02/04/19	23.6	23.85	23.5	23.6	1361500
02/01/19	23.7	24.15	23.5	23.5	1852100
01/31/19	23.3	23.7	23.3	23.7	524200
01/30/19	23.6	23.6	23	23.2	1352500
01/29/19	23.35	23.7	23.25	23.5	1162200
01/28/19	23.1	24	23.1	23.25	1009100
01/25/19	23.15	23.5	23.05	23.05	1357700
01/24/19	24.5	24.5	23.1	23.1	4177200
01/23/19	24.5	24.7	24.25	24.4	253100
01/22/19	24.3	24.75	24.25	24.45	698200
01/21/19	24.4	24.4	24.05	24.2	1157900
01/18/19	24	24.15	24	24	1730200
01/17/19	24.25	24.45	24	24	1091700
01/16/19	24.4	24.45	24	24.15	857100
01/15/19	24.15	24.65	24	24.1	2434900
01/14/19	24.3	24.7	23.8	24.1	1105300
01/11/19	25.05	25.05	24.3	24.3	678700
01/10/19	24.6	25.25	24.4	24.4	3186700
01/09/19	24.4	24.85	24.35	24.6	1183400
01/08/19	24.95	25.1	24.3	24.4	734400
01/07/19	24.7	25.3	24.7	24.9	1712400
01/04/19	24.2	24.85	24.2	24.7	1534000
01/03/19	23.2	24.3	23.2	24.15	1220800
01/02/19	23.05	23.3	23.05	23.2	418900
12/28/18	23.6	23.6	23	23.05	1366100
12/27/18	23.75	23.75	23.1	23.5	1313100
12/26/18	22.5	23.45	22.5	23.3	847600
12/21/18	23.5	23.75	22.5	22.5	4152600
12/20/18	24	24.4	23.45	23.5	2569000
12/19/18	23.5	24.6	23.4	23.95	1464300
12/18/18	23.3	23.55	23.3	23.4	702000
12/17/18	24	24.1	23.3	23.3	3020100
12/14/18	24.25	24.55	23.45	24	3029600
12/13/18	24.6	24.8	24.15	24.2	2449700
12/12/18	24.55	24.7	24.5	24.5	1265500
12/11/18	24.7	24.7	24.2	24.5	2117500
12/10/18	24.55	25	24.2	24.5	1957900
12/07/18	25	25.75	24.5	24.55	2140200
12/06/18	25.2	26	24.9	24.95	3813000
12/05/18	26	26	25.2	25.2	1916900
12/04/18	26.6	26.8	25.8	26	1619800
12/03/18	26.5	27.1	26.3	26.65	1408300
11/29/18	26.1	26.6	26.1	26.2	1228400
11/28/18	26.05	26.15	25.6	25.9	1023400
11/27/18	26.9	26.9	25.8	26.05	1298700
11/26/18	25.65	27.15	25.65	26.9	1199900
11/23/18	25.1	25.75	24.7	25.6	600000
11/22/18	25	25.05	24.75	24.75	589600
11/21/18	26	26	24.75	25	3076300
11/20/18	26.1	26.1	25.5	26	560600
11/19/18	26	26.5	25.7	26	2190200
11/16/18	25.85	26.25	24.85	26	2802400
11/15/18	26.1	26.7	26.05	26.25	802400
11/14/18	26.05	26.65	25.5	26.1	846700
11/13/18	26.15	26.6	26.05	26.05	841500
11/12/18	25.5	26.6	25.5	26.1	957700
11/09/18	26	26.5	25.5	25.5	2426600
11/08/18	27.95	27.95	26	26	3075000
11/07/18	29	29.15	28.7	28.9	1559000
11/06/18	29.1	29.3	28.75	29	1014800
11/05/18	28.2	28.95	28	28.95	1770500
10/31/18	28.1	28.1	27.2	27.95	653100
10/30/18	27.2	27.9	27.2	27.8	77200
10/29/18	27.1	27.65	27	27.2	356100
10/26/18	27.2	28.1	26.6	26.6	407700
10/25/18	28.2	28.2	26.9	27.2	1304100
10/24/18	28.7	29.1	27.75	28.25	346100
10/23/18	28.8	29.25	28.5	28.8	428500
10/22/18	29	29	28.25	28.6	1181300
10/19/18	27.8	29.5	27.15	29.5	8768500
10/18/18	27.6	27.95	27.3	27.9	708500
10/17/18	26.4	27.65	26.4	27.05	2134200
10/16/18	26.75	26.75	25.7	26.1	672400
10/15/18	26.15	26.85	25.9	26	2895300
10/12/18	25	26.05	24.9	26	1301800
10/11/18	24.45	25	24	25	1039200
10/10/18	25	25.4	24.45	24.65	2910100
10/09/18	25.5	25.8	24.55	24.7	1905900
10/08/18	25.1	26	25.1	25.5	1826200
10/05/18	25	25.4	24.95	25.1	3279800
10/04/18	24.75	25.1	24.5	25	1055900
10/03/18	25	25	24.4	24.7	871400
10/02/18	26	26.15	24.45	24.5	2611800
10/01/18	26.7	27.4	26	26	692400
09/28/18	27	27.35	26.7	26.7	1076000
09/27/18	27	27.1	26.85	27	1461300
09/26/18	27.45	27.6	26.75	26.95	402300
09/25/18	27.7	27.7	26.95	27.45	265600
09/24/18	27.35	27.9	27.15	27.65	576800
09/21/18	26.6	27.6	26.6	27.15	3215400
09/20/18	27.05	27.2	26.6	26.6	616700
09/19/18	27.9	28.2	26.95	27	2111600
09/18/18	28.6	28.6	27.6	27.9	1439700
09/17/18	29	29.35	28.5	28.6	481100
09/14/18	29.4	29.4	28.95	29	1154700
09/13/18	29.3	29.3	28.9	29.25	1315900
09/12/18	29.2	29.4	29.2	29.3	732000
09/11/18	29.5	29.5	28.95	29.1	1004400
09/10/18	29.45	29.9	28.8	29.5	4598800
09/07/18	29.6	30.2	29	29	2717000
09/06/18	30	30	29	29.5	1298300
09/05/18	30.6	31	29.9	30	2041000
09/04/18	29.7	30.7	29.7	30.5	2762900
09/03/18	29.1	29.7	29.05	29.55	672300
08/31/18	29.1	29.75	29	29	4713600
08/30/18	28.9	29.35	28.7	29.1	4158400
08/29/18	29.7	29.7	28.65	28.9	2862900
08/28/18	29.5	29.5	29.1	29.2	2375300
08/24/18	30	30	29.2	29.25	1278600
08/23/18	29.8	30	29.7	29.9	5430800
08/22/18	29.15	29.7	29.1	29.7	2402600
08/20/18	29.9	30	29.1	29.15	1255200
08/17/18	30.1	30.25	29.75	30	5958700
08/16/18	30.8	30.8	29.8	30	2857900
08/15/18	31.35	31.35	30.35	30.8	1741800
08/14/18	31.9	31.9	31.05	31.3	3055300
08/13/18	32	32.3	31.7	31.9	2549200
08/10/18	32	32.3	31.95	32	3381300
08/09/18	32.25	32.9	31.85	31.85	2395500
08/08/18	32.2	32.3	32.1	32.2	1961900
08/07/18	32.35	32.35	31.9	32.2	1385700
08/06/18	32.7	32.7	31.8	32.3	2033600
08/03/18	32.8	32.95	32.55	32.75	2277500
08/02/18	32.35	32.95	32.1	32.75	677200
08/01/18	31.8	32.4	31.8	32.3	450800
07/31/18	32.4	32.4	31.6	31.7	2363200
07/30/18	31.7	32.5	31.7	32	1212000
07/27/18	31.95	32.2	31.3	31.6	1030600
07/26/18	32.85	32.85	31.9	31.9	1278200
07/25/18	33.05	33.05	32.3	32.5	1818200
07/24/18	31.55	33.05	31.55	33.05	2322200
07/23/18	31.5	31.65	31.45	31.5	1058200
07/20/18	31.5	31.7	31.5	31.55	1307200
07/19/18	31.65	31.65	31.4	31.5	397500
07/18/18	31.5	31.75	31.4	31.65	1089500
07/17/18	31.8	31.9	31.1	31.65	1103900
07/16/18	31.85	31.9	31.5	31.65	451700
07/13/18	31.55	31.95	31.55	31.85	1115100
07/12/18	31.95	31.95	31.45	31.5	909700
07/11/18	31.2	31.8	31	31.8	2574400
07/10/18	30.75	31.2	30.75	31.15	742200
07/09/18	30.4	30.8	30.3	30.7	256500
07/06/18	30.8	30.8	30.3	30.7	306800
07/05/18	30.85	30.85	30.5	30.8	138800
07/04/18	30.3	31.25	30.3	30.8	1501300
07/03/18	30.95	30.95	30.3	30.55	934600
07/02/18	30.3	30.95	30.2	30.6	1278800
06/29/18	30.05	30.4	30	30.3	2689700
06/28/18	30.25	30.25	29.55	30.05	1092500
06/27/18	29.7	30.3	29.5	30.1	1854700
06/26/18	29.85	29.85	29.55	29.7	1103900
06/25/18	30	30.05	29.1	30	1403900
06/22/18	28.8	29.15	28.15	29.1	2653600
06/21/18	29.25	30	28.5	28.8	3868500
06/20/18	29.2	29.9	29.1	29.25	1257400
06/19/18	29.55	30	29.25	29.25	1825500
06/18/18	30.65	30.65	29.5	29.9	2382400
06/14/18	30.75	30.95	30.4	30.65	3915900
06/13/18	31.05	31.45	30.4	30.9	3174100
06/11/18	30.25	31.65	30.1	31.4	2961100
06/08/18	30.55	30.55	29.75	30	2953900
06/07/18	29.85	30.85	29.85	30.55	4806100
06/06/18	30.65	30.7	29.6	29.75	2981500
06/05/18	29.1	30.3	29.1	30.05	5369000
06/04/18	28.75	29.2	28.5	29	1890100
06/01/18	28.5	29.05	28.4	28.75	1588400
05/31/18	28.5	28.75	28.5	28.6	754600
05/30/18	28.35	28.5	28.1	28.25	883100
05/29/18	28.4	28.4	28.25	28.3	928200
05/28/18	28.2	28.45	28	28.4	633800
05/25/18	28.55	28.6	27.9	28	2116000
05/24/18	28.95	28.95	28.05	28.2	1424200
05/23/18	29	29.35	28.65	28.95	895000
05/22/18	29.4	29.4	28.65	28.75	589900
05/21/18	28.65	29.65	28.55	29.65	1300400
05/18/18	29.8	29.8	28.75	29	1356600
05/17/18	29.85	30	29.6	29.8	1421500
05/16/18	29.7	30.2	29.5	29.7	4631700
05/15/18	29.1	29.8	29.1	29.3	1935100
05/11/18	28.2	29.6	28.2	29	2315400
05/10/18	28.25	28.5	28.1	28.2	1646400
05/09/18	28.05	28.4	28	28.25	844900
05/08/18	27.65	28.4	27.55	28	2421400
05/07/18	29.7	29.7	27.5	27.65	2736000
05/04/18	29.8	30.05	29	29.15	1461400
05/03/18	30.4	30.5	29.75	29.75	1438500
05/02/18	30.7	30.7	29.75	29.9	596000
04/30/18	30.25	30.85	29.6	30.85	1415600
04/27/18	29.55	30.25	29.55	30.25	296600
04/26/18	30	30	29.6	29.6	1692400
04/25/18	30	30.2	29.7	29.7	1201200
04/24/18	30.45	30.45	29.75	29.85	721000
04/23/18	30.4	30.65	30	30	884900
04/20/18	30.2	30.75	30.2	30.25	261700
04/19/18	30.2	30.75	30.05	30.1	2160800
04/18/18	31	31.25	30.2	30.2	708800
04/17/18	31	31	30.7	31	360200
04/16/18	31.4	31.4	30.8	31.15	641400
04/13/18	31.3	31.55	30.8	31.4	840500
04/12/18	30.35	31.6	30.35	31.6	1361400
04/11/18	31.7	31.75	30.05	30.05	2996800
04/10/18	32.35	32.5	31	31.7	3813400
04/06/18	32.1	32.7	31.85	32.35	968700
04/05/18	32.85	32.85	31.7	32	1089200
04/04/18	31.75	32.85	31.75	32.85	3110300
04/03/18	31.25	32.5	31.15	31.6	1123400
04/02/18	30.5	31.25	30.5	31.2	654300
03/28/18	30.55	30.9	30.2	30.3	2303000
03/27/18	30.35	31	30.15	30.6	3882000
03/26/18	30.8	30.8	29.65	30.35	2351800
03/23/18	30.5	30.95	30.2	30.95	791800
03/22/18	29.9	31.6	29.6	31.2	3536900
03/21/18	29.65	30.2	29.6	29.7	3714400
03/20/18	30.15	30.95	29.6	29.75	3000300
03/19/18	32.3	32.95	30.15	30.15	4392400
03/16/18	33	33.95	32.3	32.3	3361400
03/15/18	33.55	33.55	32.7	32.9	2038000
03/14/18	33.15	33.2	32.8	33.2	1336900
03/13/18	33	33.55	32.85	32.9	1702600
03/12/18	33.6	33.65	32.75	33	3179500
03/09/18	33.8	33.8	33.5	33.55	2167400
03/08/18	33.8	33.85	33.45	33.8	2148200
03/07/18	35.1	35.1	33.45	33.8	5372800
03/06/18	35.95	35.95	35.1	35.1	2410700
03/05/18	36.4	37	35.55	35.95	2176500
03/02/18	37	37	36.35	36.7	3874900
03/01/18	37.05	37.4	36.6	36.8	1366500
02/28/18	37.4	37.4	36.8	36.8	1815900
02/27/18	38.3	38.5	36.8	37	3455100
02/26/18	37.3	38.2	36.8	38.2	1826100
02/23/18	36.5	37.3	36.5	37.3	2177900
02/22/18	36.85	36.85	35.8	36.65	2196500
02/21/18	36.3	37.45	36.05	36.95	1285000
02/20/18	36	36.3	35.55	36.3	684900
02/19/18	35.25	36.35	35.25	35.5	514700
02/15/18	36	36.25	35.15	35.15	1008100
02/14/18	35.7	36.4	35.3	36.4	790000
02/13/18	35.5	35.7	35.3	35.6	2587800
02/12/18	35.7	35.8	35.3	35.3	2154200
02/09/18	36	36	35.5	35.8	1443300
02/08/18	36.7	36.8	35.2	36	4019400
02/07/18	36.55	37.3	36.5	36.5	1239000
02/06/18	36.7	36.8	36.05	36.05	2142700
02/05/18	37.45	37.45	36.95	37	1267200
02/02/18	37.25	37.9	37.2	37.9	7554900
02/01/18	37.9	37.9	37.25	37.25	4277300
01/31/18	37.95	37.95	36.85	37.9	3922200
01/30/18	38.2	38.2	37.75	38	1614000
01/29/18	38.6	38.9	38.1	38.2	1585000
01/26/18	38.7	38.9	38.3	38.55	1185800
01/25/18	38.15	39	38.15	38.7	1248600
01/24/18	38.9	39.05	37.85	37.85	2911100
01/23/18	38.3	38.95	38.15	38.65	1468900
01/22/18	38.4	38.4	37.6	38.2	984100
01/19/18	38.4	38.7	38.2	38.55	999500
01/18/18	38.8	39.1	38.2	38.4	4294500
01/17/18	38.55	38.8	38.5	38.7	3485500
01/16/18	37.7	38.5	37.3	38.5	2271800
01/15/18	37	37.75	37	37.1	385300
01/12/18	37.85	38.05	36.7	37	3896600
01/11/18	38.25	38.4	37.75	37.85	1877300
01/10/18	36.2	38.3	36.15	38	7817000
01/09/18	36.35	36.8	36.15	36.55	1818400
01/08/18	36.8	36.95	36	36	2775100
01/05/18	36.6	37.1	36.3	36.35	1006400
01/04/18	36.15	36.7	36.15	36.3	526300
01/03/18	37	37.4	36.05	36.1	1308000
12/29/17	37.5	37.75	36.8	36.8	2359900
12/28/17	37	37.5	36.9	37.5	6514700
12/27/17	36.8	37	36.6	36.9	1288000
12/22/17	36.35	36.85	36.35	36.8	371200
12/21/17	37	37	35.9	36	2696300
12/20/17	36.3	37	36	37	2183600
12/19/17	36	36.3	35.8	36.05	3671000
12/18/17	35.3	36	35.3	35.85	3389400
12/15/17	37	37	35.1	35.1	12081200
12/14/17	37.8	37.9	36.1	37	3025600
12/13/17	37.5	38	37.05	37.8	2584300
12/12/17	37.7	38.35	36.8	36.95	1529700
12/11/17	37.05	37.95	37.05	37.6	4356100
12/08/17	39	39.1	36.8	36.95	4698600
12/07/17	36.3	38.5	35.5	38	7602100
12/06/17	35.7	35.7	35.2	35.5	5487400
12/05/17	35.35	36.2	35.35	35.7	1715700
12/04/17	35.45	36.4	34.85	35.35	970000
12/01/17	36	36.55	35.2	35.4	577800
11/29/17	35.6	36.65	34.7	36	4869100
11/28/17	37	37.15	35	35.35	5899600
11/27/17	36.5	38	36.4	38	570900
11/24/17	37.05	37.05	36.15	36.5	2243500
11/23/17	37.1	37.2	36.65	37.05	2228600
11/22/17	36.2	37	36.2	36.75	3144800
11/21/17	37	37.1	36	36.1	2514400
11/20/17	36.8	36.8	36.2	36.35	2707700
11/17/17	38	38	36.8	36.8	3498800
11/16/17	37.5	38.05	37.2	37.4	2053700
11/15/17	38.5	39.15	37.5	37.5	2405300
11/14/17	37.5	38.8	37.2	38.7	2505300
11/13/17	38	38.8	37	37.1	4606300
11/10/17	38.5	39.5	37.6	38.3	7156700
11/09/17	41.35	41.4	38.5	38.5	10116500
11/08/17	42.45	42.45	41.4	41.8	788400
11/07/17	42	42	41.4	41.95	1435200
11/06/17	41	41.95	40.95	41.95	885400
11/03/17	41.75	42.5	41.3	41.3	2202900
11/02/17	42.55	42.6	41.5	41.5	1589700
10/30/17	41.95	42.5	41.95	42.5	1099200
10/27/17	42.55	42.55	41.7	42.55	837500
10/26/17	42.55	43.2	42.4	42.55	1160400
10/25/17	43.2	43.9	42.5	42.55	3192200
10/24/17	42	43	41	42.8	2406000
10/23/17	41.4	41.5	40.05	40.9	4058900
10/20/17	42	42	41.1	41.1	3664300
10/19/17	42	42.7	41.65	42	4149200
10/18/17	43.5	43.95	41.75	41.75	4727100
10/17/17	44.25	44.6	43.5	43.5	4815700
10/13/17	44.9	44.9	44.1	44.25	2342600
10/12/17	45	45.05	44	45	2184200
10/11/17	45.25	46.2	44.9	45.15	2242100
10/10/17	46	46.3	45.4	45.4	719500
10/09/17	45.05	46.5	45.05	46.05	687400
10/06/17	45.5	46.15	45.1	46	2035100
10/05/17	46	46.2	43.6	43.6	555100
10/04/17	46	46.4	45.9	45.95	1430100
10/03/17	46.6	46.6	45.9	46.1	1354300
10/02/17	46.7	46.7	46.5	46.6	555400
09/29/17	47.4	47.4	46.65	46.7	539900
09/28/17	45.6	47.4	45.55	47.4	2434500
09/27/17	45.35	46	45	45.5	1799300
09/26/17	45.6	46.1	45.2	45.35	584300
09/25/17	47	47	45.3	45.6	2769300
09/22/17	46.9	47	46.5	46.5	655400
09/21/17	47	47	46.15	46.35	1743100
09/20/17	47.85	47.85	46.15	46.15	1327000
09/19/17	48.5	48.5	46.5	46.5	1382400
09/18/17	48.4	48.75	47.55	47.9	3287600
09/15/17	47.9	48.4	47.8	48	6290300
09/14/17	46.2	47.4	46.2	47	4059400
09/13/17	49	50	45	45.6	3643500
09/11/17	44.75	45.45	44.5	44.75	4276280
09/08/17	44.5	44.525	43.55	44.5	1265960
09/07/17	43.6	45.05	43.525	44.25	2154520
09/06/17	43.6	43.6	43.275	43.325	2970240
09/05/17	43.75	43.75	43.475	43.6	836280
09/04/17	43	43.675	43	43.525	1606680
08/31/17	43	43.75	42.5	43.4	15663280
08/30/17	42.075	43.2	42.075	42.75	1676280
08/29/17	42.375	42.425	42.05	42.2	1420280
08/25/17	42.5	42.5	42.375	42.425	1215200
08/24/17	42.75	43	42.3	42.75	1172080
08/23/17	42.475	42.725	42.45	42.5	514080
08/22/17	42.475	42.475	42	42.475	1164000
08/18/17	43.675	43.725	42.275	42.5	2594480
08/17/17	43.975	44.25	43.5	43.675	1472040
08/16/17	42.15	44.2	42.15	44	2239880
08/15/17	42.375	42.55	42	42.25	2088880
08/14/17	41.45	42.6	41.45	42.5	4167800
08/11/17	42	42	41.125	41.45	3904800
08/10/17	41.875	42.225	41.575	41.575	2816840
08/09/17	41.625	41.9	41.375	41.45	3306600
08/08/17	42.05	42.05	41.625	41.625	1650800
08/07/17	41.975	42.1	41.875	41.95	1783480
08/04/17	42.225	42.225	41.725	41.875	2718720
08/03/17	41.525	42.25	41.525	41.725	3645400
08/02/17	41.75	42.5	41.25	41.475	4957920
08/01/17	42.4	42.75	41.725	41.75	7078680
07/31/17	43.425	43.425	42.375	42.375	2723280
07/28/17	43.5	43.85	43	43.2	2323960
07/27/17	43.625	43.825	43.5	43.675	2687040
07/26/17	42.8	43.725	42.75	43.5	3053160
07/25/17	42.025	43.475	42.025	42.75	5536800
07/24/17	42.05	42.1	41.775	42.025	4064880
07/21/17	41.325	42.05	41.25	42	5560280
07/20/17	40.575	41.8	40.575	41.3	7522560
07/19/17	40.025	41.25	40	40.575	10190080
07/18/17	40.025	40.075	40	40.025	4536880
07/17/17	40	40.25	40	40.05	2870320
07/14/17	40.025	40.15	40	40.075	5426640
07/13/17	40.25	40.65	40.025	40.125	4803560
07/12/17	40.25	40.25	40.1	40.25	4354840
07/11/17	40.25	40.3	40.05	40.175	2316360
07/10/17	40.075	40.1	39.975	40.075	3041160
07/07/17	40	40.2	40	40.075	3051680
07/06/17	40.25	40.3	40.025	40.125	6336720
07/05/17	40.05	40.05	39.975	40.025	4025040
07/04/17	40.075	40.25	39.95	40.05	4247200
07/03/17	40.125	40.475	40	40.125	4245760
06/30/17	40.375	40.375	40.075	40.125	10157200
06/29/17	40.3	40.5	40.2	40.25	3485920
06/28/17	40.45	40.75	40.15	40.325	1546280
06/27/17	40.75	40.75	40.45	40.5	4044320
06/23/17	40.225	41	40	40.1	5820960
06/22/17	40.15	40.15	40	40.025	3793440
06/21/17	40.1	40.15	39.95	40.15	3412480
06/20/17	40.125	40.2	39.95	40.1	3767080
06/19/17	40	40.15	40	40.1	4436000
06/16/17	39.5	40.075	39.5	39.975	6198040
06/15/17	40	40.375	39.45	39.45	3878240
06/14/17	39.875	40.125	39.8	40	2844000
06/13/17	40.125	40.25	39.75	40	4441600
06/09/17	40.5	41.25	40.125	40.125	4768360
06/08/17	40.525	41.1	40.125	40.125	6242320
06/07/17	40.125	41.25	40.125	40.475	5884360
06/06/17	40	40.7	40	40.1	6032120
06/05/17	39.5	40.625	39.325	40	2458800
06/02/17	39.5	39.75	39.3	39.375	5513080
06/01/17	39.5	39.95	39.425	39.475	3558240
05/31/17	39.5	39.725	39.475	39.5	3851280
05/30/17	39.45	39.525	39.35	39.45	2436920
05/29/17	39.45	39.525	39.375	39.45	2406240
05/26/17	39.675	39.675	39.425	39.45	3686640
05/25/17	39.725	40	39.575	39.675	2982760
05/24/17	39.7	40.1	39.65	39.7	7311120
05/23/17	39.8	40.5	39.475	40.2	4154200
05/22/17	39.5	39.875	39.375	39.475	4210040
05/19/17	39.525	39.7	39.4	39.5	4403960
05/18/17	39.7	39.75	39.5	39.75	4507240
05/17/17	39.525	40	39.525	39.7	2225040
05/16/17	39.5	39.75	39.4	39.45	2885320
05/15/17	39.75	40	39.275	39.425	3088520
05/12/17	40.775	40.875	39.275	39.75	5402000
05/11/17	40.5	41	40.475	40.575	5246080
05/10/17	40.025	40.85	40	40.5	4620200
05/09/17	40.6	40.6	39.75	39.925	6492720
05/08/17	38.875	40.65	38.75	40.65	6292960
05/05/17	38.725	38.8	38.6	38.7	5270280
05/04/17	38.75	39.375	38.725	38.75	5830680
05/03/17	38	39	38	38.6	4837480
05/02/17	37.25	38.1	37.2	37.775	3629120
04/27/17	37.4	37.45	37.225	37.25	6856520
04/26/17	37.4	37.7	37.35	37.45	3722240
04/25/17	37.1	37.7	37.1	37.4	2842760
04/24/17	37.15	37.35	37.1	37.15	1650400
04/21/17	37.35	37.35	37.1	37.15	1501880
04/20/17	37.425	37.425	37.225	37.35	1119280
04/19/17	37.5	37.725	37.35	37.425	3132600
04/18/17	37.575	37.625	37.5	37.5	1642440
04/17/17	37.875	37.875	37.425	37.625	995280
04/12/17	38.25	38.25	37.65	37.875	2435280
04/11/17	37.75	38.65	37.75	38.25	4197440
04/10/17	37.7	38.25	37.525	37.825	1747160
04/07/17	37.525	38.225	37.525	37.7	2529000
04/06/17	38.35	38.35	37.475	37.525	2926360
04/05/17	38.2	38.85	38.025	38.825	9229320
04/04/17	37.75	38.4	37.5	38.2	4455520
04/03/17	36.9	37.75	36.9	37.35	2805160
03/31/17	36.85	37.25	36.85	36.9	5437960
03/30/17	36.775	37.25	36.75	36.85	6038240
03/29/17	36.95	37.125	36.75	36.775	4122920
03/28/17	36.75	37.25	36.625	36.875	3114720
03/27/17	37	37.45	36.1	36.625	4033600
03/24/17	36.725	36.725	36.375	36.525	3573640
03/23/17	36.25	36.625	36.25	36.3	2680360
03/22/17	36.3	37.7	36.15	36.25	7326520
03/21/17	36.25	36.625	36.225	36.3	3482480
03/20/17	36.125	36.8	36.125	36.225	3186960
03/17/17	35.775	36.275	35.6	36.125	4630720
03/16/17	36.6	36.725	35.725	35.8	3474080
03/15/17	36.875	37	36.025	36.6	2827800
03/14/17	37.75	37.75	36.8	36.875	2799160
03/13/17	36.85	37.85	36.75	37.75	5438040
03/10/17	37	37.25	36.85	36.85	765560
03/09/17	37.225	37.225	36.925	36.95	1695920
03/08/17	36.75	37	36.75	36.8	1610240
03/07/17	37	37.2	36.75	36.75	1987440
03/06/17	36.8	37.25	36.275	37	3500000
03/03/17	36.65	36.775	36.4	36.55	810240
03/02/17	36.7	36.8	36.225	36.5	3267760
03/01/17	35.55	36.8	35.55	36.6	3748720
02/28/17	35.625	35.775	35.25	35.575	7717880
02/27/17	35.3	36	35.2	35.625	9229360
02/24/17	37.975	38.6	35.25	35.25	9295360
02/23/17	36.2	37.5	35.775	37.25	9758320
02/22/17	35.275	36.25	35.075	36.25	4861160
02/21/17	35.5	36	35.275	35.275	6380440
02/20/17	34.25	36.75	34.225	35.25	11968280
02/17/17	33.875	34.325	33.85	34.25	6328720
02/16/17	33.875	34	33.6	33.875	4421840
02/15/17	34.025	34.025	33.75	33.925	4677480
02/14/17	33.95	34.125	33.8	34	6217800
02/13/17	34	34.075	33.65	33.95	4284520
02/10/17	33.975	33.975	33.75	33.95	2253440
02/09/17	33.95	33.975	33.9	33.925	3852680
02/08/17	33.85	34	33.85	33.925	2747760
02/07/17	33.95	34.1	33.775	33.85	2997160
02/06/17	33.75	34.1	33.75	33.95	3274520
02/03/17	33.75	33.75	33.25	33.375	7092040
02/02/17	33.9	33.9	33.5	33.75	1712200
02/01/17	34.25	34.25	33.5	33.9	2232200
01/31/17	34.65	34.65	33.475	33.8	2057160
01/30/17	34.1	34.5	34	34.425	1907200
01/27/17	34.625	34.625	33.35	34.15	6583440
01/26/17	34.75	34.825	34.6	34.65	4173400
01/25/17	34.65	34.7	34.6	34.625	2939480
01/24/17	34.825	34.85	34.5	34.7	5249120
01/23/17	34.975	35.075	34.65	34.875	2829240
01/20/17	34.325	35	34.25	34.925	3995480
01/19/17	33.525	34.375	33.525	34.25	6645480
01/18/17	33.4	33.675	33.4	33.525	1288840
01/17/17	33.45	33.7	33.25	33.425	3563480
01/16/17	33.525	33.675	33.425	33.475	1464200
01/13/17	33.5	33.725	33.475	33.5	3512600
01/12/17	33.575	33.575	33.325	33.5	3409160
01/11/17	33.85	33.875	33.45	33.5	7376640
01/10/17	33.25	34.2	33.25	33.75	10799880
01/09/17	33.1	33.325	33.075	33.1	7998880
01/06/17	33.25	33.875	32.8	33	5361160
01/05/17	33.2	34.15	32.85	33.2	9209000
01/04/17	32.675	33.5	32.45	33.2	3336440
01/03/17	32.325	32.675	32.325	32.675	297120
12/29/16	32.625	32.625	32.35	32.5	3203960
12/28/16	32.5	32.75	32.5	32.6	1412120
12/27/16	32.25	32.75	32.25	32.5	1825680
12/23/16	32.5	32.5	32.125	32.5	1176400
12/22/16	32.975	32.975	32.275	32.5	2763200
12/21/16	32.7	32.975	32.375	32.975	891680
12/20/16	32.75	32.875	32.425	32.8	1796160
12/19/16	32.875	32.875	32.75	32.875	1794080
12/16/16	32.875	32.95	32.75	32.875	1921240
12/15/16	32.875	32.925	32.625	32.875	4129240
12/14/16	32.8	33.5	32.8	33.125	5286720
12/13/16	32.75	32.9	32.625	32.8	3803240
12/12/16	32.9	32.9	32.75	32.85	3822400
12/09/16	33.45	33.45	32.575	32.9	3163720
12/08/16	32.825	32.875	32.8	32.825	2348160
12/07/16	32.875	32.9	32.75	32.825	2076000
12/06/16	33	33	32.75	32.875	1799360
12/05/16	32.975	33.225	32.9	32.95	1143240
12/02/16	33	33.3	32.5	32.975	1133840
12/01/16	33.25	33.25	32.75	32.75	1120600
11/29/16	33	33.5	32.75	32.75	1803160
11/28/16	32.375	33.35	32.35	32.5	2122040
11/25/16	32.875	33.375	32.25	32.375	3591720
11/24/16	32.5	33.5	32.5	33.5	3054000
11/23/16	32.5	33	32.375	32.45	1569600
11/22/16	32.875	33.75	32.2	32.375	2466640
11/21/16	33.375	33.5	32.125	32.5	1825160
11/18/16	31.95	33.75	31.25	33.375	10973560
11/17/16	31.25	32	31.25	31.375	2823280
11/16/16	31.075	31.2	31	31.1	734920
11/15/16	30.575	31.325	30.575	31.075	599360
11/14/16	31	31.1	30.45	30.875	1448200
11/11/16	31.675	31.675	30.75	31	1422520
11/10/16	31.75	32.25	31.6	31.675	3731280
11/09/16	31.7	31.75	30.5	31.425	3891320
11/08/16	31.275	31.7	30.775	31.25	1419760
11/07/16	31.225	31.225	30.95	31.075	3152880
11/04/16	30.5	31.225	30.5	31.225	1623040
11/03/16	30.5	30.875	30.425	30.625	975000
11/02/16	31.475	31.475	30.5	31.125	366880
10/28/16	31.65	31.65	31.25	31.475	802280
10/27/16	31.525	31.75	31.25	31.725	1881240
10/26/16	31.5	31.6	31.45	31.5	2315920
10/25/16	31.6	31.75	31.5	31.5	1411000
10/24/16	31.7	31.75	31.125	31.125	903120
10/21/16	31.6	31.7	31.25	31.375	1929240
10/20/16	31.275	31.75	31.275	31.625	3059200
10/19/16	31.125	32	31.125	31.625	3880400
10/18/16	31.5	32.125	31.125	31.125	4532960
10/17/16	30.25	31.875	30.25	31.5	7824960
10/14/16	29.65	31	29.5	30.675	6083280
10/13/16	30.225	30.225	29.6	29.65	993640
10/12/16	30.725	30.725	29.5	30.125	1426120
10/11/16	30.025	31.125	30	31	4588480
10/10/16	30.175	30.175	29.75	30.025	469000
10/07/16	30.25	30.25	30	30.125	2685800
10/06/16	30.25	30.25	29.925	30	4505800
10/05/16	30.5	30.6	29.75	30.25	810320
10/04/16	28.675	30.6	28.65	30.5	7024200
10/03/16	28.475	28.775	28.475	28.675	2939560
09/30/16	28.65	28.65	27.875	28.475	8448880
09/29/16	28.6	28.75	28.375	28.65	2409680
09/28/16	28.5	28.75	28.425	28.6	623240
09/27/16	28.875	28.875	28.15	28.3	1081080
09/26/16	29.25	29.25	28.75	28.875	1183200
09/23/16	29.4	29.475	28.875	29.125	2985560
09/22/16	29.25	29.25	29	29.25	3309040
09/21/16	28.55	29.3	28.55	29.25	3022200
09/20/16	28.7	29.25	28.375	28.55	4367480
09/19/16	27.675	27.675	27	27.25	1348480
09/16/16	27	28.025	26.575	27.7	2488200
09/15/16	27.25	27.5	27.25	27.325	1426520
09/14/16	27.6	27.6	25.75	27.3	2423160
09/13/16	27.6	27.75	27.55	27.6	1605040
09/09/16	27.875	27.9	27.625	27.625	1728920
09/08/16	28.25	28.25	27.75	27.875	2246640
09/07/16	28.325	28.375	28.2	28.275	2116120
09/06/16	28.375	28.425	28.25	28.375	3023480
09/05/16	28.375	28.375	28	28.375	734480
09/02/16	28	28.525	27.8	28.375	3354040
09/01/16	28	28	27.65	27.8	1738280
08/31/16	28.2	28.2	27.725	27.725	2172240
08/30/16	28.25	28.25	27.825	28.05	1638040
08/26/16	28.1	28.1	27.75	27.95	1401960
08/25/16	28.25	28.25	27.925	28.1	1866240
08/24/16	28.25	28.375	28.1	28.25	3642720
08/23/16	28.575	28.575	27.7	28.125	3510000
08/22/16	28.25	28.7	28	28.425	5763480
08/19/16	26.55	28.25	26.5	28	9674720
08/18/16	26.55	26.8	26.2	26.45	4636960
08/17/16	27.125	27.5	25.675	25.925	6969560
08/16/16	26.325	27.375	26.325	27.025	9862400
08/15/16	25.2	25.5	23.875	25.5	14197080
08/12/16	26.5	26.5	24.5	25.2	15611200
08/11/16	29.05	29.35	27.025	27.25	5076600
08/10/16	29.2	29.725	28.625	28.975	4914000
08/09/16	29.2	29.25	28.375	28.5	3966800
08/08/16	29.25	29.5	29.125	29.2	2381960
08/05/16	29.45	29.725	29.25	29.25	1044080
08/04/16	29.5	30	29.4	29.45	2195200
08/03/16	29.85	29.85	29.375	29.5	1555600
08/02/16	30	30	29.8	29.85	1030240
08/01/16	29.85	30.25	29.8	30	1929400
07/29/16	29.875	29.9	29.8	29.85	690440
07/28/16	29.925	30	29.725	29.8	2563640
07/27/16	29.825	29.95	29.8	29.875	1815800
07/26/16	30.35	30.375	29.8	29.8	2117360
07/25/16	30.25	30.25	29.975	30	1761960
07/22/16	30.25	30.475	30.05	30.25	1750840
07/21/16	30	30.25	29.925	29.975	1668680
07/20/16	29.75	30.475	29.75	29.75	1708040
07/19/16	29.525	30	29.525	29.525	1312120
07/18/16	30.125	30.125	29.5	29.5	1650200
07/15/16	30.225	30.4	30.075	30.075	1113920
07/14/16	30.5	30.5	30.2	30.2	455320
07/13/16	30.125	30.4	30.1	30.25	1125080
07/12/16	30.25	30.25	30.075	30.125	1929880
07/11/16	30.425	30.75	30.25	30.25	775080
07/08/16	30.75	30.75	30.3	30.475	812160
07/07/16	31.125	31.125	30.375	31	928560
07/05/16	30.725	31.25	29.875	31.25	2976880
07/04/16	31.4	31.4	30.625	30.75	1486040
07/01/16	31.275	31.525	31.225	31.4	2112480
06/30/16	30.875	31.35	30.875	31.275	3361040
06/29/16	30.825	31	30.5	30.875	1964000
06/28/16	30.95	30.975	30.375	30.75	1766800
06/27/16	29.25	31	29.25	30.75	3685200
06/24/16	30.35	30.875	28.975	29.25	5556040
06/23/16	29.75	30.475	28	30.2	8577040
06/22/16	31.95	31.95	29.875	29.875	6858280
06/21/16	32.775	33	32.25	32.45	4513960
06/20/16	32.375	32.775	32.375	32.375	2106480
06/17/16	32.125	32.325	32	32.25	1872880
06/16/16	32.25	32.3	32.125	32.125	875920
06/15/16	32.425	32.425	32.175	32.2	1035920
06/14/16	32.275	32.425	32.175	32.25	535840
06/13/16	32.5	32.5	32.025	32.275	1601240
06/10/16	32.5	33.125	32.3	32.325	1606280
06/09/16	32.675	32.675	32.325	32.5	1329360
06/08/16	32.5	33.125	32.375	32.675	7296880
06/07/16	32.05	32.75	32.05	32.35	2754960
06/06/16	32.125	32.5	32.1	32.125	1777320
06/03/16	32.5	32.5	32.1	32.125	1399840
06/02/16	32.05	32.75	32	32.425	2590320
06/01/16	32.375	32.375	31.975	32	1074240
05/31/16	32.45	32.45	29.25	32.25	7208800
05/30/16	32.425	32.45	32.15	32.35	1722160
05/27/16	31.775	32.25	31.775	32.1	6946680
05/26/16	31.875	32	31.75	31.775	1631480
05/25/16	31.65	31.875	31.65	31.8	3714400
05/24/16	31.625	31.75	31.6	31.625	3674560
05/23/16	31.75	31.75	31.625	31.625	1258440
05/20/16	31.875	31.925	31.625	31.75	5481520
05/19/16	32.1	32.125	31.9	31.925	972120
05/18/16	32.25	32.5	32	32.125	1445280
05/17/16	32.225	32.375	32	32.025	2272000
05/16/16	31.625	32.125	31.625	32	2701440
05/13/16	31.875	32.25	31.75	31.75	4498120
05/12/16	32.45	32.45	31.75	31.875	2720240
05/11/16	32.45	32.675	32.25	32.5	3642040
05/10/16	31.6	32.45	31.55	32	1436560
05/06/16	31.5	31.625	31.5	31.6	644360
05/05/16	31.75	31.75	31.525	31.625	960080
05/04/16	31.725	31.775	31.725	31.75	1800200
05/03/16	31.375	31.775	31.375	31.725	2262840
05/02/16	32.225	32.225	31.25	31.375	2171080
04/29/16	32	32.125	31.7	31.75	589720
04/28/16	31.725	32.25	31.725	32	3647080
04/27/16	31.925	31.925	31.7	31.75	936720
04/26/16	31.95	31.95	31.525	31.775	2705040
04/25/16	31.5	31.5	31.375	31.5	5708040
04/22/16	31.6	31.625	31.475	31.5	1052120
04/21/16	31.5	31.625	31.4	31.5	2196200
04/20/16	31.725	31.75	31.5	31.5	2135440
04/19/16	31.525	31.75	31.525	31.725	2391720
04/18/16	31.75	31.925	31.625	31.625	2037040
04/15/16	31.875	31.875	31.725	31.75	1522160
04/14/16	31.95	31.975	31.825	31.85	1522520
04/13/16	31.925	31.95	31.65	31.875	4281160
04/12/16	32.25	32.25	31.625	31.925	2670680
04/11/16	32	32.125	31.75	31.975	1507200
04/08/16	31.875	31.9	31.55	31.75	1645600
04/07/16	32	32.5	31.875	31.925	1950040
04/06/16	32.35	32.375	32	32	4814920
04/05/16	32.825	33	32.35	32.35	1740120
04/04/16	32.625	32.825	32.5	32.825	506480
04/01/16	32.825	33	32.625	32.625	87280
03/31/16	33	33	32.775	32.825	5813840
03/30/16	32.75	33	32.725	32.825	2433760
03/29/16	32.85	33	32.7	32.75	2902400
03/28/16	32.875	33.25	32.75	32.85	621160
03/23/16	32.95	33.5	32.85	32.875	3374080
03/22/16	33.375	33.375	31.95	32.7	4528400
03/21/16	33.75	34	32.475	33.125	6518800
03/18/16	34.5	34.5	33.75	33.75	3304000
03/17/16	34.025	34.5	34.025	34.5	831320
03/16/16	33.775	34.7	33.775	34	2318960
03/15/16	33.85	34.375	33.65	34.25	2132680
03/14/16	33.025	34	33.025	33.85	3490000
03/11/16	32.25	33.975	32.25	33.975	2203040
03/10/16	32.5	32.55	32.5	32.5	1087040
03/09/16	32	32.5	32	32.25	1965960
03/08/16	32.25	32.25	31.675	32	1649400
03/07/16	31.5	31.75	31.5	31.65	779440
03/04/16	31.3	31.65	31.3	31.5	1529560
03/03/16	32.05	32.05	31.275	31.275	888920
03/02/16	31.95	32.125	31.625	32.025	926640
03/01/16	31	32.125	31	31.8	2603240
02/29/16	30.75	30.875	30.7	30.75	2305360
02/26/16	30.675	30.75	30.65	30.7	3230560
02/24/16	31	31	30.6	30.675	32000
02/23/16	30.625	31	30.375	30.575	1758240
02/22/16	30.8	30.8	30	30.7	2870320
02/19/16	30.85	30.85	30.5	30.75	1499640
02/18/16	30.825	30.875	30.75	30.875	808640
02/17/16	31.15	31.15	30.75	30.825	1624680
02/16/16	31.25	31.25	30.5	30.5	2342160
02/15/16	30.525	30.75	30.125	30.625	908720
02/12/16	30.875	30.875	30.05	30.525	1674600
02/11/16	30.275	31	30.05	30.775	2202680
02/10/16	30.5	30.575	30.225	30.375	2698960
02/09/16	31.5	31.5	30.5	30.975	2122320
02/05/16	31.125	31.75	31.125	31.525	1549600
02/04/16	30.4	31.4	30	31.125	3172440
02/03/16	30.65	30.65	30	30.3	1662240
02/02/16	30.125	31.5	30.125	30.625	2093760
02/01/16	29.675	30.3	29.675	30.25	3593480
01/29/16	30.25	30.25	29.625	29.675	1434960
01/28/16	29.65	30.2	29.325	29.625	1645240
01/27/16	29.475	30.25	29.475	29.65	1967800
01/26/16	29.825	29.85	29.375	29.475	2092440
01/25/16	31.25	31.25	29.825	30.25	542000
01/22/16	29.85	30	29.8	30	486600
01/21/16	30.5	30.5	29.75	30	4267960
01/20/16	30.5	30.95	30.5	30.85	409440
01/19/16	31.625	31.625	30.75	30.75	3857960
01/18/16	31.525	31.575	31.225	31.575	537920
01/15/16	31.875	31.875	31.375	31.625	493040
01/14/16	31.55	31.9	31.5	31.875	1861920
01/13/16	31.75	32.675	31.75	32.25	1618920
01/12/16	31.075	32.5	31.075	31.4	438000
01/11/16	32.575	32.575	31.1	31.375	1251280
01/08/16	32.7	32.775	32.575	32.725	752640
01/07/16	34	34	32.625	32.75	2121160
01/06/16	33.75	34	33.75	33.825	1096280
01/05/16	33.75	34	33.625	33.75	1096320
01/04/16	34.125	34.125	33.725	34.125	461960
12/29/15	34	34.25	33.75	34.125	1583960
12/28/15	33.5	34	33.375	33.75	1299880
12/23/15	33.675	33.675	33.4	33.5	971400
12/22/15	33.25	33.675	33.1	33.1	541920
12/21/15	33.35	33.6	33.25	33.4	1577200
12/18/15	33.5	33.725	33.25	33.35	1978120
12/17/15	33.875	33.875	33.75	33.875	926080
12/16/15	33.5	33.5	33.15	33.4	2458480
12/15/15	33	33.3	33	33.175	1461840
12/14/15	32.775	33.7	32.775	33.325	437040
12/11/15	33.8	33.95	33.425	33.75	2106880
12/10/15	34	34.15	33.975	34.075	1664480
12/09/15	33.825	34	33.8	34	481160
12/08/15	34	34	33.825	34	477040
12/07/15	34.075	34.075	33.9	34	420120
12/04/15	34.2	34.2	33.875	34.025	172840
12/03/15	34.225	34.225	33.85	34.225	872280
12/02/15	34.2	34.25	33.75	34.25	301120
12/01/15	33.5	34.25	33.5	34.25	603280
11/27/15	34	34.25	33.75	34	2503200
11/26/15	34.325	34.325	33.95	34	1418440
11/25/15	34.2	34.3	33.95	34.25	4298640
11/24/15	33.5	34	33.5	34	1669880
11/23/15	34.2	34.2	33.5	33.7	2041840
11/20/15	33.9	33.9	33	33.7	1199920
11/17/15	33.65	34.225	33.6	33.95	1035680
11/16/15	33.35	33.65	33.075	33.65	864080
11/13/15	33.375	34.125	33.35	34.125	1096720
11/12/15	34.225	34.225	33.35	34	987280
11/11/15	34.1	34.25	33.95	34.25	115400
11/10/15	34.05	34.225	33.475	34.175	1475080
11/09/15	34.125	34.25	33.775	34.05	1078760
11/06/15	33.75	34.25	33.5	34.25	644280
11/05/15	34.125	34.25	34	34.25	480560
11/04/15	34.5	34.5	33.75	34.2	1620560
11/03/15	33.75	34.5	33.7	34.4	1014440
11/02/15	33.475	33.775	33.475	33.75	983320
10/30/15	34	34	33.475	33.475	170200
10/29/15	34.1	34.1	33.825	33.925	870960
10/28/15	33.825	34.25	33.825	34.1	1085040
10/27/15	34.35	34.35	33.3	33.925	987840
10/26/15	33.375	34.4	33.375	33.975	2630720
10/23/15	32.45	33.5	32.375	33.375	4200320
10/22/15	32.45	32.5	32.325	32.45	3560400
10/21/15	32.85	33.125	32.45	32.45	3493480
10/20/15	32.25	32.75	32.25	32.75	1856080
10/19/15	32.75	32.75	32.2	32.25	8544280
10/16/15	34	34	32.25	32.5	17673240
10/15/15	33.4	34.25	33.4	34	2400600
10/14/15	34.725	34.725	33.025	33.4	1305240
10/13/15	35.25	35.25	34.525	34.725	782760
10/12/15	34.525	34.85	34.375	34.375	1027040
10/09/15	34.925	35	34.55	34.95	2010400
10/08/15	35.5	35.5	34.5	34.925	1510760
10/07/15	35.5	35.5	34.25	34.875	2410000
10/06/15	34.75	35.75	34.05	35.15	4507640
10/05/15	34.05	34.75	33.75	34.75	3346440
10/02/15	34.175	34.175	33.875	34.05	1303000
10/01/15	34.05	34.425	34.05	34.175	1237760
09/30/15	34.25	34.25	34.025	34.025	2691400
09/29/15	33.675	34.325	33.45	34.15	1957640
09/28/15	33.275	33.8	33.1	33.7	2849920
09/24/15	34	34	33.65	33.675	12639400
09/23/15	34.9	34.9	34	34.1	1532600
09/22/15	34.75	35.125	34.5	34.85	6790560
09/21/15	34.75	34.925	34.5	34.75	4630280
09/18/15	33.85	34.8	33.8	34.25	3718680
09/17/15	33.775	34	33.65	33.85	1706000
09/16/15	34.625	34.625	33.175	34.05	1624800
09/15/15	34.675	34.75	34.25	34.375	3062880
09/14/15	33.375	34.75	33.375	34.375	5390880
09/11/15	33	33.75	33	33.325	2552360
09/10/15	32.75	33.05	32.2	32.9	2927800
09/09/15	33	33.5	32.5	32.75	3287320
09/08/15	33.175	33.175	31.675	32.5	890360
09/07/15	33.65	33.75	33.075	33.225	1243360
09/04/15	32.625	34.475	32.625	33.75	5533760
09/03/15	32.25	32.85	32.1	32.65	4797720
09/02/15	30.5	32.5	30.5	32	4332240
09/01/15	30.625	31.5	30.625	31.325	1638880
08/28/15	31.675	32.25	30.8	32	8891200
08/27/15	30.75	31.5	30.725	31.125	2562320
08/26/15	29.875	31.2	29.875	30.25	1932640
08/25/15	29.5	30.5	29.125	29.725	2751560
08/24/15	31.675	31.675	29.5	29.7	4019080
08/20/15	32	32.5	32	32.225	4209760
08/19/15	30.95	32.5	30.875	31.75	4879880
08/18/15	30.25	30.975	30.25	30.875	1815640
08/17/15	32.35	32.375	30.25	30.25	8078840
08/14/15	31.85	32.475	31.85	32.375	2184000
08/13/15	32.75	33.125	31.5	31.85	7591520
08/12/15	31.75	33.15	30.75	32.5	16786600
08/11/15	29.5	31.875	29.475	31.875	10359960
08/10/15	29.05	29.825	29	29.5	4820400
08/07/15	29	29.2	28.725	29.05	4027280
08/06/15	29.7	29.7	28.525	28.775	3617600
08/05/15	29.75	29.975	29.65	29.7	2863320
08/04/15	29.8	29.85	29.55	29.75	4258080
08/03/15	29.725	29.825	29.675	29.8	4114200
07/31/15	29.75	30	29.75	29.85	3926400
07/30/15	29.675	30.025	29.675	29.75	8959080
07/29/15	29.675	30.1	29.625	29.75	10354080
07/28/15	29.875	29.875	29.4	29.625	7140800
07/27/15	30	30.45	29.75	29.75	14753840
07/24/15	29.5	30.45	29.5	30	14490360
07/23/15	28	29.875	28	29.5	20705560
07/22/15	30.375	30.375	27.7	27.775	17086320
07/21/15	31	31.875	30.55	30.625	7705560
07/20/15	32.175	32.175	30	30.875	7491400
07/16/15	35.5	35.75	35.475	35.75	706800
07/15/15	35.375	35.75	35.375	35.475	390560
07/14/15	35.4	35.5	35.35	35.4	996840
07/13/15	34.625	35.4	34.625	35.4	2367280
07/10/15	34.825	34.9	34.45	34.725	3346520
07/09/15	35	35.825	34.75	35.175	1021600
07/08/15	35.125	35.25	34.875	35	3408600
07/07/15	35.2	35.75	35.15	35.15	10977120
07/06/15	35.5	36	34.775	35.2	2210600
07/03/15	36.625	36.75	35.55	36	774000
07/02/15	36.25	36.675	35.65	36.625	3491520
07/01/15	35.5	36.5	34.75	36.25	1352000
06/30/15	34.95	35.625	34.45	35.625	3396080
06/29/15	35.6	35.6	34.75	34.975	1208680
06/26/15	35.75	35.75	35.45	35.625	1479280
06/25/15	35.8	35.875	35.775	35.8	2379520
06/24/15	35.525	36	35.5	35.775	598680
06/23/15	35.5	35.6	35.5	35.525	873600
06/22/15	35.5	35.625	35.25	35.475	1676920
06/19/15	35.5	35.75	35.425	35.5	6353040
06/18/15	36.25	36.25	35.125	35.5	3247640
06/17/15	35.4	35.75	35.275	35.5	12442800
06/16/15	34.975	35.75	34.75	35.3	6040520
06/15/15	35.125	35.125	34.5	34.8	2318160
06/11/15	34.75	35.725	34.75	35.125	2299960
06/10/15	34.9	35	34.25	34.525	3340520
06/09/15	36.25	36.25	34.05	34.375	4830400
06/08/15	37.325	37.325	35.75	36.25	3042040
06/05/15	37.225	37.25	37.125	37.15	654680
06/04/15	37.25	37.5	37.15	37.225	1357480
06/03/15	37.75	37.75	36.25	37.25	2013800
06/02/15	38.1	38.1	37.65	38	1666480
06/01/15	38.75	39	37.75	38.1	1209400
05/29/15	38	38.875	38	38.5	2577040
05/28/15	38.25	39.225	37.65	38	2207280
05/27/15	39.425	39.425	38.125	38.225	1503560
05/26/15	39.45	39.45	39.325	39.425	601400
05/25/15	39.8	40	39.375	39.45	2794520
05/22/15	40.5	40.5	39.75	39.825	2254560
05/21/15	40	40	39.625	39.625	1793800
05/20/15	39.95	40	39.75	39.95	2348360
05/19/15	40	40	39.925	39.95	2536560
05/18/15	40.75	40.75	39.75	39.875	778760
05/15/15	39.5	40.775	39.5	40.75	3730680
05/14/15	39	40.275	39	39.5	4307720
05/13/15	39.55	39.625	38.8	39	2367720
05/12/15	40.5	40.5	39.45	39.55	4397120
05/11/15	40.625	40.7	40.375	40.5	646920
05/08/15	40.75	40.875	40.675	40.7	3569440
05/07/15	40.875	40.875	40.5	40.75	3435760
05/06/15	41.375	41.375	40.875	40.875	4324800
05/05/15	41.025	41.375	41	41.125	2157800
05/04/15	40.75	41.375	39.05	40.95	3318880
04/30/15	41.25	42	41.125	41.375	3504760
04/29/15	42	42.25	41	41.25	2455080
04/28/15	42.1	42.225	42	42	3942640
04/27/15	41.5	42.25	41.5	42.1	2918760
04/24/15	41.25	41.7	40.875	41.5	2774280
04/23/15	40.35	41.375	40.25	41	2655240
04/22/15	40.175	40.4	40.025	40.375	1257080
04/21/15	40.125	40.8	40.125	40.175	1635120
04/20/15	39.75	40.125	39.55	40.125	1821000
04/17/15	41.35	41.35	39.825	39.85	1694200
04/16/15	41.75	41.75	39.75	40.125	3257920
04/15/15	41.675	41.675	40.5	40.5	4299000
04/14/15	41.7	42.25	41.5	41.675	1248800
04/13/15	41.6	42	41.55	41.7	1769080
04/10/15	41.5	42.15	41.45	41.55	1544680
04/08/15	41.85	41.85	41.65	41.7	1658600
04/07/15	42	42.4	41.85	41.85	1442560
04/06/15	40.975	42.3	40.975	42	2287480
04/01/15	41.75	41.75	40.95	40.975	662760
03/31/15	40.775	41.75	40.75	41.75	5971960
03/30/15	40.5	40.75	40.225	40.75	2032600
03/27/15	40.375	40.5	40.35	40.375	2093240
03/26/15	39.875	40.625	39.875	40.375	3720160
03/25/15	39.55	40	39.525	39.875	1431320
03/24/15	39.75	39.75	39.475	39.525	2223080
03/23/15	39.875	39.875	39.475	39.75	3870160
03/20/15	39.5	41.75	39.5	39.875	18712680
03/19/15	39.625	39.8	39	39.3	3868280
03/18/15	39.975	39.975	39.125	39.75	3550960
03/17/15	38.575	40.5	38.575	39.25	7107320
03/16/15	39	39	38.025	38.575	1130240
03/13/15	40	40	38.825	39	2673480
03/12/15	39.95	40.9	39.6	40	3748440
03/11/15	40.25	40.325	39.6	39.95	2455240
03/10/15	40.625	40.625	40.075	40.425	2758880
03/09/15	41.5	41.5	40.55	40.875	7698560
03/06/15	42	42.175	41.375	41.6	1873640
03/05/15	41.25	42.175	41.25	41.7	9379760
03/04/15	40.9	40.925	40.25	40.825	7056200
03/03/15	40	41.05	40	40.925	4601480
03/02/15	39.05	40.25	38.925	39.875	4064520
02/27/15	38.75	39.175	38.75	38.9	3485200
02/26/15	38.85	38.85	38.5	38.75	12311840
02/25/15	39.175	39.2	38.35	38.5	2469160
02/24/15	39.175	39.225	38.75	38.75	1452040
02/23/15	39.1	39.25	38.95	39	3063600
02/20/15	39.1	39.2	38.75	39.125	1350920
02/18/15	39.25	39.25	39.125	39.125	883240
02/17/15	39.725	39.725	39.2	39.25	1647440
02/16/15	39.275	39.8	39.15	39.25	1882600
02/13/15	39.025	40	39.025	39.275	2327520
02/12/15	39	39.5	39	39.2	2943760
02/11/15	38.875	39.75	38.875	39	1516560
02/10/15	39.95	39.95	38.775	38.8	1832800
02/09/15	40.025	40.75	39.9	39.975	2765840
02/06/15	39.8	40.825	39.8	40	11810240
02/05/15	39.75	39.975	39.25	39.75	3344160
02/04/15	37.75	39.975	37.75	39.225	5157160
02/03/15	36.725	37.5	36.6	37.5	4873000
02/02/15	36.7	37	36.5	36.7	643280
01/30/15	36.8	37	36.75	36.75	1906040
01/29/15	36.75	37.25	36.6	36.775	3997800
01/28/15	36.25	36.875	36.25	36.75	4238040
01/27/15	36.275	36.625	36.25	36.275	6681720
01/26/15	36.475	36.475	36.025	36.275	1533440
01/23/15	35.975	36.7	35.975	36.375	2782320
01/22/15	36.25	36.25	35.725	35.95	3322640
01/21/15	35.95	36.7	35.75	36	2064720
01/20/15	36.7	36.7	36	36	2371240
01/19/15	37	37	36.75	36.75	990080
01/14/15	36.725	37.225	36.725	37.1	2099120
01/13/15	36.75	36.775	36.6	36.725	1668920
01/12/15	36.425	36.95	36.425	36.75	2529760
01/09/15	36.375	37.5	36.25	36.4	3986520
01/08/15	36.2	36.975	36.125	36.25	1852600
01/07/15	35.5	37	35.5	36.2	4981600
01/06/15	35	35.85	35	35.5	4509520
01/05/15	35.5	35.6	35.25	35.5	3159160