SECB 1216

12/27/19	192	197	190	195	186470
12/26/19	186.6	196	185.8	196	302450
12/23/19	181.9	187.7	181.9	186.6	1913760
12/20/19	186.8	188.2	179.7	183	1988700
12/19/19	193.9	193.9	186.1	187	1103210
12/18/19	197	197	189.2	193	657740
12/17/19	197	197	190.1	196.5	905590
12/16/19	200	200	195	195	309670
12/13/19	200	200	196.3	200	421270
12/12/19	199.5	200	194.4	200	786030
12/11/19	196	200	196	199.5	365150
12/10/19	199.4	199.6	196	196	449670
12/09/19	202.4	202.4	197.1	199.6	113350
12/06/19	197.9	198.9	195	195.8	1538920
12/05/19	199	199.6	197.5	197.9	1427610
12/04/19	202	203	198	199.6	843420
12/03/19	206.2	206.2	201	202	630130
12/02/19	205	206	201.6	206	398390
11/29/19	204	205	199.4	205	547740
11/28/19	201.6	204	199	204	453430
11/27/19	203	204.2	198.1	204	517470
11/26/19	201	202	199	202	1060000
11/25/19	200.6	202.2	199.4	202	235670
11/22/19	201	201	197.2	201	405410
11/21/19	202.8	203	197.1	201	689820
11/20/19	203.8	203.8	199.9	203	218440
11/19/19	202.6	203.8	199.1	203.8	225610
11/18/19	200	202.8	198.2	200.6	357920
11/15/19	195.9	205	195.9	200	634710
11/14/19	193	195.9	193	195.9	312010
11/13/19	195.5	195.5	193	195.3	951940
11/12/19	200.6	201.4	195	195.5	842790
11/11/19	200.8	201	200	200	213320
11/08/19	203.6	203.6	196	203	223760
11/07/19	202	203	200	203	247310
11/06/19	204	204	200	202	177310
11/05/19	203	204.8	200.2	203.2	688410
11/04/19	199.1	204.8	199.1	204	286800
10/31/19	204.8	204.8	199.2	199.2	451210
10/30/19	204	205.6	201	205	440450
10/29/19	203.4	205	200.8	204	502100
10/28/19	199	203.6	198.7	203.6	335200
10/25/19	201	203	201	203	476330
10/24/19	200	201	198.6	201	527070
10/23/19	200.6	200.6	198.3	200	372450
10/22/19	199	202	198	202	401260
10/21/19	199.5	199.5	197.1	199	89220
10/18/19	199.9	199.9	197.1	199.5	1122160
10/17/19	196.5	200	194.5	200	985680
10/16/19	192.5	198.5	192.5	198.4	1058570
10/15/19	197.5	197.5	192.4	197	314800
10/14/19	197.9	199	196.6	197.5	217630
10/11/19	198.8	199	194.8	198	494960
10/10/19	191.1	199	190.2	199	349820
10/09/19	194.4	194.5	191	191	722550
10/08/19	196	199	194.5	194.6	162500
10/07/19	197.9	197.9	190.4	197	224810
10/04/19	190.3	198	190.3	197.9	190100
10/03/19	192	196	189.5	190.2	548070
10/02/19	187.3	197	187.3	194.2	500940
10/01/19	195.8	195.8	188.9	190	994900
09/30/19	196	197.8	195.3	197	330660
09/27/19	197	198.9	197	198	121280
09/26/19	197.9	198	193.1	197	614590
09/25/19	196	198	193.2	198	460490
09/24/19	196	197.9	195.8	196	306230
09/23/19	197	198	195.8	197.5	462650
09/20/19	196.2	199.8	196	199	661790
09/19/19	197.8	199	196	199	452150
09/18/19	199.7	199.7	197	198.3	446230
09/17/19	203	203.2	199.8	200	1147940
09/16/19	205.4	206	203.2	205.6	240780
09/13/19	206	206.4	205	206	634720
09/12/19	203.8	206	202.2	206	232760
09/11/19	203.2	205	203	204	723720
09/10/19	205	205	202	204.6	449870
09/09/19	203.4	205	201	205	194800
09/06/19	201	205	200	203.4	520240
09/05/19	200	202.2	198.2	202	442420
09/04/19	201	201.2	197.1	199.8	132080
09/03/19	198.2	205	195	205	680470
09/02/19	200	200	195	199	183960
08/30/19	194.9	204	192.5	204	1339130
08/29/19	192.1	195.4	189	195.4	1226160
08/28/19	186	193	185.1	193	749260
08/27/19	186	186.5	185.4	186.2	588740
08/23/19	187.4	191	185.2	189.8	566160
08/22/19	187.2	190	186	189.4	608800
08/20/19	191.7	192.1	186.2	190.6	379950
08/19/19	183.1	191.9	183.1	191.9	440460
08/16/19	189.3	190.1	182.4	182.4	300030
08/15/19	187	189.8	183.6	189.3	879310
08/14/19	194.4	194.4	185.2	189.3	271170
08/13/19	194	195	183.6	195	484190
08/09/19	192	202.2	190.4	193.5	1746730
08/08/19	182.5	192	182	192	2157140
08/07/19	173.3	182.4	170.5	182.4	864350
08/06/19	173	173.5	170	173.3	723620
08/05/19	180	180	174.6	175.5	369720
08/02/19	181.9	181.9	178	180	128840
08/01/19	182	182.4	178.1	182	352470
07/31/19	182.5	184	181.1	182.5	722160
07/30/19	185	185	182.4	184	172310
07/29/19	185	185	182.1	185	200980
07/26/19	186	186	183.2	185	74480
07/25/19	184	186.3	182.1	186	348750
07/24/19	185	185.5	182	184.6	271720
07/23/19	185	186.7	183.9	185.5	311910
07/22/19	185	186.9	185	186.9	222460
07/19/19	187.4	187.4	186.3	187	474620
07/18/19	182.1	187.5	182.1	187.4	395070
07/17/19	185	186	181	182.1	140810
07/16/19	183	187.1	183	185	931750
07/15/19	179	183.5	178.2	182	491610
07/12/19	180	183	178.4	179	668390
07/11/19	173	180.1	172	179.8	1567440
07/10/19	173	174	171.8	173	91550
07/09/19	172	173	171.8	173	406440
07/08/19	172.4	172.5	170	171.9	583640
07/05/19	171.5	172.6	171.4	172	1306450
07/04/19	170.5	172	169.3	171.5	397130
07/03/19	170	170.9	169.6	170	1099170
07/02/19	168.5	170	168.5	170	203820
07/01/19	171.1	171.1	168.5	168.6	155920
06/28/19	171.9	171.9	168	170	492910
06/27/19	171.9	171.9	170.1	171.5	97570
06/26/19	169.9	171.9	168.6	171.9	324850
06/25/19	169.5	170	168.8	170	193120
06/24/19	170	170	168.5	169.1	402550
06/21/19	165.5	170	165.5	170	616890
06/20/19	165	165.9	164.9	165.1	1038980
06/19/19	165.5	166	163.1	165	1077560
06/18/19	168.8	168.8	162.5	162.5	634000
06/17/19	171.5	172.4	168.1	168.6	478180
06/14/19	171.9	172.5	168.1	171.5	244340
06/13/19	171.3	172.3	167.9	171	591170
06/11/19	172.4	173	170.7	170.9	867190
06/10/19	171.9	171.9	170.4	170.9	585210
06/07/19	172	172.5	170	171.9	116120
06/06/19	172	173.8	167.9	172.1	2183820
06/04/19	175	175	170	170.1	441980
06/03/19	175	176	174	174	342220
05/31/19	176	176.3	175	175	264570
05/30/19	175	177	175	175.3	310900
05/29/19	173.8	177	172	175	750050
05/28/19	173.8	174.6	170	171.1	1166850
05/27/19	170.4	174.6	170.4	173.8	1112000
05/24/19	171.7	171.7	170.1	170.4	240210
05/23/19	174.5	175	171.4	172	214590
05/22/19	179	179	174	175.5	295890
05/21/19	178.6	179.1	176.1	178.8	793260
05/20/19	175	179.1	172.1	178.5	730630
05/17/19	162.3	175	162.3	175	867650
05/16/19	165.4	165.4	161.6	162	364120
05/15/19	168.2	169	165.5	166	445110
05/14/19	171.7	171.9	168	168	607670
05/10/19	170.1	173.6	169	171.9	365650
05/09/19	172.6	175	169.3	170	559950
05/08/19	177.9	177.9	172.5	172.5	340900
05/07/19	180	180	175	175	414580
05/06/19	181.3	182.9	177.8	180	606330
05/03/19	184.6	187.5	181.2	181.2	603920
05/02/19	180	186.5	179	184.5	654490
04/30/19	179.4	181	178.1	180	190680
04/29/19	180.9	180.9	179.1	180	96640
04/26/19	181	181	178	180.5	380900
04/25/19	178	181.2	176.1	181.2	349640
04/24/19	178	179	177.9	178.8	173270
04/23/19	178.3	178.5	176	177.5	149120
04/22/19	180	180	177	178.5	155040
04/17/19	176.2	180	176.2	180	104080
04/16/19	177.6	179.9	177.3	178	129170
04/15/19	178	178.3	177	177.6	231490
04/12/19	180	180.5	175.5	176	71800
04/11/19	180.5	180.7	179.5	180	114580
04/10/19	179.7	181.1	179.5	180.5	452300
04/08/19	178.4	179.7	177.7	179.7	153780
04/05/19	177.4	178.5	177.4	178.3	133150
04/04/19	175	179.3	174.8	177	1451410
04/03/19	171.6	177	171.6	175	735810
04/02/19	172	172	170.8	171.7	194750
04/01/19	172.9	172.9	169.7	172	116440
03/29/19	170.3	173	169.6	173	358660
03/28/19	172.9	172.9	168	170.3	228790
03/27/19	171.9	171.9	168	171	435600
03/26/19	167.7	172	167.7	172	633680
03/25/19	173.8	173.8	166.8	167.7	399040
03/22/19	172.9	174.8	170.8	171.2	828640
03/21/19	172.5	174.8	172.1	172.9	222420
03/20/19	165	173	165	172.7	1081400
03/19/19	169	170	165.9	165.9	540950
03/18/19	168	168.5	164.4	168.5	232510
03/15/19	170.5	170.5	164.3	164.3	537370
03/14/19	168	171.5	167	170.5	745970
03/13/19	167	168	166	167	255510
03/12/19	167	167	166	167	488440
03/11/19	170.7	170.7	163.8	167	171120
03/08/19	169.9	170.9	167	167.8	77120
03/07/19	163.5	169.9	163.5	169.9	251710
03/06/19	161	163.5	158.4	163.5	266590
03/05/19	162	162.3	160.6	161.9	247200
03/04/19	162.6	162.6	158.1	160.2	296410
03/01/19	165.9	168	155.1	162.5	834800
02/28/19	172.2	173	164.8	165.8	784540
02/27/19	173.3	173.3	170.5	171.8	221820
02/26/19	174	174	170.6	171	233940
02/22/19	174	174.4	171.8	173	230250
02/21/19	173	173	170.9	173	203270
02/20/19	170.4	174	170	173	174850
02/19/19	172.4	173.6	168.5	169.8	556320
02/18/19	172.2	175.4	172.2	173.1	60070
02/15/19	175.1	176.5	171.5	172.2	426750
02/14/19	171.5	177	170	175.1	390820
02/13/19	176.4	178.5	169.9	171.5	575560
02/12/19	180.6	180.6	176	176.4	169840
02/11/19	179	182.1	178.6	180	567670
02/08/19	179.8	179.8	177	179	134050
02/07/19	180.4	181.4	179	179.8	83420
02/06/19	175.1	181.5	175.1	180.5	497930
02/04/19	181.9	181.9	174.5	174.8	392850
02/01/19	179	183.6	179	179.1	610360
01/31/19	176.5	182	176	179	1421070
01/30/19	176.8	178.4	175.3	176	325050
01/29/19	175.1	178.4	174.1	176.8	393940
01/28/19	177.8	178	175	175	231070
01/25/19	178.4	178.4	174.2	174.2	156920
01/24/19	176.9	178	176	176	253860
01/23/19	174.1	175.2	174.1	175	400850
01/22/19	177.6	178	174.1	175	547750
01/21/19	179.7	179.9	175.9	177.6	222670
01/18/19	178.5	181.4	177.5	179.7	892350
01/17/19	179.8	181.4	178	178.5	329860
01/16/19	179.5	182.1	174.1	179.8	404160
01/15/19	179	181.5	177.1	179.1	359400
01/14/19	175.5	180.5	174.1	179	645030
01/11/19	178.4	178.4	172	175.3	997120
01/10/19	171.1	178.4	171.1	178.4	2807810
01/09/19	163.6	171	163.6	171	2107000
01/08/19	164	166	162.8	163.5	1099530
01/07/19	163.4	166.5	162.5	163.4	921090
01/04/19	160.5	164.7	160.2	163.3	928760
01/03/19	155.9	161	155.9	160.5	1078010
01/02/19	156	159.7	154.6	154.6	378880
12/28/18	156.7	158	154.1	155	250060
12/27/18	155.5	158.3	155.5	155.7	248970
12/26/18	154.1	156.6	152.6	155.1	230740
12/21/18	157.1	159	154	154.5	421240
12/20/18	157.4	162	157	157	503280
12/19/18	154.3	158	153.2	157.5	332780
12/18/18	159.6	159.6	152.8	152.8	373910
12/17/18	160.5	162.8	159.9	160	491170
12/14/18	163	163	160.2	160.2	172790
12/13/18	162.5	163.5	160.9	160.9	564850
12/12/18	162.7	162.7	160.3	162	151560
12/11/18	158.2	161.5	158.2	160.2	493760
12/10/18	160	160	157.4	160	125200
12/07/18	161.2	162	158.1	160	144250
12/06/18	162	162	157.5	161	508990
12/05/18	164.9	164.9	159	159	452970
12/04/18	164.4	167.8	164.3	166.9	454750
12/03/18	164.6	164.6	162	164.3	868570
11/29/18	160	163.9	158.4	161	1375700
11/28/18	160	161.9	156	158	618680
11/27/18	163.5	164.8	159	159	535370
11/26/18	162.7	165.1	160	163	735220
11/23/18	155.4	163.6	155.4	162.8	1168500
11/22/18	152.7	156	152.5	155	821770
11/21/18	151.8	151.8	149.4	151	640760
11/20/18	146.2	153	144.7	152	1374370
11/19/18	141.8	147.3	140.1	146.5	1487340
11/16/18	139.2	146.1	139.2	140	1792230
11/15/18	138.5	139.7	137	139	428200
11/14/18	138	139	136	136	435140
11/13/18	142	142	135.6	138	541330
11/12/18	144.8	144.8	140.5	142	330230
11/09/18	145.8	145.8	141	145	455040
11/08/18	143.8	145.5	138.9	143	588140
11/07/18	146	146.2	140.8	144.3	471510
11/06/18	146.2	149	145.3	145.9	321360
11/05/18	144.4	149	144.3	146.1	634910
10/31/18	143.6	145.2	138.8	144.4	688820
10/30/18	142	144.9	138.9	143	837870
10/29/18	140.8	146	140.7	142	795200
10/26/18	138	140.6	137.9	139.6	819540
10/25/18	144	144	137.5	137.5	1144160
10/24/18	151.6	151.6	145	145	713900
10/23/18	152.7	154	149.8	151.6	993520
10/22/18	152.8	156	151.8	152.6	592250
10/19/18	152	153.5	150.3	152.5	894630
10/18/18	153.7	153.8	149.2	152	1378690
10/17/18	147	153.6	147	152	1255670
10/16/18	143.1	146.5	143.1	146	724610
10/15/18	143	144.1	141.1	143.1	1819450
10/12/18	133.3	144	133.3	140.9	1523710
10/11/18	135	135.7	132.1	133.2	1029630
10/10/18	140.5	140.5	135	135.7	941510
10/09/18	145.4	145.4	139	139.8	1550620
10/08/18	145.1	146.4	144.7	144.8	773450
10/05/18	146	146.8	144.7	144.8	536490
10/04/18	149.1	150	144.8	144.8	1200770
10/03/18	148.9	150.1	147.5	149.9	884780
10/02/18	150	152.5	145	146.2	1009500
10/01/18	156.2	156.2	150	150	846200
09/28/18	155.5	159.8	154	154	715370
09/27/18	156.1	158	152.5	155.3	891150
09/26/18	168.8	168.8	156	156	1077270
09/25/18	169.5	169.5	168	168.8	685490
09/24/18	168.6	170	168.1	168.9	898140
09/21/18	169.5	173	168	168.5	1660520
09/20/18	171	171	168	169	563170
09/19/18	172	173.4	169	169	1163330
09/18/18	176	176	172.6	175	1078750
09/17/18	183	186.5	176	176	294510
09/14/18	190.5	190.5	182	182	419810
09/13/18	189.9	190.8	189	189.6	479410
09/12/18	189.6	192.8	189.1	189.9	663850
09/11/18	194	194	189	193	788700
09/10/18	191.5	192	190	190.1	414980
09/07/18	194.9	194.9	191.3	191.5	772260
09/06/18	195.3	195.3	192.6	195	958400
09/05/18	196	198.7	194.5	195.3	700760
09/04/18	196.8	198	195.1	196	678470
09/03/18	196	197	195	196.1	132900
08/31/18	199.7	199.8	194.5	194.5	614290
08/30/18	199.9	201	199.5	199.9	896880
08/29/18	200.8	201	199	199.9	825010
08/28/18	198.2	203.4	198.2	203.4	155830
08/24/18	202	202	198.2	199.3	266520
08/23/18	198.4	202	198.4	202	185510
08/22/18	198.6	201.8	198.2	201.8	192780
08/20/18	199	199	198.4	198.6	212240
08/17/18	198.7	200	198.7	199	178970
08/16/18	201.6	201.6	198.3	198.7	228070
08/15/18	199	201.6	198.7	201.6	159160
08/14/18	199	199.1	198.4	199	105160
08/13/18	200	200.2	199	200	88760
08/10/18	202.6	203	199.7	200	1123410
08/09/18	202.4	204	200	202.6	115890
08/08/18	201	204	200.8	202.4	154350
08/07/18	205	206	200.4	201.2	345610
08/06/18	204	205	201.2	205	90110
08/03/18	205.8	205.8	198	204	355040
08/02/18	206	207	202	202	324600
08/01/18	205.8	208	203.8	206	264640
07/31/18	204.6	205.4	202.2	203	383360
07/30/18	205	205.8	203.2	205	198630
07/27/18	204	206	201.6	206	175130
07/26/18	204	206.6	204	204	144210
07/25/18	204	206.6	202.8	203	398500
07/24/18	204	205	202.8	202.8	336660
07/23/18	206.6	206.6	204	204	163600
07/20/18	211.2	211.2	206.4	206.6	262810
07/19/18	211	212	210.2	211.6	232060
07/18/18	210	212	210	211.6	234150
07/17/18	211.8	212	211.4	211.6	892830
07/16/18	213	213	210.6	212	337990
07/13/18	207	213	207	212	1031660
07/12/18	201.4	208	201.4	207.4	615370
07/11/18	200.2	203.8	200.2	202.6	195950
07/10/18	201	202	200.6	202	127700
07/09/18	201	202	200.2	200.8	73970
07/06/18	202	202	200	201.2	881370
07/05/18	201	203.8	201	203.8	668090
07/04/18	200.2	203.4	198	203	322180
07/03/18	202	202	200	200.2	397960
07/02/18	202.4	204	200.4	202	177170
06/29/18	197.2	201	197.2	200	309380
06/28/18	200	200.4	199	200	921340
06/27/18	200.6	201.8	196.6	200	1674480
06/26/18	194	200.8	192.5	200.8	335710
06/25/18	198	199	195	195	579050
06/22/18	200	200	195.5	198	751060
06/21/18	200	201	196	200	776310
06/20/18	205	205	199.8	200	372300
06/19/18	202.8	202.8	197	199.1	240480
06/18/18	198.1	205	198	202.6	397100
06/14/18	201	206	198	206	1003360
06/13/18	202	202.2	198.1	201	664250
06/11/18	202	203.2	201	201.8	190260
06/08/18	202	202.2	200	200.6	188310
06/07/18	199.8	204	194.5	202	372980
06/06/18	194.9	200	193.4	199	105900
06/05/18	191.9	195	190.5	195	329390
06/04/18	194.5	195	190.2	191	165680
06/01/18	193.9	194	190	194	441790
05/31/18	189	195	188	195	1003790
05/30/18	190.1	190.1	186.8	189	460090
05/29/18	195	195	190.5	192.9	220020
05/28/18	192	194.9	191.3	193	138860
05/25/18	198.5	199.7	192	192	391490
05/24/18	199	200	195.5	200	151800
05/23/18	197.6	199	196.2	199	337000
05/22/18	200.8	202.2	197	197.7	571710
05/21/18	199.5	202	199.5	200.6	384410
05/18/18	200.4	202	199.6	199.9	317720
05/17/18	200	202	200	200.2	1321050
05/16/18	201	202.6	199	200.4	2086680
05/15/18	200.8	204	200.6	201	682100
05/11/18	196	201.6	195	200.6	1028520
05/10/18	190.5	197.5	190.5	194	994490
05/09/18	195.1	195.7	189.3	189.5	906810
05/08/18	200	200.4	195	197.1	445670
05/07/18	206	206.4	197.4	199.8	629090
05/04/18	204	208.2	203.8	205.4	156210
05/03/18	207.6	209.8	204	204	793940
05/02/18	209	219	204.6	207.6	545650
04/30/18	214.4	214.8	209	209	693770
04/27/18	214	215	213.2	214	507160
04/26/18	214.2	218	214	214	355940
04/25/18	215	219.4	213	216	365280
04/24/18	224.8	224.8	215	220	540020
04/23/18	224	225	221	222	257940
04/20/18	226	226	224	225	322630
04/19/18	223	225	221	222.4	827350
04/18/18	224	226.6	224	225	510870
04/17/18	226.8	226.8	223	224	316160
04/16/18	225	226.6	224.6	225	226320
04/13/18	224	228.4	224	224.4	358690
04/12/18	226	226	224.2	224.8	589920
04/11/18	231.2	231.6	222.4	226.6	498460
04/10/18	229.8	232	229.6	231	317880
04/06/18	230	232.6	229	229.8	382630
04/05/18	230	234.2	229	232.6	705070
04/04/18	229.2	232	228	229.6	1185550
04/03/18	235	235	228	229.2	1316560
04/02/18	240	240	232.4	236	236840
03/28/18	243.8	244	240	240	428370
03/27/18	242	243.6	241.4	242	349970
03/26/18	242	244.8	240	244.6	197050
03/23/18	246	250	243	244.6	248160
03/22/18	245	248.6	245	248	356310
03/21/18	251.6	251.6	246.2	248	216670
03/20/18	253.8	253.8	243	251.6	330300
03/19/18	246	254	243	254	433040
03/16/18	250.6	251	241	251	1039530
03/15/18	248.8	248.8	242.6	244	722590
03/14/18	251.8	251.8	243.4	244	1057240
03/13/18	253.8	253.8	248.6	250	539180
03/12/18	251	253	246	252	562110
03/09/18	245.4	251	245.4	250	462470
03/08/18	249.6	250	244.6	250	474320
03/07/18	242.6	250	242.6	250	586530
03/06/18	244.2	244.8	242.6	242.6	450980
03/05/18	248	248	244	245.4	334760
03/02/18	245.2	248.8	245	247.2	278270
03/01/18	245	246	244.2	245.2	345770
02/28/18	247	247.4	244.2	246.2	689540
02/27/18	248	254.8	248	250	298280
02/26/18	247	249	246.6	248	318790
02/23/18	250.6	254	247	247.4	482420
02/22/18	250	258	250	255	341750
02/21/18	249.8	257	249.2	257	674260
02/20/18	255	255	247	254	273420
02/19/18	258	258	246	255	331900
02/15/18	249	258	245.2	258	307740
02/14/18	249	249.2	244	247.2	152190
02/13/18	250	251.4	247	249	971440
02/12/18	244.8	248.8	243.6	248.8	265030
02/09/18	242.6	248.6	242.2	245	357400
02/08/18	242	246.2	242	244	497340
02/07/18	247	248.8	242	246	303970
02/06/18	230	238	225	238	769130
02/05/18	242	242	235	238	703910
02/02/18	245.2	245.2	242.4	243.4	1108330
02/01/18	250	250	244.4	245.2	260180
01/31/18	247	250	244	246	807430
01/30/18	252	252.4	246.8	246.8	728810
01/29/18	251.6	254	250.8	252	518070
01/26/18	251.6	251.8	250.2	251.6	1146120
01/25/18	252	252	250.8	251.8	731920
01/24/18	252	253	251.2	251.8	553110
01/23/18	251	252	250.8	251.2	911490
01/22/18	250	253.2	250	250.6	459940
01/19/18	251.6	251.6	249.2	250	1165890
01/18/18	252	253.2	250.4	251.6	925280
01/17/18	255	256.2	251	252	1059260
01/16/18	258.8	258.8	254	255	823620
01/15/18	259	259	254	254	183870
01/12/18	255	260	254.4	255.4	3136680
01/11/18	254	255.6	253	254.2	609400
01/10/18	252.8	255.4	252.8	253	584750
01/09/18	251	255	250.8	252.6	732150
01/08/18	248	251	247.4	249	1003270
01/05/18	250	251	246	246	5333040
01/04/18	251.6	254	249.6	249.8	1506510
01/03/18	252	254.8	250.2	253.8	511580
12/29/17	254.4	254.6	251.4	251.4	226510
12/28/17	254	254.6	251.6	252.2	147890
12/27/17	254	254.4	251	254.2	164030
12/22/17	255	255	251.4	252	90700
12/21/17	255	255	250.6	252.4	771110
12/20/17	255.4	255.8	249	251.4	433510
12/19/17	250	255.2	250	254	1206710
12/18/17	250.2	255	245.6	251.8	713310
12/15/17	248	255	248	255	532710
12/14/17	250	253	247.8	251.4	357820
12/13/17	254.4	254.4	251	253	537350
12/12/17	251.4	254.2	251.4	252	488350
12/11/17	250	251	247	250.2	363690
12/08/17	240.2	250	240.2	250	474430
12/07/17	240.8	245.6	236	244	830840
12/06/17	237	243	235	241	1013060
12/05/17	242	246	236.2	237	590410
12/04/17	247	247	240	241	815410
12/01/17	252.8	253	246.6	247	289910
11/29/17	252.4	252.4	247	250	865330
11/28/17	253.8	253.8	249.6	250	562680
11/27/17	254.4	254.4	250.6	251.4	196010
11/24/17	251.2	254.4	250.6	254.4	342120
11/23/17	250	254	249.8	254	177700
11/22/17	247.8	254	247.8	254	260870
11/21/17	253.8	253.8	247.6	247.8	374710
11/20/17	251	254	251	251	153070
11/17/17	250.2	251.8	249	250	375170
11/16/17	248.6	254.8	248.6	250	404980
11/15/17	249.2	255	249.2	250.2	376780
11/14/17	254.4	258.6	248.2	249.2	740100
11/13/17	260	260	251.2	252	267620
11/10/17	260.8	261.8	257	258.8	101660
11/09/17	259.4	263	259	260	206900
11/08/17	253	260	252	259.4	279470
11/07/17	251.8	254.2	250.2	253	95370
11/06/17	250	254.8	250	252	358470
11/03/17	257.6	264	248.8	248.8	328490
11/02/17	246	257.4	244.8	257	281950
10/30/17	252	252.2	246	246	390280
10/27/17	252	253.8	250	252	180560
10/26/17	255.2	255.2	250	255	137060
10/25/17	253.8	255.4	249	255	935890
10/24/17	260.2	261.8	249	249	580630
10/23/17	263	264.8	259	260	207560
10/20/17	265	265	262	263.2	261180
10/19/17	261	266	261	265.2	424920
10/18/17	266.8	266.8	258	261	379280
10/17/17	260	268.2	260	266.8	942690
10/13/17	252	259.8	252	259.8	772290
10/12/17	252	254	251	252	200210
10/11/17	252	255	250.2	250.2	573620
10/10/17	248.2	254.2	248.2	250.2	457140
10/09/17	248.4	248.4	246.6	248.2	366790
10/06/17	250	250	244	248.2	188010
10/05/17	245	250.2	245	249	305520
10/04/17	254.6	254.6	244	244	174980
10/03/17	247.6	254.4	246	252	624870
10/02/17	243.2	247	242.2	246	667750
09/29/17	244	249	243.2	243.2	790060
09/28/17	249.6	250.4	243.2	249	871870
09/27/17	249	252	249	249.6	788940
09/26/17	251	253	247	249	1125670
09/25/17	254.6	256	251	252.4	377960
09/22/17	252.2	254.8	252	254.6	501290
09/21/17	249.4	253.8	249	252	210970
09/20/17	248.8	249.4	248	249.2	774830
09/19/17	244.2	247.8	244.2	247.4	1197890
09/18/17	250	250	244	245	429780
09/15/17	249	249.2	245.2	247.4	1942920
09/14/17	250.8	250.8	247	249	451730
09/13/17	245	253.4	245	249	642930
09/11/17	241.2	246	241.2	243.2	182590
09/08/17	243	247	241.2	243.4	588420
09/07/17	245.4	245.4	241.4	243	734240
09/06/17	244.6	244.6	239.6	241	460900
09/05/17	244.4	244.6	242.6	244.6	1000240
09/04/17	250	250	241.6	244.4	519570
08/31/17	250	252.2	248	250	7855370
08/30/17	253	257	246.8	248.8	1140650
08/29/17	257	258	251.4	252.8	934930
08/25/17	254.2	258	252.2	254	573270
08/24/17	255	256	249.8	254	524770
08/23/17	255	258	254.2	254.2	399250
08/22/17	256	258	254.4	255	791110
08/18/17	259	261.4	256	256	759480
08/17/17	255.2	262	255.2	261	1401900
08/16/17	258	260	255	255	647320
08/15/17	257	261.6	256.4	258	1216600
08/14/17	259.4	263	254	256	659560
08/11/17	250	255	248.6	252	1896340
08/10/17	241.8	245.2	241.6	244	561670
08/09/17	243	247	236.4	241.8	673160
08/08/17	235	244.2	233.8	243	1013920
08/07/17	230	234.8	230	234.6	298430
08/04/17	230	232.8	229	230	322870
08/03/17	230	232.8	227.6	229	314540
08/02/17	230	232	227	229	228040
08/01/17	234	234	228	228.6	537750
07/31/17	234.8	236	232	234	603210
07/28/17	232	238.2	230.6	233.6	675680
07/27/17	228	234.4	228	232	523430
07/26/17	226.4	230	225.8	228	383530
07/25/17	223	227.6	223	226.4	396390
07/24/17	225	226	223	223	162430
07/21/17	219	227.8	217	227.8	268110
07/20/17	222	223.8	220	221.2	615790
07/19/17	224.8	224.8	220	222	408030
07/18/17	221.4	224.6	219.4	224.6	322600
07/17/17	221.2	222.8	221.2	221.4	306290
07/14/17	220.8	221.6	219.6	220	631390
07/13/17	221	221.2	219.2	220.8	1005710
07/12/17	220	220.4	218.2	220.2	969420
07/11/17	221	221	217.8	219.4	546790
07/10/17	220.8	222.8	220.6	221	325310
07/07/17	221	221.4	219.4	220.6	189360
07/06/17	219.4	223	219.4	220.8	399520
07/05/17	217	221	215	219.4	319260
07/04/17	223	223	221	221.2	58710
07/03/17	220	223.8	219.6	221	439940
06/30/17	217	219.8	216	217	761130
06/29/17	220	220	219.2	219.8	553460
06/28/17	222.2	222.2	219	220	332740
06/27/17	222	222.8	220	222.2	186500
06/23/17	221.4	221.4	220	220.2	506750
06/22/17	221	222.4	220.8	221.4	633960
06/21/17	220.6	221	217.8	221	639400
06/20/17	221.6	221.6	218	220.6	693530
06/19/17	222.2	222.2	219.2	221.6	437140
06/16/17	220	222.2	218.6	222.2	4661880
06/15/17	220	221.4	219	220.8	422080
06/14/17	222	222	216.6	220	527890
06/13/17	224.8	224.8	221.4	221.6	1142850
06/09/17	224.8	225	221.6	221.6	533630
06/08/17	222	225	221	221.8	689830
06/07/17	224.2	225	221	222.8	276510
06/06/17	226	228	223.8	224.2	265510
06/05/17	225	225.6	223.2	225	427780
06/02/17	222	225	221.4	224.2	1279860
06/01/17	217.6	222	215.2	221	973660
05/31/17	216	218	216	217.8	2471210
05/30/17	218.8	218.8	215.2	215.6	484360
05/29/17	216	219.8	216	216.8	489810
05/26/17	217	219	215.2	217.6	421510
05/25/17	215.6	218	215.2	216.4	448990
05/24/17	215.4	217.6	215	216.4	217370
05/23/17	216.8	217.8	215.6	217	635030
05/22/17	216	218	215	216	388870
05/19/17	215.8	216	215.2	215.6	614280
05/18/17	216	216.6	214	216.4	577300
05/17/17	217.4	217.4	214	216.2	1309510
05/16/17	217	217	214.4	216	287600
05/15/17	216.8	217.4	213	215	792710
05/12/17	217.8	219.4	216	217.4	272160
05/11/17	216.4	220	216.2	217.8	382580
05/10/17	220	221.4	216.4	216.4	543030
05/09/17	217.6	221.6	216.8	219	1656090
05/08/17	216	219.6	216	217.4	1140880
05/05/17	214.2	218	214.2	215.6	1172030
05/04/17	216.4	216.4	214.4	215	204450
05/03/17	214.6	216.6	214	214.4	376270
05/02/17	216.8	216.8	213.2	214.8	532540
04/27/17	214	214.2	212	213.2	192480
04/26/17	215.4	216.8	213	214	712770
04/25/17	214	216.6	212.2	215.2	698710
04/24/17	215.4	215.4	211	212	1214590
04/21/17	216	216.8	215.4	215.4	955740
04/20/17	215	216.6	215	215.6	1073740
04/19/17	216.2	216.4	215	216	694450
04/18/17	219	219	213.4	216	766170
04/17/17	217	219	214.8	218.4	1125910
04/12/17	213	217	213	217	886610
04/11/17	215	215	213	213	834620
04/10/17	214	215	212	212.8	418760
04/07/17	210.4	214.4	210	213.2	955290
04/06/17	211	212	209	210.4	425290
04/05/17	208	211.8	206.2	211	1791650
04/04/17	203	207.2	202	205.6	786190
04/03/17	202.2	203	201.2	202.8	107290
03/31/17	201.8	202.2	201	202	1080060
03/30/17	202	202.8	201.2	201.8	540480
03/29/17	202	203	201	202	1000820
03/28/17	202	202	200.8	201.2	261320
03/27/17	201	201.2	199	201	851810
03/24/17	201.8	201.8	199.9	201	382270
03/23/17	202	202	199.8	200	486140
03/22/17	201	203	197	203	646800
03/21/17	202.8	203	200.8	201	631730
03/20/17	201	203	200.8	201	614310
03/17/17	204	204	200.6	201	1552430
03/16/17	200	204	200	200	683710
03/15/17	200	201.2	199.7	200	773000
03/14/17	201	202.6	200	200	885130
03/13/17	201	201.6	199.7	201	836790
03/10/17	203	203	200	200	480440
03/09/17	202	204	201	203.2	600500
03/08/17	206	206	202.4	203	1607210
03/07/17	202.2	210	202.2	206.8	2865270
03/06/17	198.2	204.8	198	202	469900
03/03/17	200.2	200.2	197	198	438730
03/02/17	200	201.4	197.1	200.2	839260
03/01/17	199.9	202.8	198.9	200.2	606790
02/28/17	202.8	202.8	199.9	199.9	1049560
02/27/17	201.2	203.2	201.2	203	427330
02/24/17	205	205	200.8	202.6	554280
02/23/17	209	209	202	205	1453260
02/22/17	208.6	211	207.4	207.4	1275390
02/21/17	210.4	210.4	208	208.6	1040150
02/20/17	211.6	211.8	210.4	210.6	256810
02/17/17	210.4	213	210.4	211.2	230460
02/16/17	211.4	212.6	211	211.8	668640
02/15/17	212	212.4	211.4	211.4	474730
02/14/17	212.6	214	212.2	212.2	591610
02/13/17	213	215	212	212.6	939290
02/10/17	213.2	213.8	212.8	213	384550
02/09/17	213.2	215	212.8	213.8	512930
02/08/17	213.4	213.8	212.6	213.2	986670
02/07/17	212.8	216	212.8	213.4	679400
02/06/17	210.4	214	210.4	212.8	236230
02/03/17	211	212	209.8	210.6	281610
02/02/17	208	213	208	210.8	862340
02/01/17	214.4	214.4	208.4	209	695430
01/31/17	213.8	215	212.8	213.2	445770
01/30/17	213.8	215	212	213.8	202320
01/27/17	213.2	214	213	213.6	859500
01/26/17	214	215.8	213.4	214	559530
01/25/17	216.4	217.4	213.4	213.4	398980
01/24/17	214.8	216.6	213.2	213.8	773890
01/23/17	213	214.8	211.8	213.8	845400
01/20/17	213.2	214	211.6	213	456220
01/19/17	215	215	212.6	213	486900
01/18/17	211	214	210	214	246150
01/17/17	211	211.4	210.4	210.6	475850
01/16/17	214.6	214.6	211	211	914020
01/13/17	217	217.4	213.4	214.2	843360
01/12/17	218	219.6	216	217	855070
01/11/17	218	219.4	213.6	217	742180
01/10/17	215.2	218.4	213.6	215	784360
01/09/17	218.4	218.4	214.4	216.2	1355530
01/06/17	220	220.4	215.4	218.4	1953980
01/05/17	200.6	220.2	200.6	220	2992290
01/04/17	192	202	191.9	202	1133200
01/03/17	193	193	188.8	190.7	226260
12/29/16	193	196	190	190	737570
12/28/16	196	198.8	195.3	196	355910
12/27/16	193	196.2	193	194.5	586640
12/23/16	195	200	192	200	667790
12/22/16	196	196	192	195	873710
12/21/16	200	200	194.6	196	469470
12/20/16	195	197.4	191	196.7	571870
12/19/16	199	199.5	193.1	194.5	308090
12/16/16	201	201	198	199	539200
12/15/16	200.8	202	199.2	202	331650
12/14/16	202.4	202.4	199.8	200.8	507970
12/13/16	199.9	204	197.5	204	297350
12/12/16	202	202	198.5	199.5	1013060
12/09/16	192.8	201	191.1	201	735930
12/08/16	188.6	193.7	187	193.6	444810
12/07/16	185.2	188.7	184	188.7	661320
12/06/16	184.1	186	183.2	184.9	1050360
12/05/16	184.1	184.1	183.5	183.7	494530
12/02/16	185.2	186.2	182.7	184.1	996770
12/01/16	181.5	186.3	181.5	185.2	1674260
11/29/16	185	185	180.4	181.5	2668550
11/28/16	189.6	190.2	180.5	180.5	1587030
11/25/16	189.7	192.4	188.1	188.1	870640
11/24/16	190	196	189.1	189.1	1241000
11/23/16	198.5	198.5	188.1	189.5	1092380
11/22/16	203.2	203.2	198	198.4	687900
11/21/16	207	207	203.8	204	337160
11/18/16	206.4	207.2	205.4	207	331730
11/17/16	209	214	205.6	207	1924810
11/16/16	207.2	209	205.2	207.4	694180
11/15/16	203.2	207.2	203.2	207	490110
11/14/16	207	207.2	203	203.6	1123740
11/11/16	210.2	210.2	207	207.4	1227820
11/10/16	215	215	210.8	212	981690
11/09/16	211	214.6	206.8	211.8	1292950
11/08/16	208.2	212.4	204.2	210	609820
11/07/16	208.8	210	205	207.4	1058390
11/04/16	204.4	210	204.4	208.8	671150
11/03/16	205.2	207	202	204.4	1773250
11/02/16	216	217.2	204.6	205.2	1494840
10/28/16	222	222	216	220.4	860840
10/27/16	219	222	214	222	656580
10/26/16	220	221.4	214	214	1429590
10/25/16	226.8	226.8	222.2	222.2	445150
10/24/16	226	227	220	223.4	463730
10/21/16	230	236	226	226	1507510
10/20/16	230.2	235.6	227	231.2	1505770
10/19/16	223.6	233	223.6	232.4	1193840
10/18/16	218.8	224.2	218.8	223.6	1305290
10/17/16	216	220	216	218.8	906950
10/14/16	207	218	207	215.8	1527820
10/13/16	205.2	208.2	205.2	207	2177880
10/12/16	218.6	218.6	202.8	202.8	1944050
10/11/16	219.8	224.8	218.8	218.8	2080930
10/10/16	223	223	219.6	219.6	535680
10/07/16	221.4	223.2	220.2	223	544480
10/06/16	226	226	219.2	223	1536730
10/05/16	232	232.2	225	226	1586090
10/04/16	237	237	230.8	232.2	2193620
10/03/16	241	242.2	237	237.8	744150
09/30/16	244	244	240.6	241.6	829610
09/29/16	245	247	243.2	244	1147320
09/28/16	247	247	243	245	1476710
09/27/16	247	253	242	245.4	1060400
09/26/16	245.2	250	245.2	247	1200510
09/23/16	255	255	250.2	253	1017630
09/22/16	250	257	247	255	1135150
09/21/16	249.8	251.6	244.6	251	467520
09/20/16	249.6	251	244.2	250	1174190
09/19/16	245	249.6	240.2	249.6	895310
09/16/16	248.8	248.8	244	248.6	1855040
09/15/16	244	248.4	240	248.4	2264730
09/14/16	236	246	236	246	2223420
09/13/16	239	247	235	246.8	3406390
09/09/16	230.4	248	225.2	248	8850030
09/08/16	222.2	231	222.2	230.4	2610270
09/07/16	225.8	226	222	225.2	1471530
09/06/16	218	227	218	226	1964150
09/05/16	215	222.2	214	219.4	1426390
09/02/16	218.2	220	217.6	217.6	1756680
09/01/16	214	219.6	212.4	218	2476780
08/31/16	215.6	217	210.2	213.4	12727870
08/30/16	218.4	219.8	212.2	214.6	1676030
08/26/16	219.6	220.8	218.4	218.4	812380
08/25/16	219	220.2	214.6	219.6	2296000
08/24/16	213	222.4	213	218.4	2814710
08/23/16	213.6	215.8	212	213.2	853460
08/22/16	215.6	215.8	213.6	213.6	681620
08/19/16	211.2	215.8	211	215.6	1117780
08/18/16	217	217.2	210.8	215.8	1080720
08/17/16	219	222.6	217	217	913410
08/16/16	211	223	211	223	1100650
08/15/16	208.8	215	202	214.4	1743890
08/12/16	215.2	215.2	205	208	1886960
08/11/16	220	220	218.4	220	480170
08/10/16	222	224.6	221.4	222	1243360
08/09/16	220	224.6	218.8	222.8	731220
08/08/16	224	224.8	215.8	220	1080630
08/05/16	225.6	227	220.4	224	663770
08/04/16	224.4	226.2	224.4	225.6	659410
08/03/16	225	225	222.4	224.4	932680
08/02/16	222	224.4	222	224	710650
08/01/16	219.2	223	219.2	222	1903490
07/29/16	214.8	219.4	213.4	219	1577140
07/28/16	214	215	212.8	214.6	858910
07/27/16	210.6	213.8	210	213.8	853430
07/26/16	211.4	211.4	207.4	210.2	686290
07/25/16	211.2	213.4	210.8	211.4	4295090
07/22/16	210.2	211.8	210.2	211	737740
07/21/16	208.6	212	207.6	210.2	628610
07/20/16	202.4	212	202.4	208.4	850210
07/19/16	199	204.2	199	202.2	1380780
07/18/16	199	199.2	198	198.7	624300
07/15/16	199.6	200	199	199.5	466510
07/14/16	197.4	201	195.1	199.1	752330
07/13/16	195.4	199.7	194.4	197.4	645890
07/12/16	196.5	197.7	196.4	197.3	671740
07/11/16	191.5	196.6	191.4	196.4	649410
07/08/16	190	191.2	190	191	1288080
07/07/16	190.8	191	188.1	190	1648370
07/05/16	192	192.5	191.5	191.8	1286380
07/04/16	191.5	192.5	191	191.8	1967250
07/01/16	192.2	195.8	190	191	691920
06/30/16	190.5	191.9	187.1	191.9	13491450
06/29/16	198	198	182.9	190	4856430
06/28/16	200.2	200.2	198.9	198.9	294240
06/27/16	198	200.4	196.5	198.9	581440
06/24/16	202	203.2	198	198.8	477420
06/23/16	202.8	202.8	200.2	201	549780
06/22/16	203.2	204	201.8	202.8	406090
06/21/16	202	203	201.6	203	469730
06/20/16	201	201	198	199.8	228680
06/17/16	203	203	199.9	201	749760
06/16/16	199.9	203	196	202	647070
06/15/16	198	199	197.6	199	243480
06/14/16	196.4	198	196	198	616600
06/13/16	198.5	200	196.1	196.4	489470
06/10/16	198.4	200.2	198.4	198.5	614690
06/09/16	202	202	197	198.4	269710
06/08/16	198.2	203	198.2	203	1117170
06/07/16	198.8	200.4	197.7	198.2	828840
06/06/16	200	201.8	196.8	199	762280
06/03/16	203	203	201.8	202.6	350210
06/02/16	200.2	202.4	199	202.4	1529560
06/01/16	200	202.8	198.5	200.2	2806630
05/31/16	196	203	193.5	203	37362930
05/30/16	198.9	200	194.7	196	3602640
05/27/16	198	198.4	195.2	196.6	3698170
05/26/16	197	197.3	194.8	194.8	1499630
05/25/16	198	199.4	192	196.3	1580290
05/24/16	198.9	199.9	197	197	2216550
05/23/16	194	200	194	198	2520900
05/20/16	190	193.2	189.3	192.6	1852080
05/19/16	193	193.5	190.4	191.6	1889330
05/18/16	190.8	195	186	193	3194920
05/17/16	194	194	190.4	190.9	1782080
05/16/16	190	195	189.9	194	2361520
05/13/16	190	195	189.9	190.5	4340120
05/12/16	186.9	186.9	179.4	180	1211960
05/11/16	179.3	187	179	187	2345230
05/10/16	171	178.1	170.6	178.1	1700980
05/06/16	167	171.6	167	171.5	996120
05/05/16	173	173.2	168.5	168.5	1416060
05/04/16	175.9	176.5	171.6	173	1334050
05/03/16	168.4	179	168.4	176	760090
05/02/16	168	173	166.9	167.9	385880
04/29/16	168.3	170.3	168	170	969280
04/28/16	166.5	170	166.5	168.3	1386090
04/27/16	168.6	169.6	166	166.5	528490
04/26/16	170.2	171	168	168.7	650140
04/25/16	169	174	168	170	1133030
04/22/16	171	172.4	169	169	1327060
04/21/16	174	177	171.4	171.5	1197890
04/20/16	174	180	173	174	1619670
04/19/16	174	176.6	171.8	173	1870300
04/18/16	183.5	183.5	172	174	2283860
04/15/16	188.9	188.9	183.1	183.5	2344470
04/14/16	191.4	192	189.2	189.3	2975330
04/13/16	193.1	201	188	191.4	1143950
04/12/16	187	193	187	193	3588020
04/11/16	179.3	186.5	178.9	186.4	1355830
04/08/16	175.8	179.4	175.8	179.3	1700840
04/07/16	177	177	175.8	175.8	960860
04/06/16	176.9	177.1	174.8	175.6	1004790
04/05/16	177	178	175	176.9	1131790
04/04/16	172.2	178.6	172	177.3	1688040
04/01/16	175.2	178	171	172	1355650
03/31/16	169.7	177.7	169.7	175	3093380
03/30/16	162.3	169.6	162.3	169.6	1599840
03/29/16	160.5	162.3	160.1	161.4	1040630
03/28/16	163.6	163.6	159.5	160.5	490380
03/23/16	162.1	163.6	160	163.6	735210
03/22/16	163	163.4	157	162	976450
03/21/16	161	163.4	160.8	162.3	975060
03/18/16	159.9	161.3	159.9	161	663880
03/17/16	157	160.7	157	159.9	1651680
03/16/16	155	158	153.5	155.8	1647770
03/15/16	155.1	155.5	154.7	154.9	1021680
03/14/16	155.4	155.7	154.9	155	1357050
03/11/16	151	155	150.9	154.5	1672340
03/10/16	146.8	151	146.8	150.1	1444440
03/09/16	143.3	147.6	143.2	146.8	1152290
03/08/16	143.4	143.4	142.3	142.8	191230
03/07/16	143.5	144	143.1	143.3	685690
03/04/16	142.8	143.8	142.2	143.2	458940
03/03/16	142.9	142.9	141.7	142.3	1059370
03/02/16	143.8	143.8	141	141.5	876510
03/01/16	142.4	143.1	141	141.8	632900
02/29/16	144.9	144.9	142	142.4	276360
02/26/16	140.9	141.1	140.4	140.7	580320
02/24/16	142.4	144	140.7	141.3	259620
02/23/16	141.8	144	141.2	142.5	387180
02/22/16	143	143	141.1	141.5	289280
02/19/16	144	144	141	141.7	128750
02/18/16	143.5	143.5	142	142.8	317180
02/17/16	142.1	142.2	141	141	1446820
02/16/16	143.2	143.2	141.8	141.9	286510
02/15/16	143.5	143.6	140.8	140.8	830150
02/12/16	145	145	142.7	143.8	544240
02/11/16	144.2	145.5	144.2	145.3	604470
02/10/16	142	144	140	143.8	789410
02/09/16	144.5	144.5	142.7	143.6	157150
02/05/16	143.4	145.3	142.5	144.1	1008190
02/04/16	144	144	141.5	142.4	1089680
02/03/16	144	144.1	140.5	144	225690
02/02/16	145	145.5	144.8	144.9	186100
02/01/16	141.9	145.2	141.9	144.8	1587990
01/29/16	142	142.8	141.7	141.8	779720
01/28/16	139.1	143	139	141.6	815140
01/27/16	138.9	140.1	138.8	139.1	1628870
01/26/16	139.2	141	138	138.6	762870
01/25/16	140	143	139.7	140.5	655140
01/22/16	143.5	145	140	140	1344130
01/21/16	146.2	146.2	141.9	141.9	781730
01/20/16	147.4	149.8	145.7	146.3	666240
01/19/16	146.6	147.4	145.2	147	1466850
01/18/16	138	147.2	136.8	143.5	3048730
01/15/16	145	147.6	139.5	139.5	2661220
01/14/16	150	156	143	144	1449560
01/13/16	134.1	135.4	134.1	135	1674380
01/12/16	138	138	133.8	134	690440
01/11/16	136	136.1	133	133	631630
01/08/16	137.1	137.2	136	136	335560
01/07/16	142.1	142.1	137.1	137.1	540090
01/06/16	143.3	143.4	142	142	532630
01/05/16	142	143.2	138	143.2	352490
01/04/16	142	143.7	142	143	573640
12/29/15	140	142	140	142	821330
12/28/15	138.1	139	137.8	139	296770
12/23/15	140	140	138	138	60440
12/22/15	137.5	138.5	137.5	138	294870
12/21/15	137	138.6	137	137.5	443630
12/18/15	137.5	140.9	136	137	204010
12/17/15	136.4	139.6	136.4	138.3	308190
12/16/15	136	137	135.6	136	597790
12/15/15	137.1	137.2	136.9	137	370720
12/14/15	135	138	134.8	138	71550
12/11/15	138.5	140	136	136.2	390630
12/10/15	137	137.8	135	137.2	117560
12/09/15	138.5	138.5	136.8	138	410540
12/08/15	137.7	140	137.7	138.5	100560
12/07/15	138.7	139.1	138	138.1	447180
12/04/15	136	138.7	135.5	138.7	504990
12/03/15	139.8	139.8	136	137	601110
12/02/15	139.4	141	138.8	140	666820
12/01/15	138	139	138	139	643180
11/27/15	138.2	139.5	136.2	137.6	442200
11/26/15	132.8	137	132.8	135	662640
11/25/15	132	134.9	131.9	132.6	951390
11/24/15	135.5	135.5	131.4	131.4	700760
11/23/15	136	137	135.6	135.6	535610
11/20/15	133.7	136.5	133	136	310580
11/17/15	132.9	134.7	132.6	133	240170
11/16/15	134.1	135	130.4	132.6	285660
11/13/15	137	137.1	136	137	123350
11/12/15	137	138.9	137	138	167480
11/11/15	136	139	135	136.1	241720
11/10/15	141	141	135	135.4	231380
11/09/15	141.9	142.3	141.6	142.1	256470
11/06/15	142.9	142.9	141.9	141.9	377790
11/05/15	143	143	141.8	141.9	69830
11/04/15	142.5	143	141.8	141.9	22030
11/03/15	143.8	143.8	141.7	142	340670
11/02/15	144	144	142	142	336510
10/30/15	142.7	142.7	141.9	142.1	581700
10/29/15	144	144	142	142.7	229100
10/28/15	142	143.2	142	142.2	278720
10/27/15	143	143	141.6	141.6	600620
10/26/15	145.7	146.2	142.4	143	526840
10/23/15	142.4	146	142	142.9	491670
10/22/15	143.5	143.5	142.3	142.8	853940
10/21/15	143.5	145.7	143.4	143.9	231380
10/20/15	145	145	143.2	143.4	135640
10/19/15	147	147	142.9	143	354420
10/16/15	148	148	140.2	145.6	779840
10/15/15	143.9	146	143.9	146	245990
10/14/15	143.3	144.8	142	142	341640
10/13/15	146.8	146.8	143.1	143.3	508760
10/12/15	144.5	148	144.5	146.8	483340
10/09/15	143.5	145	143	144.2	510550
10/08/15	142	143	141.1	142.2	941980
10/07/15	143.1	143.1	140.2	141	590220
10/06/15	140	143	140	140.3	982450
10/05/15	140.3	140.4	138.8	139	342700
10/02/15	140.2	141.3	137.4	140.3	571250
10/01/15	138	138.5	135.2	138	592180
09/30/15	139.9	140	135.2	137.2	605780
09/29/15	140.9	140.9	136	137.1	286120
09/28/15	139	140.2	138	139	183800
09/24/15	139	139	135	137.6	157910
09/23/15	138	143	138	139	60320
09/22/15	139	141.4	138	141	451050
09/21/15	141	141.4	139.5	141	349640
09/18/15	144.5	146	141	141	796980
09/17/15	142	145	142	144.7	48290
09/16/15	142.6	144.5	142.2	142.6	652330
09/15/15	138	145	137.9	142.3	992540
09/14/15	136	139	136	138	228500
09/11/15	134	138	134	136.2	268590
09/10/15	135	135.1	134.5	135	901550
09/09/15	134	136	134	135	1515460
09/08/15	134.5	134.5	133	133	1139510
09/07/15	132	136	132	134.7	403700
09/04/15	138.4	138.8	137.5	137.5	825830
09/03/15	138.3	140.5	136	139	757520
09/02/15	132	139.8	130.1	138	1074130
09/01/15	132	138.8	129.5	136.2	1004460
08/28/15	128	134	128	131.9	943520
08/27/15	128	130.8	125.8	127.1	564740
08/26/15	124	134.8	124	127	1634980
08/25/15	120	126	119.5	124.8	660440
08/24/15	130	132	120	120	1701690
08/20/15	135	137	132.7	137	592430
08/19/15	132	133.6	130.5	133.1	695500
08/18/15	133	133	130	132	553960
08/17/15	137.7	137.7	133	133	856640
08/14/15	138.4	139	137.1	137.7	157460
08/13/15	140.5	140.5	138	138.4	390080
08/12/15	141.2	143	138.2	140.1	418290
08/11/15	142.5	142.6	141.2	141.6	88340
08/10/15	142.6	143.1	142.5	142.8	640090
08/07/15	147.1	147.1	141.4	142.6	791840
08/06/15	148.1	148.1	147	147.3	496310
08/05/15	148.1	148.8	148	148.3	536770
08/04/15	148.5	148.5	148	148.3	1233150
08/03/15	150	150	147.6	148.5	140520
07/31/15	147.2	149.6	147.1	148.9	85910
07/30/15	147.7	150	147	147.1	462820
07/29/15	147.5	150.6	146.7	147.4	2481650
07/28/15	147.5	148.5	146	147.5	543140
07/27/15	149.9	150.4	147.3	147.5	1074460
07/24/15	148.6	151.4	148.5	149.7	892750
07/23/15	151	151.2	148.5	148.6	1422230
07/22/15	152.7	152.7	151	151.1	179900
07/21/15	153.6	153.6	152	152.4	320240
07/20/15	152.5	153	151.2	152.7	455570
07/16/15	152.7	154.4	152.7	152.7	1938220
07/15/15	152.2	153.7	152.2	152.4	2819250
07/14/15	151.3	152.9	151.3	152.1	841140
07/13/15	150.5	151.5	150.5	151.2	548130
07/10/15	151.3	151.4	150.4	150.8	942970
07/09/15	150.8	152.2	150	151.3	861430
07/08/15	154.1	154.7	151	151	1752710
07/07/15	153	156.9	151	151.8	990640
07/06/15	160	161	153	153	1486040
07/03/15	163	164.9	160.1	160.1	983570
07/02/15	165	166	162.5	163	264870
07/01/15	160	165	159	165	426730
06/30/15	160.5	166	160.5	161.5	1201570
06/29/15	163	166	162	163	299310
06/26/15	161.5	165	161.5	164.2	131710
06/25/15	166.4	166.4	161.5	161.5	484940
06/24/15	166.2	166.2	164.4	164.5	720630
06/23/15	166	167	164.3	164.6	521630
06/22/15	165	166	160	164.1	472870
06/19/15	161.2	167.5	161.2	165	1050810
06/18/15	162	170	160.6	161	524250
06/17/15	160	161.1	160	160.7	679560
06/16/15	158	160	157.6	160	420140
06/15/15	157.9	158	156	157.4	489230
06/11/15	154.5	156.9	153	153	541370
06/10/15	152.5	154.1	152.5	153.9	1047650
06/09/15	154.9	156	152.6	153.7	1075240
06/08/15	156	159.1	155.1	158	161810
06/05/15	158.8	159.9	154.2	159.1	907510
06/04/15	159.8	160	158.6	158.8	534780
06/03/15	155	158.6	154	155	678700
06/02/15	155	157.9	154.2	155	435310
06/01/15	155.5	157.1	154	155	808760
05/29/15	153.5	157.7	151.6	156	2185830
05/28/15	160	160	152.8	153.5	1480360
05/27/15	163	163	154.9	157	823540
05/26/15	167	167.1	162	163.3	578990
05/25/15	170	170	167.8	168	242910
05/22/15	168.5	169.5	168	168	475920
05/21/15	170	170	168	168.5	481060
05/20/15	168	170.1	168	168.5	1231290
05/19/15	169.8	170	167.1	168	93620
05/18/15	166	170	166	169.8	273370
05/15/15	165.5	168.4	165.5	167	639430
05/14/15	168.9	169.8	165.3	165.3	481420
05/13/15	168	169.1	168	168.9	127240
05/12/15	169.2	169.2	167.2	168.4	456220
05/11/15	170	171	169.4	171	23240
05/08/15	168.2	171.5	168.2	169.4	710700
05/07/15	169.6	169.6	166	167.4	553520
05/06/15	167.1	167.1	166.1	167	282970
05/05/15	166.1	169.5	166.1	167.1	127220
05/04/15	169.9	169.9	166.7	167	156180
04/30/15	165	168	162.1	168	609310
04/29/15	166.3	166.3	163	166.1	701730
04/28/15	166.4	167.4	165.7	166.2	573080
04/27/15	164.4	166.4	164	166.4	313090
04/24/15	165	166	163.5	164.5	534140
04/23/15	160.5	165.4	160.5	165	1184380
04/22/15	159.2	162.5	159.2	160	772160
04/21/15	160.5	164	159	159.2	576460
04/20/15	166	166	160	160.1	1086580
04/17/15	166.5	169	164.3	166.4	669700
04/16/15	169	172.3	165	166.4	710250
04/15/15	176.5	176.5	168.5	168.5	862030
04/14/15	174.5	179	174.5	177	256370
04/13/15	175.5	178	174	174	1330070
04/10/15	177	180	173.6	176.9	1596660
04/08/15	176.8	177	172.5	177	634080
04/07/15	176.9	179.1	175.2	176	315080
04/06/15	169.2	178	169.2	177	1627960
04/01/15	170.4	173.1	169	173	354270
03/31/15	171.1	172	169.1	172	2113850
03/30/15	170	172.9	170	171.1	291970
03/27/15	172.9	173	169.9	170	528070
03/26/15	174	174	170	171.7	357860
03/25/15	168	174.5	167.2	172.4	637080
03/24/15	172.5	172.6	166.1	168.3	1043470
03/23/15	173.1	173.1	171.2	171.8	108380
03/20/15	169.6	174.8	169.6	173	2119180
03/19/15	165.9	171	165.9	169	1027700
03/18/15	164.5	166	163.5	165	539910
03/17/15	162.4	165	162.4	164.9	598410
03/16/15	163	165	161.2	162.8	263920
03/13/15	166	168.3	163	163	1364140
03/12/15	165.9	167	164	166	739020
03/11/15	170.8	170.8	165.8	165.8	277490
03/10/15	169.1	172	169.1	170.8	790370
03/09/15	167	172	166	169.4	2217110
03/06/15	168	169	166.9	167.5	923190
03/05/15	168.8	168.8	166.2	168	655710
03/04/15	163.3	169.7	163	169	1948610
03/03/15	161.3	163.8	161.3	163	1032220
03/02/15	160	162	159.9	162	804830
02/27/15	159.1	161.1	157	160	1890710
02/26/15	160.5	160.5	159.5	160	500690
02/25/15	161	161.8	159.5	160.4	2160260
02/24/15	153	160.3	153	159	3138030
02/23/15	154.5	154.9	152	153	445900
02/20/15	155.1	155.1	154	154.2	595680
02/18/15	153.7	155	153.7	154.2	235050
02/17/15	153.6	154	152	153.7	388560
02/16/15	152.9	153	151.8	152.1	411860
02/13/15	152.1	155	152.1	152.9	690850
02/12/15	152.5	153	152	152	1789680
02/11/15	155	155.7	152	152.5	714520
02/10/15	158.5	158.5	155	155	402610
02/09/15	155	160.5	154.6	159.3	1082150
02/06/15	154	155.1	153.7	154.5	924620
02/05/15	152.8	156	152.7	154	1645580
02/04/15	152.7	153.6	151	152.8	4662300
02/03/15	151.5	152.9	151.1	152.7	5941380
02/02/15	151.9	152	150	150	1434590
01/30/15	153	153	151.5	152	1700960
01/29/15	149.5	154.2	149.3	153	2537900
01/28/15	149	150	149	149.4	3154810
01/27/15	147.5	150.4	147.4	149	4350810
01/26/15	145	148.5	144.6	147.4	1548290
01/23/15	144.5	145.8	144.3	145	1374430
01/22/15	145	145	143	144.3	1736200
01/21/15	148	149	141	144.3	930280
01/20/15	148	148	147	148	510560
01/19/15	148.5	149.8	148	148	897610
01/14/15	148	149.9	147	148.5	878930
01/13/15	148	149	145.7	148	931550
01/12/15	149.5	149.5	148	148.8	99650
01/09/15	148.9	150	147.5	149.6	428970
01/08/15	149	149	148	149	449480
01/07/15	149.5	149.8	148.5	149	641620
01/06/15	151.5	151.9	148	150	924870
01/05/15	148	152	148	152	290470