SMC 1215

12/27/19	161	165	157.5	164	101610
12/26/19	160	166	155	165.5	63910
12/23/19	157	160	155	160	191100
12/20/19	153	158	150	158	138260
12/19/19	159	159	152	152	131150
12/18/19	155	160	151.8	160	186840
12/17/19	155	155	152.3	155	213700
12/16/19	153	155	151.8	155	191230
12/13/19	152	153.8	151.8	153	262860
12/12/19	156	158	152	152	165960
12/11/19	157.7	157.7	155	155.1	165620
12/10/19	159.9	159.9	157.5	158.1	166500
12/09/19	160	160	159	160	19520
12/06/19	160	160	158.6	159	284020
12/05/19	162	162	158.5	160	165040
12/04/19	161	161	158	160	164990
12/03/19	158	162.5	158	161.1	228370
12/02/19	159.2	159.2	158	159.2	34200
11/29/19	160	161	157	159.2	28200
11/28/19	160	160	158	160	37840
11/27/19	160	160	156	160	48490
11/26/19	156.9	159	155.1	159	88420
11/25/19	158	158.9	155.9	156.9	48340
11/22/19	157	157	156	156.9	150940
11/21/19	160	160	157.6	160	96340
11/20/19	157.7	160	156.7	160	59190
11/19/19	158	159.9	157	159.9	64990
11/18/19	162.5	162.5	158	158	131100
11/15/19	163.4	163.4	162.1	162.5	80310
11/14/19	164	164.3	162	163.4	85050
11/13/19	163.8	165.2	163.4	164	40860
11/12/19	165.5	165.5	163	163.8	114330
11/11/19	170	170	165.2	165.2	57490
11/08/19	170	170	165.3	170	171480
11/07/19	170.5	170.5	167.8	169.9	42830
11/06/19	171.3	171.3	167.8	168.5	169490
11/05/19	168.2	172	168.2	170.6	129270
11/04/19	167.7	169.7	167	168.2	246450
10/31/19	174	174	167	167	169650
10/30/19	172.7	174	170	173	132990
10/29/19	168.6	174	167	172.6	256250
10/28/19	166.7	169.1	165.7	168.6	86100
10/25/19	165.8	168.5	164.4	166	505680
10/24/19	165	166.1	165	165.7	69520
10/23/19	166	166.1	164.4	164.4	88720
10/22/19	167.9	168	166.1	166.1	67560
10/21/19	168.3	168.3	166	167	203510
10/18/19	167.7	168.1	167.6	167.6	195430
10/17/19	166	168	166	167.7	72100
10/16/19	166	166.5	165.7	166	192460
10/15/19	167	167	165.1	165.9	99900
10/14/19	165	166	164.1	166	85360
10/11/19	161.9	164	161.8	164	138120
10/10/19	161.8	165	161.1	163	78070
10/09/19	165	165	160.7	161.1	222500
10/08/19	164	167	164	165	150710
10/07/19	165.5	166.8	164	164	123410
10/04/19	163	167	163	164	382480
10/03/19	167	168	163	163	220370
10/02/19	170.4	170.6	167	168	247800
10/01/19	171.5	171.9	170.4	170.6	325330
09/30/19	175	175	171.5	171.5	283000
09/27/19	177	177.1	173.4	175	110760
09/26/19	179.9	179.9	176	177	392070
09/25/19	177	180	175.8	180	539280
09/24/19	177.9	178	175.2	177	63330
09/23/19	179	179	176	177.9	77610
09/20/19	179	179.1	175.6	179.1	375150
09/19/19	174.5	179	174.5	178.8	466950
09/18/19	172.6	175	172.6	174	182500
09/17/19	171.1	174.7	171.1	172.6	78060
09/16/19	174.8	174.8	170.9	170.9	129860
09/13/19	174.1	175	173	174.8	61390
09/12/19	175	175	172.5	175	21650
09/11/19	174.4	174.9	172.4	172.4	352970
09/10/19	175.2	176	174.4	174.4	127620
09/09/19	175	177	175	176	53750
09/06/19	177.8	179	175	175	106330
09/05/19	178	178	175.1	177.8	114110
09/04/19	177.8	178	175	178	184560
09/03/19	178	178	176	177.9	17910
09/02/19	180	180	176.7	178	87530
08/30/19	175	180	172.5	180	685790
08/29/19	175	175.5	172.1	175.5	56700
08/28/19	172.2	175.7	172.2	175.3	226660
08/27/19	175	175	172	172.1	221590
08/23/19	175	176	173.1	175	171660
08/22/19	177.3	177.3	174.4	175.3	82800
08/20/19	177.2	178	175.5	175.9	168380
08/19/19	179.9	179.9	176	177.1	208780
08/16/19	176	183.7	172.8	183.7	637630
08/15/19	174.3	176	170.9	176	163580
08/14/19	175	175.1	174	174.3	485690
08/13/19	177	177	174	177	127500
08/09/19	176	178.2	173.9	177.1	194010
08/08/19	177	177	174	175	104570
08/07/19	175	178	175	178	277820
08/06/19	175	175.1	172	175	68250
08/05/19	178.5	178.5	175.5	176.5	92360
08/02/19	176.5	178.5	175.9	178.5	82980
08/01/19	178.2	179	175.4	175.6	159710
07/31/19	175.5	178	171	178	172140
07/30/19	176	176.5	175.1	175.9	350270
07/29/19	174.8	176.5	174	175.9	366060
07/26/19	172.5	174.8	172.5	174.8	87610
07/25/19	170.4	172.9	170.1	172.9	350090
07/24/19	173.7	174	170.4	170.4	129390
07/23/19	175	175	172	172.5	155800
07/22/19	175	175.9	173.5	174.5	49430
07/19/19	175.8	176.9	175	175	518960
07/18/19	175.6	176.9	175.1	175.1	539920
07/17/19	175.1	177	175	175.6	87680
07/16/19	174	176	174	175	355390
07/15/19	176	177	172.8	174	371270
07/12/19	177	177.5	175.5	176	350090
07/11/19	175	177.5	174.9	177	132200
07/10/19	174.6	175.3	174.6	174.9	392170
07/09/19	175	175.5	174.6	174.6	146990
07/08/19	175	175.5	174.8	175	82140
07/05/19	176	177	174.8	174.9	350090
07/04/19	176	177.5	175.1	176	363180
07/03/19	178.9	178.9	175.6	175.6	382370
07/02/19	175	177.5	174.9	175.9	112860
07/01/19	175.2	176.2	174.9	175	350020
06/28/19	178	180	175.2	175.2	124230
06/27/19	175.9	178	175.9	178	66330
06/26/19	175.5	176.5	175.4	175.9	132810
06/25/19	178.7	179	175	175.1	240030
06/24/19	177	179	177	178	46180
06/21/19	176	177	175.2	176	423630
06/20/19	175.5	177.5	175.1	176	255110
06/19/19	178.8	178.8	173.9	175.5	726590
06/18/19	179.8	179.8	178.4	178.8	403730
06/17/19	181	182.5	179.8	179.8	409310
06/14/19	184.5	184.5	180.5	181	611580
06/13/19	182.2	186	181	186	329730
06/11/19	182	183	181	182.2	601310
06/10/19	183.1	184	181.3	182	351120
06/07/19	185.4	186.9	181	183	402040
06/06/19	185.5	187	183.1	185	546930
06/04/19	186.5	186.8	183	185	383140
06/03/19	185	187.5	185	185	234160
05/31/19	183.2	187.5	182.1	187.5	277240
05/30/19	181.7	183.2	179.2	182	182760
05/29/19	178.4	183	178.4	182	186040
05/28/19	182	182	178.2	178.2	370170
05/27/19	179	182.9	179	181.1	56390
05/24/19	179.6	182.9	178.8	179	219020
05/23/19	181.8	181.8	179.3	179.8	329950
05/22/19	185	186	181.8	181.8	251780
05/21/19	186.7	186.7	180.7	186	90620
05/20/19	180	186.7	178.6	186.7	224950
05/17/19	180.3	183.7	177.5	179.8	366070
05/16/19	187.7	187.7	180.5	180.5	231160
05/15/19	185	188.4	182.5	187.7	919750
05/14/19	189.5	189.5	180	184.1	308980
05/10/19	192.5	192.5	186.8	190	294730
05/09/19	188	195.9	183	195.5	3393670
05/08/19	185	188	182	188	343440
05/07/19	179	185.2	178	185.2	752070
05/06/19	178.3	181	178.3	180	378620
05/03/19	177.5	182.5	177.5	178.3	262270
05/02/19	177	180	177	177.5	165330
04/30/19	173	180.5	173	180.5	394770
04/29/19	174.2	174.2	171.9	173	435070
04/26/19	175	177.7	172.9	174	235170
04/25/19	177.2	178	173.8	175	256830
04/24/19	177.8	179.1	177.3	177.3	270550
04/23/19	176.9	177.8	175.1	177.8	330320
04/22/19	175.9	176.9	175.3	176.9	191240
04/17/19	174.9	175.9	173.9	175.9	180320
04/16/19	174.2	177.4	173.4	174.9	275730
04/15/19	181.4	184	173.7	173.7	624860
04/12/19	178.9	182	178.5	181.4	1226320
04/11/19	179	179.4	177	178.9	1019290
04/10/19	175.5	179.8	175.4	179.6	599850
04/08/19	176	177.1	174.9	175.5	275290
04/05/19	173.9	176	173	176	214020
04/04/19	173.5	174	172.6	173.8	197890
04/03/19	174.2	174.2	173.5	173.8	198690
04/02/19	173.5	175	173	175	195430
04/01/19	174	174	172.3	173.5	287270
03/29/19	173.7	175	172.1	174	325140
03/28/19	175	175.4	172.7	175	184330
03/27/19	176	176	175	175.4	470630
03/26/19	171.2	175.5	170.2	175.5	417900
03/25/19	173.9	173.9	169.5	170	271180
03/22/19	175.3	176.4	173.9	173.9	292730
03/21/19	175.5	178.5	174	175.2	725890
03/20/19	176	176	172	175	361970
03/19/19	175	176.8	174	176	840980
03/18/19	174.8	174.8	174	174.3	300190
03/15/19	173	174.2	167.5	174.2	13313500
03/14/19	172.4	173	170.4	172	782770
03/13/19	171.2	175.9	171.2	172.4	1167710
03/12/19	174.1	176.9	171.4	174	1542220
03/11/19	172	177.8	172	174.1	1294480
03/08/19	176.7	178.5	173.4	174.1	640090
03/07/19	170	178.4	169.1	176.8	1264570
03/06/19	169.4	172	168.8	169.1	662930
03/05/19	169	170.3	168.9	169.4	873930
03/04/19	170	172.9	168.6	169.5	642170
03/01/19	170.7	173.4	169.5	170.7	647820
02/28/19	172.1	173	170.2	170.9	504660
02/27/19	179.6	179.6	172	172	628630
02/26/19	179	180	178.8	180	3090920
02/22/19	174.5	179.5	174.5	179	1779850
02/21/19	174.5	175	173.6	174.5	952160
02/20/19	173.1	175.4	173.1	174.7	842140
02/19/19	174	177	172	174	764360
02/18/19	165	175.7	165	174.5	2406420
02/15/19	164	164	162.1	163	492150
02/14/19	160	163.5	159	163.5	219590
02/13/19	162	162.1	160	161.9	291390
02/12/19	164	164	161.5	163	400840
02/11/19	165	166	163.1	166	209100
02/08/19	163.1	166.4	162.9	165.4	346100
02/07/19	165	165.9	162.8	163.1	478310
02/06/19	166.8	168	165	165	486850
02/04/19	166.5	167.9	166.5	166.8	337040
02/01/19	165	167.6	164.5	166.5	575970
01/31/19	165	167	163.8	165	365770
01/30/19	164	166	163	163	833360
01/29/19	165.4	165.4	163	164	543050
01/28/19	168.6	169.4	165	165.4	602800
01/25/19	170.5	172	168	168.5	519830
01/24/19	168	174	165.6	174	1609920
01/23/19	168	168.9	165.5	168.9	666730
01/22/19	162.5	170	161.2	170	2258200
01/21/19	155.6	164	155.6	162.8	822150
01/18/19	150.8	156	150	155.5	599810
01/17/19	150.9	151.5	149.5	151	279060
01/16/19	152.4	152.5	149.5	150	524490
01/15/19	150.7	152.9	149.8	151.5	274110
01/14/19	149.8	151.5	149.5	149.5	561140
01/11/19	147.9	149.8	147.7	149.5	615040
01/10/19	145	148	145	147.6	952120
01/09/19	146.5	148.8	144.8	145	769240
01/08/19	148	148.7	146.4	146.5	1188620
01/07/19	146	148.9	146	146.5	361120
01/04/19	149	149.8	145.1	145.3	1032530
01/03/19	147.3	149.8	147	149	226300
01/02/19	147.9	147.9	146	147.3	275510
12/28/18	148.2	149	147	147	843500
12/27/18	146.2	148.2	146.2	147.4	101850
12/26/18	145	146.4	144.5	145.9	168660
12/21/18	145	147	145	145	628120
12/20/18	148	148	144.4	145	678490
12/19/18	150.1	150.1	147	148	816560
12/18/18	151.2	153	147.1	150.1	998700
12/17/18	144	153.2	143.8	151.2	1066640
12/14/18	147.5	151	139	142	2822300
12/13/18	154.5	156.5	146	147	1252570
12/12/18	157	158.3	154.2	154.5	739490
12/11/18	157.1	161	155	155	920720
12/10/18	162.3	163.5	156	157.1	1081240
12/07/18	169.2	169.2	161	162.2	786390
12/06/18	170	171	169	169.5	616940
12/05/18	173.4	173.8	169	169	973080
12/04/18	175	175	173.5	175	275310
12/03/18	174.7	175.4	173	174.9	364970
11/29/18	174.6	174.8	172.1	174.7	205720
11/28/18	171.8	174.9	171	174.8	440660
11/27/18	171.8	172.5	171	171.5	141170
11/26/18	172	172.5	171.5	171.8	94490
11/23/18	171.2	172.8	171.2	172	88160
11/22/18	172	173	171	171.2	66810
11/21/18	173.4	173.4	170.9	172.4	434710
11/20/18	170	175	168.8	174.1	1029400
11/19/18	168.5	172	168.5	169.9	215590
11/16/18	169.2	170	168.5	168.5	203630
11/15/18	169.2	171.9	168.9	169.2	240540
11/14/18	172.5	173.9	169	169.2	170540
11/13/18	174.6	174.6	170	172.5	205350
11/12/18	170	174.6	168.8	174.6	463220
11/09/18	170	175	165.3	171.5	963490
11/08/18	163.6	171	162.1	170	665280
11/07/18	167.9	167.9	162.9	163.6	109750
11/06/18	167.2	168	166	167.9	149980
11/05/18	171	171.5	167	168	64570
10/31/18	169.9	171	168.9	171	621260
10/30/18	168.6	169.7	166	168	354380
10/29/18	164.5	168.6	164.5	168.1	704000
10/26/18	159.8	166	157	164.5	603780
10/25/18	155.5	159.8	155	159.8	181710
10/24/18	158	158	156	157	776530
10/23/18	156	158.9	156	158	339790
10/22/18	158	159	155.5	156	137330
10/19/18	163	165.9	153	158	497760
10/18/18	165.9	165.9	164.4	165	205050
10/17/18	163.1	166	163.1	164.1	123210
10/16/18	166	167	163.3	163.3	87050
10/15/18	167.1	167.9	165	166	109980
10/12/18	163	167	161.5	167	131160
10/11/18	164.9	165	160	165	421840
10/10/18	168	168	161.1	167	782890
10/09/18	170	170	167.5	168	511160
10/08/18	172.8	173	169	170	345990
10/05/18	170.2	173.4	170	172.9	519500
10/04/18	168.9	169.4	167.9	169.4	265930
10/03/18	170	170	168	168.9	315420
10/02/18	173	173	169.8	170	251290
10/01/18	168.9	172.5	168.9	171	599080
09/28/18	169	169.8	167.5	169.5	336230
09/27/18	169.7	169.7	167.9	169.5	490780
09/26/18	169.7	169.7	167.5	169	357070
09/25/18	169.8	169.8	168	169.7	192510
09/24/18	170	171.8	168.5	169.8	83250
09/21/18	168.4	172	167	168	343750
09/20/18	168.7	168.7	165.9	167.1	335300
09/19/18	167.2	169	165	169	283500
09/18/18	170	170.8	165	167.2	359040
09/17/18	169.1	170.4	167.5	170	135750
09/14/18	170.6	171.5	169.2	169.8	348720
09/13/18	175.3	176	170.5	172.4	427310
09/12/18	174	176.6	173.6	175	497760
09/11/18	175.9	175.9	172.5	174	301400
09/10/18	177	177	170.5	175.9	380660
09/07/18	174.7	177.8	174.7	177	179820
09/06/18	178	178	174.7	175.2	386230
09/05/18	179.1	179.2	173	178	659450
09/04/18	177	179.9	175	179	557520
09/03/18	169.3	180.1	169.3	175	1683720
08/31/18	169.5	172	166.1	169	762390
08/30/18	171	173	169.1	169.5	662160
08/29/18	166.1	173.5	165.6	171	571090
08/28/18	170	170.8	163	166.1	624900
08/24/18	160	174.5	159.5	171.8	5047830
08/23/18	147.3	166	147.3	160	2333470
08/22/18	147.5	148	146.5	147.3	500730
08/20/18	147.5	148.2	145.5	147.5	385000
08/17/18	146	148.3	146	147.5	264060
08/16/18	146	146.1	145	146	320470
08/15/18	142	147.4	141.9	146.2	840360
08/14/18	142.9	142.9	140.6	142	367120
08/13/18	141	143	139.9	142	464280
08/10/18	138.3	144.9	138.3	143	1577350
08/09/18	139	139.2	137.5	138.3	339530
08/08/18	136	139	136	139	164390
08/07/18	136.4	138	135	138	80310
08/06/18	138.8	138.9	136.5	136.5	171780
08/03/18	139.6	140	138	139	72550
08/02/18	140.5	140.5	138.8	139.4	35280
08/01/18	139	140.5	138.4	140	393330
07/31/18	138.4	140.2	138.1	139.2	178450
07/30/18	137	139	136.1	138.4	299220
07/27/18	136.1	137	135.8	137	74120
07/26/18	136.8	136.8	135.8	136	258590
07/25/18	136.5	136.8	135.2	136.5	214340
07/24/18	137.5	137.5	135.1	136.5	180290
07/23/18	136.8	137.5	135	137.5	201280
07/20/18	136.9	136.9	134	136.8	587320
07/19/18	137	137	135.8	137	67800
07/18/18	137	137.3	134.4	136.9	188820
07/17/18	136	136.9	135.1	136.9	89480
07/16/18	136.7	137.2	136.5	137	173930
07/13/18	137.6	137.6	136.5	136.9	141210
07/12/18	137.7	137.7	136.7	137	86490
07/11/18	137.5	137.8	136	137.8	200240
07/10/18	138	138	136.6	136.8	156300
07/09/18	136	138	136	138	247120
07/06/18	137.5	137.5	136	137	64840
07/05/18	137.5	137.5	136.3	136.9	153050
07/04/18	137.5	137.5	136.5	137.5	218090
07/03/18	138	138	136.3	137.5	216420
07/02/18	138	138	137	137.9	198650
06/29/18	139	139	137.5	138	292930
06/28/18	138	139	137	139	200320
06/27/18	137	138	135.7	138	346160
06/26/18	135.2	137.5	134	137.5	557820
06/25/18	135	137.8	135	136.5	398470
06/22/18	139.6	139.6	136.2	139	423870
06/21/18	139.7	139.7	136.5	139.4	145140
06/20/18	139.5	139.8	138.2	139.8	181530
06/19/18	140	140	138.1	139.9	120300
06/18/18	139.9	140	138.5	140	124700
06/14/18	139.8	140	138.1	140	149240
06/13/18	140	140	137.6	140	330650
06/11/18	140	140	139.6	140	56040
06/08/18	141.6	141.7	139.8	140	128510
06/07/18	142	142	141	141	43940
06/06/18	141.5	142	139	141.9	166690
06/05/18	142.3	142.6	138.7	142	398570
06/04/18	142.5	142.5	140.7	141	169280
06/01/18	142.5	142.5	140.5	142	172900
05/31/18	142	142.5	140.4	142	270340
05/30/18	143.8	143.8	141	142.7	141170
05/29/18	144	144	142	143.8	167770
05/28/18	144	144.3	142	144	433040
05/25/18	143.5	144.3	141.3	144.3	190520
05/24/18	142	143.5	141.3	143.5	178510
05/23/18	145.2	145.2	141.3	142.1	193220
05/22/18	144.1	145.4	144.1	145	478820
05/21/18	140	144	139.7	144	425670
05/18/18	139.7	139.9	139	139.8	145370
05/17/18	140	140	138.9	140	336110
05/16/18	139.2	140	138	139.2	346790
05/15/18	138.5	140	138.5	139.2	294570
05/11/18	136.8	139.1	136.8	137.9	159090
05/10/18	136	137	135.4	136.8	164380
05/09/18	136	136.2	135.4	136	167960
05/08/18	136.5	137.5	135	136	195420
05/07/18	137	138	135.7	136	46030
05/04/18	138	138.9	135.1	136.7	176480
05/03/18	139.8	139.8	137	138	201710
05/02/18	140.4	140.4	139.2	139.8	108490
04/30/18	140	140.4	138.8	140	149140
04/27/18	139.9	140.4	139	139.3	306610
04/26/18	140	140	137.5	139.5	351280
04/25/18	139.4	139.7	138.5	139	517090
04/24/18	139.9	140.9	139	140	203590
04/23/18	140.9	140.9	139.6	140	43000
04/20/18	140.9	140.9	140	140.9	77430
04/19/18	140	141	138	140.9	292960
04/18/18	141.8	141.8	139.2	140	39610
04/17/18	141.5	142.8	139.1	141	158000
04/16/18	142.9	142.9	140.8	141.3	184740
04/13/18	142.5	142.9	141.2	142.9	363690
04/12/18	142.8	142.8	140	142.4	71560
04/11/18	142.9	143.5	142.7	142.8	141520
04/10/18	139.1	143.3	139.1	142.5	338110
04/06/18	144	144	140	142	169460
04/05/18	142	144	141.5	143.5	490070
04/04/18	141	142.2	138.8	141.2	357880
04/03/18	138	141.4	136.4	140.2	260810
04/02/18	140	140	135.3	138.2	116180
03/28/18	142.5	142.9	134	134	217630
03/27/18	140	142.5	139	142.5	506510
03/26/18	135	140	134.7	138.5	195720
03/23/18	138.5	138.5	134	137	128410
03/22/18	134.1	139.5	133	139.5	200010
03/21/18	137.4	137.5	134.1	134.1	425150
03/20/18	139	139	136	137.4	586790
03/19/18	140.5	140.5	138	139.5	233040
03/16/18	140.9	141	139.6	140.5	272430
03/15/18	141.2	141.2	140.2	140.5	201450
03/14/18	144.6	144.6	140	141.2	346750
03/13/18	145.3	145.5	142	143	140660
03/12/18	143.5	146	143.5	145	388700
03/09/18	141	143	140	143	343120
03/08/18	140	141	139.5	141	65710
03/07/18	141	141	139.7	139.8	186580
03/06/18	140	142.2	139	141	189310
03/05/18	139.4	140	138.7	140	481280
03/02/18	140.7	140.7	139.1	140	264150
03/01/18	141	141.1	140	140.8	153390
02/28/18	141	141.8	140.5	141	210010
02/27/18	141.9	141.9	140	141	104510
02/26/18	141	142	138.1	141.9	204830
02/23/18	143	144	141	141	416680
02/22/18	144.6	144.6	140.8	144	437810
02/21/18	143.9	145.5	143.9	145	446310
02/20/18	145.4	145.4	144.8	145	331310
02/19/18	146	146	144.3	145	274100
02/15/18	142.2	145.4	141.2	145.1	557190
02/14/18	142.3	142.3	135.5	141.2	308350
02/13/18	144.9	145	138.5	142	752090
02/12/18	145	146	144.4	145	263650
02/09/18	144.8	145.3	143.5	145	463470
02/08/18	148	148	146.4	147	245160
02/07/18	145.5	149	145.3	147.4	578750
02/06/18	144	145.5	141.1	143.5	761780
02/05/18	150	150	142	147.5	691360
02/02/18	145	152	144.9	152	1416080
02/01/18	144	147	143	144.9	378870
01/31/18	142	144.6	142	144	947160
01/30/18	144	144.9	142	144.9	374750
01/29/18	141	147.2	141	144	714150
01/26/18	141	141.4	140	141.1	361940
01/25/18	138.9	143.8	138.1	141	713080
01/24/18	140.9	140.9	136.9	138	335630
01/23/18	136.9	141	136.9	140.9	983980
01/22/18	133.2	136.9	133.2	136.8	830940
01/19/18	131	133	130.2	133	536430
01/18/18	130	131.5	129.5	131.5	644350
01/17/18	131	131	129	130.5	278940
01/16/18	132	132	131	131.1	138100
01/15/18	129	132.9	128.8	132	223710
01/12/18	132.1	133	127.3	129	534770
01/11/18	128.4	133.2	125.9	132	1728040
01/10/18	126	128.3	125.9	128	924790
01/09/18	121.8	126.2	121.8	125.7	1132340
01/08/18	118	122.5	118	121.5	608440
01/05/18	116	120.2	116	120	1347890
01/04/18	115	115.9	114.9	115.9	416530
01/03/18	111.6	114.8	111.6	114.8	410820
12/29/17	112.1	112.5	111	111.6	399530
12/28/17	111.5	112.6	111.2	112.1	319100
12/27/17	111	111.9	110.6	111.4	80590
12/22/17	112	112	111	111.9	96920
12/21/17	113	113	110.8	112	86540
12/20/17	120	120	110	110.8	331410
12/18/17	110.4	111.7	108.5	108.8	281140
12/15/17	111.6	111.6	109.7	110.2	250640
12/14/17	110.3	111.6	109.5	111.6	440650
12/13/17	110.5	111.1	109.6	110	137280
12/12/17	111	111	109.5	110.5	508290
12/11/17	112.5	112.5	110	110.5	423240
12/08/17	110	110	108.5	109.9	101190
12/07/17	109.9	109.9	108	109.9	320380
12/06/17	109.8	109.9	108	109.9	144210
12/05/17	109.9	109.9	108	109.9	121630
12/04/17	110	110	106	110	235240
12/01/17	111.8	111.8	109	110	150150
11/29/17	111.5	111.8	109.1	111.8	419570
11/28/17	113	113	111.5	111.5	837400
11/27/17	113	113.4	112	112.6	532210
11/24/17	112.9	113.4	111	112.9	308690
11/23/17	111	112.8	110	111.3	117390
11/22/17	109.6	112.9	109.5	110	156880
11/21/17	110.9	110.9	109.6	109.6	178100
11/20/17	113	113	110.3	111	196260
11/17/17	113.9	114.1	113	113	137930
11/16/17	116	116	113	113.9	190680
11/15/17	113.1	113.5	112	113	378350
11/14/17	115.5	116.4	113.1	113.1	295430
11/13/17	115	116.7	114.5	115.4	147190
11/10/17	117	117	114.9	115	508850
11/09/17	115.7	117	115	117	765850
11/08/17	115.5	117	114	115.7	1196070
11/07/17	107	124.5	107	114.8	1647330
11/06/17	101.3	108.6	101.3	106.8	1206850
11/03/17	104	104	101.3	101.3	171480
11/02/17	104	104.7	102.8	104	213540
10/30/17	104	104.5	103	103	783140
10/27/17	102.8	104.6	102.5	103	596400
10/26/17	102.7	102.8	102	102.8	432800
10/25/17	102.2	102.9	102	102.7	424480
10/24/17	103	103	102	102.5	460000
10/23/17	102.9	103.1	102.3	103	441600
10/20/17	104.3	104.3	102.5	102.5	583580
10/19/17	102.8	104.8	100.6	104.4	490380
10/18/17	101	103	100	103	676800
10/17/17	101	101.2	99.9	100.5	642760
10/13/17	101	101	100.2	101	444080
10/12/17	102	102	100.8	101	498300
10/11/17	102	102.2	101.5	102	533090
10/10/17	101	102.3	101	101.9	530440
10/09/17	100	101	99.75	101	885320
10/06/17	98	100	98	100	571080
10/05/17	98	98.05	97.2	98	996110
10/04/17	98	98	97.2	97.65	143700
10/03/17	97.5	98	97.1	98	176290
10/02/17	98	98.15	97.6	97.6	271890
09/29/17	97	98.7	97	98.3	355720
09/28/17	97.5	98	97.2	98	403050
09/27/17	97.4	97.8	97.2	97.6	243520
09/26/17	98	98	96.9	97.4	540330
09/25/17	98	98	97.4	98	124600
09/22/17	97.7	98	97.5	97.75	39850
09/21/17	98.2	98.2	97.55	97.65	153550
09/20/17	98.1	98.45	97.2	97.2	139400
09/19/17	98	98.5	97.95	98.05	168610
09/18/17	97.5	98.45	97.5	98.1	159680
09/15/17	97.4	97.9	97.35	97.5	706700
09/14/17	97.95	97.95	97.25	97.3	495890
09/13/17	97.2	98	97.1	97.45	250100
09/11/17	97.9	98	97.05	97.2	263820
09/08/17	96.65	98.8	96.65	97	309020
09/07/17	98	98.1	96.6	96.6	207370
09/06/17	98.9	98.9	97.5	98.1	100390
09/05/17	99	99.5	98.8	98.9	30210
09/04/17	99.5	99.5	98.9	99	189000
08/31/17	100	100	99.45	100	55520
08/30/17	100	100	99.6	100	47400
08/29/17	100.5	101	99.5	100	51150
08/25/17	99.5	100.5	99	100.5	80210
08/24/17	99.7	99.7	99.3	99.7	51470
08/23/17	100.7	100.7	98.5	99.7	53730
08/22/17	99.35	101	97.2	101	198020
08/18/17	100.5	100.5	98.5	99.35	138130
08/17/17	100	100.8	99.85	100.4	41300
08/16/17	101.3	101.3	99.75	100	112870
08/15/17	101.4	101.4	100.5	101.4	27820
08/14/17	101.6	101.6	99.8	101.4	93500
08/11/17	101.6	101.6	100.3	101.6	64170
08/10/17	101.5	101.6	100	101.6	81600
08/09/17	101.3	101.5	99.75	101.5	134390
08/08/17	101.3	101.4	100.5	101	58930
08/07/17	101.1	101.4	101.1	101.3	45330
08/04/17	101.3	101.3	100	101.3	124540
08/03/17	100.3	101.3	100	101.3	59370
08/02/17	101	101	100.2	100.4	153980
08/01/17	101.6	101.7	101.5	101.6	100170
07/31/17	101.8	101.8	101.3	101.6	238870
07/28/17	100.5	101.8	100.5	101.7	57950
07/27/17	102	103	100.5	100.5	136220
07/26/17	103	103.2	101	101	210240
07/25/17	103	103	102.5	102.6	75900
07/24/17	103	103	102.7	103	26190
07/21/17	102.6	103.1	102.6	103.1	82660
07/20/17	103.1	103.1	102.7	103	150200
07/19/17	102.9	103.2	102.7	103	69650
07/18/17	103	103	102.6	102.9	38260
07/17/17	102.6	103	102.5	102.9	64040
07/14/17	103.4	103.4	102.5	102.5	117720
07/13/17	103.2	103.4	102.4	103.4	138630
07/12/17	103.2	103.3	102.5	103	83350
07/11/17	103.3	103.3	102.4	103.3	151300
07/10/17	103.5	103.5	101.9	103.3	120290
07/07/17	103.3	103.5	102.7	103.5	70890
07/06/17	103.1	103.6	102.6	103.3	60090
07/05/17	103	103.1	102.2	103.1	83490
07/04/17	104	104	103	103.2	49950
07/03/17	102.5	104	102.5	104	50940
06/30/17	103.7	104	102	104	79840
06/29/17	104	104	102.5	103.7	83820
06/28/17	102	104.1	102	104	95200
06/27/17	102.6	102.8	101.5	102.7	259740
06/23/17	104.9	104.9	101.5	102.6	186740
06/22/17	104.9	105	103	103	109650
06/21/17	106	106	104.8	104.9	148110
06/20/17	107	107	106	106	42110
06/19/17	106	107	106	107	96830
06/16/17	105.9	107	105.7	106	50250
06/15/17	105.7	107	105.5	105.5	303580
06/14/17	105	105.8	104.4	105.5	208030
06/13/17	104	104.3	103	104.3	59600
06/09/17	103.2	104.4	102.9	103	292030
06/08/17	103	103.2	102	103	175210
06/07/17	104	104	103	103.2	201320
06/06/17	104.8	105	103.9	104.4	138460
06/05/17	106	106	104.1	104.8	191950
06/02/17	106	106	104.1	106	210400
06/01/17	107.4	107.5	105.3	106	143800
05/31/17	108.4	108.5	107.4	108	64900
05/30/17	108.4	108.4	107.7	108.4	47530
05/29/17	108.5	108.6	107.5	108.4	78640
05/26/17	108	108.8	107.5	108.5	105510
05/25/17	107.6	108.2	107.5	108	101920
05/24/17	108.9	108.9	107.2	108	129610
05/23/17	109	110	107.6	108.9	351920
05/22/17	109	109.1	108.8	109	314860
05/19/17	108.6	109	108	109	191470
05/18/17	108.8	108.8	107.3	108.1	250890
05/17/17	109.2	109.2	108	109	228730
05/16/17	108.7	109.2	107.9	109	162880
05/15/17	107.9	108.9	107.5	107.9	46140
05/12/17	109	109.2	107.5	108.9	128500
05/11/17	108	109.2	107.2	109.2	193440
05/10/17	108.4	108.4	107.5	108	193040
05/09/17	108.2	109.6	107.9	108.4	310630
05/08/17	108.5	108.5	107	108.2	132630
05/05/17	105.4	108.4	105.4	108	262750
05/04/17	108	108.7	105	105	384980
05/03/17	109.5	109.5	108.1	109.5	127230
05/02/17	109	110	108	109.5	112830
04/27/17	109.5	110	108.2	110	134900
04/26/17	109.5	109.5	108.2	109	117160
04/25/17	110	110	108.5	109.5	104910
04/24/17	110.4	110.4	107.6	110	101780
04/21/17	110.5	111.2	109	110.4	185680
04/20/17	108	110.5	107	110.5	411550
04/19/17	110.2	110.2	107.5	107.5	267280
04/18/17	109	110.7	109	110	642110
04/17/17	107	109.3	107	108.9	494330
04/12/17	108	108	107.6	107.8	150870
04/11/17	106.2	108.7	105.5	108	807060
04/10/17	106	106.9	106	106.1	155000
04/07/17	104	107	103	106	497490
04/06/17	104.9	106	103.1	104	345880
04/05/17	104.6	105.1	104.2	104.9	109280
04/04/17	103.5	105.2	102	104.5	395900
04/03/17	103.5	103.5	102.7	103.5	63190
03/31/17	102.8	104	101.9	104	116080
03/30/17	103	103.7	101.8	102.8	145060
03/29/17	104	104	102.6	103	134120
03/28/17	103	104	102.9	104	234180
03/27/17	104	104	102.2	103	460380
03/24/17	103	104.2	103	104	371410
03/23/17	104.5	104.5	103	104.4	716760
03/22/17	104	104.5	102.8	104.5	228150
03/21/17	103.4	104.2	103	104	140220
03/20/17	104	104	101.8	103.4	202370
03/17/17	103.5	104	102.7	103	225290
03/16/17	103	103.5	102.5	103.2	102850
03/15/17	105	105.4	102.5	104.3	217510
03/14/17	105.1	105.7	104.9	105.4	108440
03/13/17	106	106.2	105	105.1	50820
03/10/17	107	107	105.1	106.1	90560
03/09/17	105.9	107	105	107	226540
03/08/17	106.2	106.6	104.9	106	122260
03/07/17	106.6	106.6	105.6	106.6	95890
03/06/17	107	107	106	106.6	113330
03/03/17	107	107	106	107	268860
03/02/17	107	107.4	105.6	107	214050
03/01/17	107	108	106	107	423620
02/28/17	107	107.4	105.8	107.4	253360
02/27/17	106.8	106.9	105	106.9	1029730
02/24/17	106.8	106.8	106	106.8	275410
02/23/17	104.2	107	103.1	106.8	290160
02/22/17	106.6	107	103.6	104.2	408300
02/21/17	107.5	107.5	106.3	106.6	287630
02/20/17	107	107.6	106	107.5	513270
02/17/17	106	107	105.5	107	444870
02/16/17	104.7	107.1	104.3	106.6	532550
02/15/17	104.1	105.5	104	104.8	537520
02/14/17	103.2	104.3	102.7	104.2	220850
02/13/17	103	104.2	102.9	103.2	84160
02/10/17	104	104.4	102.8	103	163820
02/09/17	103	104	101.3	104	441150
02/08/17	103	103.6	102.6	102.8	396090
02/07/17	102.6	103.2	102.4	103	616450
02/06/17	99.5	102.2	99.4	102.2	1346690
02/03/17	99	100	99	99.5	209850
02/02/17	99	99.45	98.05	98.85	223780
02/01/17	99	99	98.3	98.8	105750
01/31/17	99.15	99.15	97.3	98	143190
01/30/17	99	99.4	98.9	99.15	88990
01/27/17	98.95	100	98	99	316930
01/26/17	99.2	99.2	97.65	98.95	381120
01/25/17	99.7	101.5	99	99	733650
01/24/17	99	99.7	98.3	99	448770
01/23/17	97.7	99	97	99	402290
01/20/17	98	98.05	96.6	98	255670
01/19/17	97	98	96	98	53160
01/18/17	97	97	95.5	97	241540
01/17/17	98	98	97	97	85880
01/16/17	98	98.8	97.05	98.5	65700
01/13/17	99.1	99.1	97.5	98.8	208850
01/12/17	99.5	99.5	98.15	99.1	214990
01/11/17	99.55	99.6	97.9	99.5	186250
01/10/17	94.9	99.9	94.9	99.55	726490
01/09/17	95.9	96.3	94.5	95.15	224710
01/06/17	97.5	98	96.5	97.7	304640
01/05/17	96	99	95.9	97.8	437230
01/04/17	93.1	97	93.05	96.5	390440
01/03/17	92.3	94	92.3	93	59760
12/29/16	95.8	97	92.3	92.3	363040
12/28/16	93.5	95.95	92.5	95.75	209730
12/27/16	91	94	90.65	92.5	97000
12/23/16	91.2	92	90	91	316250
12/22/16	94	94	91.7	92	557090
12/21/16	97.8	97.8	94.9	94.9	318980
12/20/16	94.8	99	91	99	400710
12/19/16	99.7	99.7	95	95	200180
12/16/16	100.4	100.4	99	100	345320
12/15/16	99.8	101.6	96	100.5	1117900
12/14/16	96	100.2	96	99.85	1105810
12/13/16	94.8	96.5	93	96	698590
12/12/16	94.9	95.1	91.95	94.9	408240
12/09/16	91	96.5	91	94.9	968430
12/08/16	87.15	91	87.15	91	800160
12/07/16	85.65	87	85.6	87	551590
12/06/16	85.2	85.6	84.8	85.6	169340
12/05/16	85	85.5	80.05	85.5	416830
12/02/16	84.6	85.4	84.4	85.4	401580
12/01/16	84.2	85.45	84	84.6	835090
11/29/16	83.5	85	82.95	84	410160
11/28/16	83	84.25	82	83.5	275710
11/25/16	81.3	84	81.3	83	289920
11/24/16	80.15	81.3	79.05	81.3	420350
11/23/16	80	80.15	79.8	80.15	172390
11/22/16	80.15	80.15	79.9	80.1	190970
11/21/16	80.1	80.15	79.9	80.15	144730
11/18/16	80.15	80.15	79.75	80.1	78240
11/17/16	80.15	80.3	79.5	80.15	62410
11/16/16	80.5	80.5	79.5	80.15	202340
11/15/16	80	80.9	79.9	80.2	153200
11/14/16	80.2	80.3	79.4	80.3	119890
11/11/16	80.3	81	79.5	80.3	290880
11/10/16	80.5	80.5	79.85	80.3	100530
11/09/16	80.15	80.5	79.65	80.5	115270
11/08/16	80.3	80.3	79.85	80.2	116350
11/07/16	80.3	80.3	79.5	80.3	624150
11/04/16	80	80.3	79.6	80.3	354910
11/03/16	80.45	80.45	79.05	80.3	151040
11/02/16	80.45	80.5	79.4	80.5	136590
10/28/16	80.3	80.5	79.5	80.5	71890
10/27/16	80.4	80.4	79.85	80.3	148100
10/26/16	80	80.4	80	80.4	86300
10/25/16	80.5	80.5	79.8	80.5	66140
10/24/16	80.1	80.5	79.05	80.5	156530
10/21/16	80.5	80.5	80.2	80.3	127090
10/20/16	80.85	80.85	80.1	80.6	74100
10/19/16	80.9	81	80	80.65	284030
10/18/16	81	81	79.75	80.9	161990
10/17/16	80	81	80	81	80770
10/14/16	80	81	79.5	81	373180
10/13/16	80.5	80.5	79.5	80	207150
10/12/16	81.25	81.25	80.5	81	119860
10/11/16	81.4	81.4	80.55	81.35	76450
10/10/16	81	81.5	80	81.4	181930
10/07/16	81.2	81.4	80	81.4	95300
10/06/16	81.45	81.5	81	81.2	34460
10/05/16	82	82	80.3	81.4	104640
10/04/16	81.5	82	81	82	57860
10/03/16	81.8	81.9	81.45	81.9	67550
09/30/16	82.1	82.1	81.5	81.6	49770
09/29/16	81.95	82	81	81.5	258660
09/28/16	80.55	82	80.55	82	114970
09/27/16	81.4	81.75	80.35	81.75	126420
09/26/16	82.5	82.5	81	81.4	132690
09/23/16	82.75	82.8	82	82.5	194800
09/22/16	82.5	83	81.3	83	116770
09/21/16	81.9	82.5	80.6	82.5	57770
09/20/16	82	82.05	81.5	82	238780
09/19/16	82	82	80.4	82	95840
09/16/16	82	82	80.9	81.95	64950
09/15/16	83.5	83.5	80	82	250840
09/14/16	78.5	84	78.2	84	144470
09/13/16	80	80	79	79	206400
09/09/16	81.8	82	80	80	264400
09/08/16	82	82	80.5	82	90070
09/07/16	81	82	80	82	128240
09/06/16	83.2	83.2	81.05	81.5	160180
09/05/16	84	84	82	82	1425140
09/02/16	83.95	84.4	83.15	84	375040
09/01/16	84.25	84.5	83.05	84.5	127270
08/31/16	84.5	86	84	84.5	714870
08/30/16	84	84.5	83	84.5	142500
08/26/16	84	84	83	84	130810
08/25/16	83.6	84.1	83.2	84	107010
08/24/16	83.9	83.9	83.4	83.6	137680
08/23/16	84	85	83.1	83.9	88240
08/22/16	83.65	83.95	82.85	83.95	147850
08/19/16	85	85	83.6	84	340810
08/18/16	85.95	86	85.05	85.75	83150
08/17/16	86	86.1	85	86	149080
08/16/16	84.3	86	84	86	700220
08/15/16	84	84.3	83	84.3	204810
08/12/16	83	84.3	82.65	84.3	182980
08/11/16	84.3	84.3	83.3	84	73060
08/10/16	84.2	84.3	83.2	84.3	275350
08/09/16	82.6	84.35	82.05	84.3	453050
08/08/16	82.1	82.5	81.9	82.5	122080
08/05/16	82	82.15	81.5	82.1	101340
08/04/16	82.5	82.5	80.7	82	100890
08/03/16	81.9	82.5	80.45	82.5	215280
08/02/16	82.95	82.95	81.2	81.95	104050
08/01/16	82	83	81.55	81.55	63800
07/29/16	83	83.15	82	82	78190
07/28/16	82.3	83.1	81.95	83	172140
07/27/16	82	83.2	81.6	82.35	194380
07/26/16	83	83.25	81.5	82.3	346230
07/25/16	83	84.15	82.95	83	415670
07/22/16	81.55	83.5	81.55	83	570540
07/21/16	80.05	82.25	80.05	81.55	707390
07/20/16	78.3	81.15	78.1	80	1050330
07/19/16	78	78.5	77.8	78	122970
07/18/16	77.95	78.25	77.85	78	139280
07/15/16	77.9	78.5	77.7	78	289020
07/14/16	77.95	78	77.7	77.9	99340
07/13/16	78.1	78.4	77.8	78	108320
07/12/16	78.4	78.5	77.8	78	144510
07/11/16	78.25	78.5	77.7	78.45	118880
07/08/16	78.45	78.45	77.5	78.25	817310
07/07/16	78.45	78.55	77.95	78.35	373710
07/05/16	79.05	79.05	77.6	78.45	130240
07/04/16	78.8	79.7	78.1	79.05	186190
07/01/16	78.65	78.75	77.7	78.75	64050
06/30/16	78.15	79	77.95	78.35	340770
06/29/16	78	78.45	77.4	78.15	39960
06/28/16	77	78.5	77	78	26550
06/27/16	77	78.85	76.2	77.05	155490
06/24/16	79	79	76	77	316510
06/23/16	78	79	78	79	104530
06/22/16	78.85	78.85	78	78	116120
06/21/16	79	79	78.3	78.85	226230
06/20/16	78.7	79.8	78.3	78.85	300760
06/17/16	79.15	79.4	78.7	78.7	109260
06/16/16	79.8	79.8	78.55	79	494420
06/15/16	79.5	80	78.3	79.8	263820
06/14/16	79.1	79.8	78.05	79.8	171920
06/13/16	79.8	80	77.2	80	393600
06/10/16	79.6	80	78.9	79	158110
06/09/16	80.15	80.15	79.05	79.5	199900
06/08/16	78.5	81.3	78	80.15	834110
06/07/16	78.3	78.9	78.05	78.6	292090
06/06/16	78	78.6	78	78.4	285690
06/03/16	76.5	77.95	76.4	77.95	193420
06/02/16	79.75	79.75	76.35	76.5	993300
06/01/16	81	81.5	79.55	79.75	407990
05/31/16	81.25	82.8	80.85	82	2201540
05/30/16	76.5	80.7	75.9	80.3	2128260
05/27/16	74	76	73.95	75.9	478620
05/26/16	73.6	73.8	73.2	73.8	141050
05/25/16	72	73.45	72	73.4	272580
05/24/16	72.9	72.9	71.5	72.25	58160
05/23/16	73.4	73.4	71	73	130260
05/20/16	72	73.4	71	73.4	85840
05/19/16	74	74	72	72	188670
05/18/16	74	74	73.5	74	127280
05/17/16	73.6	74.5	73.6	74	293440
05/16/16	71	74	71	73.2	450960
05/13/16	71	71.4	70.5	70.5	219740
05/12/16	69.95	70.5	69.75	70	101490
05/11/16	66.9	70	66.9	69.95	310560
05/10/16	66.8	66.8	66	66.4	552300
05/06/16	68.5	68.5	66.8	66.95	260390
05/05/16	68.5	68.9	67.9	68.5	35770
05/04/16	68.2	68.3	67.05	68.3	46520
05/03/16	67.95	69	67.9	68.2	71780
05/02/16	67.8	68	66.05	67.5	156400
04/29/16	66.3	67	65	67	363960
04/28/16	68	69.3	66.3	66.3	160890
04/27/16	69.9	69.9	67	67.7	261420
04/26/16	71.75	71.75	69.55	70	89120
04/25/16	74	74	71.75	71.75	176130
04/22/16	75	75	74	74.05	31470
04/21/16	74	74.8	74	74.8	65860
04/20/16	74.7	74.7	74	74	50350
04/19/16	74.55	74.9	74.45	74.8	68840
04/18/16	75.35	75.35	74.5	74.55	95410
04/15/16	75.8	75.8	74.45	75.35	82230
04/14/16	76	76.5	75.6	76	148520
04/13/16	76.55	76.65	76	76.3	164610
04/12/16	76.5	76.75	76.4	76.6	100240
04/11/16	76.5	76.6	76.15	76.5	193930
04/08/16	76.6	76.8	76.1	76.75	93000
04/07/16	76	77	76	77	196960
04/06/16	76.5	76.6	76.05	76.6	101520
04/05/16	76.2	76.6	76	76.6	82930
04/04/16	76.6	76.6	75.9	76.6	94410
04/01/16	76	77	75.85	76.5	272540
03/31/16	76.05	77.5	76.05	77	170010
03/30/16	77.35	77.9	76.6	77.5	179440
03/29/16	76.9	77.5	76.2	77.5	267530
03/28/16	77	77	76.05	76.8	74670
03/23/16	76.85	77	76.05	77	127140
03/22/16	77.45	77.45	76.65	76.9	180350
03/21/16	77	77.5	76.55	77.5	1864050
03/18/16	77.7	77.95	77.5	77.5	242510
03/17/16	77.5	78	77.1	78	603750
03/16/16	77	77.9	76	77.9	344020
03/15/16	74.95	77.5	73.7	77.5	573290
03/14/16	75.2	75.4	72.5	75	746960
03/11/16	78	78	75.5	75.6	1028590
03/10/16	78.5	78.5	78	78	342510
03/09/16	77	79.2	76.1	78.6	825310
03/08/16	76	77	74.7	77	675290
03/07/16	74.3	76	73.05	76	574850
03/04/16	74.8	74.8	74.35	74.8	296900
03/03/16	75	75	74.35	75	553400
03/02/16	74	75	73.9	75	1041370
03/01/16	74.8	74.8	73.4	74	542920
02/29/16	70.6	74.8	70.6	74.8	1141840
02/26/16	70	72	68.75	72	501270
02/24/16	68.85	70	67.05	70	727410
02/23/16	70	70	68.7	69	506870
02/22/16	71.35	71.9	68.9	70	536990
02/19/16	71.7	72.2	71.35	71.35	450140
02/18/16	71.05	73.1	71.05	73.1	830630
02/17/16	72.6	73	70.6	72.5	517410
02/16/16	73.1	73.6	73	73	537410
02/15/16	73	74.5	72.9	73.55	1227460
02/12/16	73.2	74.5	72.9	73	2775680
02/11/16	73	74	72.6	74	1075500
02/10/16	72.4	73.8	72.05	73.8	782700
02/09/16	72.5	73	70.95	73	1182410
02/05/16	73.35	73.4	72.55	73	780850
02/04/16	71	73.5	70.3	73.4	1085950
02/03/16	69.1	71.9	68.55	71.9	729840
02/02/16	71.05	71.05	67.3	71	1029850
02/01/16	73	73.85	71.55	72	1401730
01/29/16	70	73.1	69.5	72.9	1752520
01/28/16	68	70	66.6	70	1649980
01/27/16	63.85	68	63.8	68	1569590
01/26/16	61.9	63.95	61.05	63.95	911940
01/25/16	59.8	62	59.15	62	1274320
01/22/16	58.7	60	58.7	60	686310
01/21/16	59.15	60	56.2	60	702320
01/20/16	59.6	59.65	59.1	59.5	302770
01/19/16	59.4	59.9	59.25	59.8	390740
01/18/16	59.4	59.9	58.5	59.9	535190
01/15/16	60	60	58.2	60	1110240
01/14/16	58.5	60	57	60	1238820
01/13/16	52	60	52	60	693270
01/12/16	51.85	52	51.5	52	599200
01/11/16	52	52	50.6	52	543850
01/08/16	51.9	52	51.4	52	536220
01/07/16	51	52	50.9	52	432960
01/06/16	50	52	50	52	479150
01/05/16	49.3	51.8	48.1	51.8	374800
01/04/16	49.95	49.95	47.5	49.95	226800
12/29/15	49.8	49.9	49	49.9	326600
12/28/15	48.9	49.8	48	49.8	208100
12/23/15	46.6	49	46.6	49	248200
12/22/15	46.7	47.1	46.5	46.5	171200
12/21/15	47	47	45.6	46.7	174300
12/18/15	44.8	47.1	44.6	47.1	216600
12/17/15	45.6	46	44.65	46	314800
12/16/15	44.95	45.6	44.5	45.6	203500
12/15/15	44.5	44.95	44.05	44.95	304700
12/14/15	46.55	46.55	44.5	44.5	634600
12/11/15	47.5	47.5	46.1	46.55	232900
12/10/15	47.6	47.6	46.9	47.5	189200
12/09/15	47.85	47.85	46.6	47.8	177600
12/08/15	47.25	47.95	46.3	47.95	305200
12/07/15	47	47.25	46.2	47.25	174700
12/04/15	46.75	47.2	45.9	47.2	192500
12/03/15	47.2	47.2	45.9	46.8	293100
12/02/15	46.8	47.25	45.8	47.25	514900
12/01/15	46.75	46.8	46.3	46.8	173000
11/27/15	47.45	47.45	46.7	46.8	280700
11/26/15	47	47	46.75	47	240900
11/25/15	46.75	47	46.75	46.9	440000
11/24/15	47	47.05	46.7	47	587700
11/23/15	48	48.3	47.55	47.55	109300
11/20/15	48	48.45	47.65	48	135300
11/17/15	47.85	48.5	47.65	48	362500
11/16/15	49	49	47	47.95	142600
11/13/15	47	49.5	46.25	49.5	749100
11/12/15	47.5	47.5	46.8	47	508700
11/11/15	48	48	47.7	47.7	131800
11/10/15	49.7	49.7	47.75	48.5	175600
11/09/15	49.8	50	49.1	49.7	167100
11/06/15	50.35	50.35	49.6	49.8	142580
11/05/15	49.45	51	49.45	50.35	1152800
11/04/15	49.2	49.5	49.1	49.2	110600
11/03/15	49.4	49.5	49	49.05	221200
11/02/15	49.5	49.6	48.5	49.35	93000
10/30/15	50.4	50.75	48	48	314010
10/29/15	50	52	49.15	50.35	750830
10/28/15	49.5	50	49	50	201800
10/27/15	48.35	49.5	48.35	49.5	484500
10/26/15	48.5	48.5	47.8	48.35	424800
10/23/15	48	48.5	47.8	48.5	151900
10/22/15	47.7	48	46.5	48	452900
10/21/15	49	49.45	46.5	47.5	1834700
10/20/15	48.6	49.5	48	49.5	202100
10/19/15	48	48.65	48	48	236800
10/16/15	46.95	48	46.85	48	201000
10/15/15	46	46.95	45.5	46.95	99300
10/14/15	46.05	46.4	45.15	45.15	262300
10/13/15	48	48	45.15	45.3	573200
10/12/15	49	49	47.75	47.75	376800
10/09/15	49.95	49.95	48.6	49.95	137030
10/08/15	47.6	50	47.6	50	194700
10/07/15	49.45	49.45	47.5	48	156900
10/06/15	49.1	50	47.1	47.1	267700
10/05/15	48	49.85	47	49.1	157600
10/02/15	50	50.2	47	47	290700
10/01/15	49	50.5	48.5	49.6	326900
09/30/15	47.2	50	47.15	48.5	513500
09/29/15	46.35	48.2	44.5	47.2	132100
09/28/15	48.4	48.4	46	46.35	355330
09/24/15	44.4	50.75	43.9	50.75	445400
09/23/15	44	44.7	43.5	44.4	3449200
09/22/15	45.2	45.8	43.9	44	512700
09/21/15	46.05	46.05	45.1	45.1	292000
09/18/15	45.35	46	45.35	45.8	552600
09/17/15	45.15	45.85	45.15	45.3	330300
09/16/15	46	46.8	45.15	45.15	318000
09/15/15	46.95	47	45.2	45.2	325800
09/14/15	48.05	49	46.95	46.95	275700
09/11/15	50	50	48.05	48.05	183800
09/10/15	49.2	49.2	48.75	49.05	84800
09/09/15	49	49	48.7	48.9	76700
09/08/15	49.4	49.5	48.55	48.65	103800
09/07/15	49	49.85	48.7	49	75000
09/04/15	50.5	50.5	48.7	48.7	749800
09/03/15	51	51.7	50.05	50.25	125810
09/02/15	51.8	51.8	49.5	50.25	180800
09/01/15	52.05	52.5	49.5	50.1	594030
08/28/15	51.2	53	51.2	52	185850
08/27/15	51.1	52.15	50.85	50.85	467810
08/26/15	52.5	52.5	50.45	51.05	436080
08/25/15	53.1	53.2	51	52.6	307930
08/24/15	55.4	55.4	53.05	53.3	254930
08/20/15	56	56	55.4	56	65820
08/19/15	55	56	54.9	56	62640
08/18/15	55.6	55.75	55	55.75	188760
08/17/15	55.65	56	54.5	55.6	344240
08/14/15	56	56	55.55	55.65	170900
08/13/15	55.85	56	55.8	56	107060
08/12/15	55.75	56	55.5	56	278770
08/11/15	56.1	56.8	55.7	55.8	277870
08/10/15	55.8	56.35	55.65	55.65	102070
08/07/15	55.85	56	55.75	55.8	386000
08/06/15	55.85	56	55.6	55.75	443260
08/05/15	55.8	56.95	55.55	55.85	298210
08/04/15	56.2	56.25	55.6	55.6	359240
08/03/15	56.3	57	56.2	56.2	384180
07/31/15	56.6	58	56.3	56.3	167590
07/30/15	56.5	57	56.5	56.6	65730
07/29/15	57	57.05	56.35	56.5	204810
07/28/15	58.8	58.8	56.05	57	135960
07/27/15	58.8	58.85	57.95	58.75	288270
07/24/15	58.35	58.95	58.35	58.85	204020
07/23/15	58.4	58.4	58.15	58.15	119680
07/22/15	58.8	58.9	58.2	58.3	130710
07/21/15	59.85	59.85	58.3	58.3	270400
07/20/15	60	60	59	59	87800
07/16/15	59.95	60	59.5	60	55180
07/15/15	60	60.1	59.5	59.5	99840
07/14/15	60.5	60.5	59.95	60	605270
07/13/15	60	60.45	60	60.1	552280
07/10/15	60.4	60.4	59.5	59.95	202310
07/09/15	60.45	60.45	59	59.9	162790
07/08/15	59.75	60.5	59	60.5	48470
07/07/15	60	60.5	59	59.75	22930
07/06/15	59.5	60	59.35	60	64530
07/03/15	59.5	60.2	59.1	59.45	86310
07/02/15	59.6	60.6	59	59	267650
07/01/15	59.85	60	59.5	59.6	143610
06/30/15	60.05	60.2	59.3	59.5	95560
06/29/15	61	61	60.1	60.35	125470
06/26/15	61.35	61.4	60.55	60.55	179230
06/25/15	61.4	61.4	60.7	61.05	84500
06/24/15	60.7	61.45	60.4	60.95	95230
06/23/15	60.65	60.9	60.5	60.5	74800
06/22/15	63	63	60.5	60.5	386810
06/19/15	60.65	64.45	60.4	64.45	341540
06/18/15	60.5	61.75	60.3	60.65	99900
06/17/15	62.25	62.25	60.3	60.5	212050
06/16/15	61	62.3	60	62.3	145970
06/15/15	60.5	62.5	59.75	62.5	215780
06/11/15	60.5	61.5	59.9	59.95	166000
06/10/15	60	60	59.9	60	126780
06/09/15	60	60	59.3	60	327770
06/08/15	63	63	60.5	61	519390
06/05/15	63.4	63.4	62.15	62.15	265680
06/04/15	63.2	63.95	63.2	63.4	54220
06/03/15	65	65	62.55	62.55	406850
06/02/15	65.95	65.95	64.6	65	117080
06/01/15	65	65.95	63.95	65.95	71980
05/29/15	64.1	65.4	64	65	109910
05/28/15	65.3	65.9	63.5	64.5	259570
05/27/15	66	66	64.85	65.3	138020
05/26/15	66.4	66.5	64.9	65.6	289090
05/25/15	65.2	65.8	65	65.8	155940
05/22/15	65.3	65.8	65.1	65.2	104810
05/21/15	65.25	66.5	65.15	65.3	194360
05/20/15	66.3	66.3	65.3	65.3	358420
05/19/15	66.25	66.45	66.05	66.15	187130
05/18/15	67	67	66.25	66.25	247100
05/15/15	66.95	67	66.5	66.5	133760
05/14/15	66.5	67	65.95	66.95	320820
05/13/15	66.5	67.05	66.5	66.5	174890
05/12/15	67.95	67.95	66.45	66.45	159440
05/11/15	66.85	68.1	66.75	67.95	225910
05/08/15	67.2	67.2	66.85	66.85	321620
05/07/15	67.25	67.7	67.2	67.2	130920
05/06/15	67.6	68	67.15	67.25	139070
05/05/15	67.95	68	67.15	67.4	173940
05/04/15	69	69	67.75	67.95	99350
04/30/15	69	69	67.75	68.5	184960
04/29/15	68	69.05	67.7	69	307150
04/28/15	68.5	68.5	67.5	67.7	229630
04/27/15	68.35	69.8	67.6	67.6	510810
04/24/15	69.5	69.5	68	68	210130
04/23/15	69.2	69.2	68.55	68.55	79790
04/22/15	69.55	69.55	68.6	69.2	282530
04/21/15	70	70	69	69.5	510340
04/20/15	68.15	70.25	68.15	69.55	854470
04/17/15	68.8	69.85	68.15	69.4	390770
04/16/15	70.25	70.75	67.8	67.8	390550
04/15/15	71.1	71.55	69.5	69.55	724200
04/14/15	70.45	71.6	70.3	71.1	1460930
04/13/15	67.6	71.8	67.5	71.8	1326930
04/10/15	67.9	68	67.2	67.7	367240
04/08/15	68	68	67.1	67.2	405820
04/07/15	68	68	67.6	67.8	181610
04/06/15	68.55	68.9	67	68	286570
04/01/15	67.65	68	66.8	67	291490
03/31/15	68	68	67.25	67.45	288140
03/30/15	68	68.25	67.5	68	465160
03/27/15	68	69	67	67	808920
03/26/15	68.15	68.5	67.5	67.65	669990
03/25/15	68.9	68.9	68	68.15	447640
03/24/15	68.55	68.9	68	68.3	811500
03/23/15	68	69.75	68	68.5	712290
03/20/15	70.3	70.3	66.7	67.95	16518400
03/19/15	71.55	71.7	70.1	70.3	461910
03/18/15	71.9	71.9	71.4	71.55	174400
03/17/15	73	73	70.8	71.9	411630
03/16/15	75.3	75.4	73	73	62730
03/13/15	75	75	73	73	253660
03/12/15	74	75	74	74.5	75130
03/11/15	74.45	75.75	74.05	74.05	41750
03/10/15	74.5	74.8	74.25	74.45	88750
03/09/15	74.2	74.5	74	74.45	181440
03/06/15	75	75	74.1	74.2	309480
03/05/15	75.6	76.85	75	75	608880
03/04/15	77.7	77.7	76.3	76.35	405260
03/03/15	78.2	78.2	77.2	77.3	163550
03/02/15	77.5	78.5	77.4	78.1	55850
02/27/15	77.9	77.9	77.4	77.5	135960
02/26/15	78	78.1	77.5	78	152260
02/25/15	78.65	78.65	77.5	78	106950
02/24/15	77.25	78.7	77.2	77.9	141990
02/23/15	77.5	77.5	77.2	77.25	169730
02/20/15	77.2	77.95	77.1	77.5	49160
02/18/15	77.6	77.8	77.2	77.2	124880
02/17/15	77.4	78	77.4	77.6	31260
02/16/15	78	78	77.4	77.4	189610
02/13/15	78.95	79	78	78	164850
02/12/15	78	79.5	78	79.15	115330
02/11/15	80	80.15	78	78	187760
02/10/15	81	81	80	80.05	183080
02/09/15	80.7	80.85	80	80.75	218330
02/06/15	79.9	81	78.05	80.7	353470
02/05/15	77.95	79.95	77.05	79.8	495170
02/04/15	78.15	78.15	76	78	217410
02/03/15	77	78.2	76.05	78.2	171320
02/02/15	76.95	77	76.6	77	122900
01/30/15	76.9	77	75.5	76.15	175000
01/29/15	76.05	76.9	75.3	75.3	182160
01/28/15	77	77	76	76.9	166560
01/27/15	77.1	77.1	76	76	140100
01/26/15	77.15	77.15	76.85	77.1	141050
01/23/15	77.25	77.25	76.8	77.15	88170
01/22/15	77.25	77.25	76.8	77.25	159250
01/21/15	77.3	77.3	77	77.25	241690
01/20/15	77.3	77.3	76.8	77.25	119440
01/19/15	77	77.3	76.7	77.2	24620
01/14/15	77.5	77.5	77	77.3	122220
01/13/15	77.5	77.65	77	77.4	134620
01/12/15	77.5	77.55	76	77.5	202410
01/09/15	77.1	78	77.1	77.8	376710
01/08/15	77	77.45	76.15	77.1	114290
01/07/15	77.45	77.45	76.35	77	165230
01/06/15	75.5	77	75.45	77	184490
01/05/15	74.9	76.5	74.55	76	98990