SM 1216

12/27/19	1068	1080	1039	1043	428450
12/26/19	1062	1075	1055	1056	534815
12/23/19	1056	1080	1056	1078	214485
12/20/19	1034	1065	1000	1065	765455
12/19/19	1051	1052	1027	1035	470420
12/18/19	1050	1069	1043	1055	285955
12/17/19	1073	1073	1045	1050	1374090
12/16/19	1071	1075	1055	1055	333580
12/13/19	1070	1071	1057	1069	724810
12/12/19	1055	1078	1055	1059	261830
12/11/19	1052	1079	1052	1068	189900
12/10/19	1060	1069	1051	1051	159510
12/09/19	1078	1078	1060	1060	463640
12/06/19	1080	1080	1064	1078	136840
12/05/19	1063	1080	1063	1070	797495
12/04/19	1077	1077	1060	1062	1592055
12/03/19	1078	1084	1062	1069	234010
12/02/19	1060	1080	1060	1080	179670
11/29/19	1090	1090	1056	1060	282645
11/28/19	1089	1095	1060	1070	324795
11/27/19	1090	1100	1087	1089	473390
11/26/19	1070	1091	1069	1091	962620
11/25/19	1056	1077	1054	1075	214695
11/22/19	1052	1066	1052	1066	211015
11/21/19	1070	1070	1050	1070	232485
11/20/19	1070	1070	1051	1070	122665
11/19/19	1069	1080	1061	1069	275130
11/18/19	1060	1075	1060	1068	856040
11/15/19	1070	1070	1050	1060	332730
11/14/19	1059	1070	1042	1070	281150
11/13/19	1068	1068	1051	1059	67420
11/12/19	1058	1068	1054	1068	129930
11/11/19	1060	1070	1060	1068	115410
11/08/19	1060	1070	1051	1070	658675
11/07/19	1070	1070	1052	1070	436675
11/06/19	1091	1091	1055	1057	219775
11/05/19	1034	1091	1034	1091	729660
11/04/19	1030	1035	1022	1025	1135880
10/31/19	1028	1030	1021	1030	1379265
10/30/19	1030	1030	1010	1027	696095
10/29/19	1016	1029	1010	1027	1155345
10/28/19	1029	1029	1010	1024	1117960
10/25/19	1036	1037	1013	1027	1126825
10/24/19	1014	1030	1006	1030	750560
10/23/19	1005	1014	1002	1014	600915
10/22/19	1004	1014	998.5	1014	1186165
10/21/19	1001	1006	990.5	1005	112125
10/18/19	1019	1019	1001	1003	75390
10/17/19	1004	1009	997.5	1006	1113685
10/16/19	995	1004	983	1004	650630
10/15/19	1010	1010	993.5	995	274055
10/14/19	1001	1019	1001	1010	107205
10/11/19	1000	1050	989	1010	299910
10/10/19	988	1000	988	1000	147550
10/09/19	1001	1005	987	987.5	145175
10/08/19	989	1009	975.5	1007	387830
10/07/19	986	991	975	975	772270
10/04/19	973	990	973	990	203420
10/03/19	983	983	971	973	756050
10/02/19	978	988	977.5	983	782330
10/01/19	981	992	981	987	350790
09/30/19	998	999	971	971	431690
09/27/19	1007	1007	995	1000	180785
09/26/19	1014	1014	1002	1007	101285
09/25/19	1006	1015	995	1015	217620
09/24/19	1005	1010	993	1010	588380
09/23/19	1004	1011	990	1010	150355
09/20/19	1005	1005	997	1000	1064800
09/19/19	1015	1019	1000	1005	82115
09/18/19	1000	1020	987	1020	625240
09/17/19	1015	1018	999.5	1000	190145
09/16/19	1017	1025	1011	1015	238930
09/13/19	1014	1030	1011	1017	135390
09/12/19	1020	1023	1011	1014	752220
09/11/19	1013	1025	1011	1025	323845
09/10/19	1028	1028	1012	1015	672070
09/09/19	1048	1048	1022	1030	99830
09/06/19	1028	1048	1026	1048	1047880
09/05/19	1027	1033	1012	1031	526530
09/04/19	1005	1032	997	1032	223630
09/03/19	1013	1035	994	994	196520
09/02/19	1018	1026	1014	1019	142645
08/30/19	1027	1037	1007	1026	541565
08/29/19	1008	1025	990	1020	248585
08/28/19	992	1007	985.5	1007	302150
08/27/19	990	1000	985.5	988	1102235
08/23/19	989	1004	987	1004	313215
08/22/19	998	1010	988	1000	543645
08/20/19	1020	1020	997	1010	322340
08/19/19	1025	1025	995	1020	407180
08/16/19	1018	1037	1008	1027	1552140
08/15/19	990	1020	979	1020	507205
08/14/19	980	1026	978	1004	338500
08/13/19	986.5	988	958	987	274520
08/09/19	990	997	977.5	986	375500
08/08/19	990	997	972.5	981	234490
08/07/19	967.5	990	960	990	293810
08/06/19	953.5	967	944.5	960	560170
08/05/19	1000	1005	968	968	367400
08/02/19	1000	1000	975	1000	803510
08/01/19	999.5	1000	975	1000	164710
07/31/19	1012	1012	981	999.5	293605
07/30/19	1020	1020	993	1013	863125
07/29/19	1015	1020	998.5	1020	264335
07/26/19	995	1011	993	1010	155370
07/25/19	996.5	1015	980	1015	241660
07/24/19	990	1007	988	990	174615
07/23/19	983	1004	976	1000	164870
07/22/19	975	990	975	983.5	695090
07/19/19	982	998.5	982	990	132940
07/18/19	980	1000	980	985	72860
07/17/19	990.5	1010	977	982	224550
07/16/19	996	1027	990	990	277195
07/15/19	970	1007	970	1007	488500
07/12/19	980	981	960	960	173480
07/11/19	981	992.5	980	980	148490
07/10/19	956	981	956	980	257120
07/09/19	959.5	960	945	950	763110
07/08/19	980	983.5	960	960	97110
07/05/19	978	992.5	978	983	70090
07/04/19	995.5	997	976.5	976.5	113800
07/03/19	996	997.5	981.5	994	673840
07/02/19	981	996	970	996	224940
07/01/19	970	981.5	965	981.5	112940
06/28/19	957	969	957	969	279190
06/27/19	952	975.5	951.5	975	258740
06/26/19	948.5	970	940	950	181680
06/25/19	964	972	956	960	119440
06/24/19	971	973	953	964	218230
06/21/19	970	970	951	966	550460
06/20/19	970	970	952	969.5	171090
06/19/19	948	975	942	975	186380
06/18/19	945	957.5	936.5	947.5	156910
06/17/19	940	958.5	932	945	201970
06/14/19	964	964	940	940	208510
06/13/19	955	965	935	960	229030
06/11/19	970	980.5	955	955	270260
06/10/19	960	975	953	971	170980
06/07/19	951	963	942	963	102590
06/06/19	952	965	940.5	965	263610
06/04/19	965	970	947	957	176810
06/03/19	942	974	942	960.5	372660
05/31/19	935	942	929.5	942	378160
05/30/19	936	942	929	929	348170
05/29/19	925.5	940	925	935.5	698570
05/28/19	915	927.5	904.5	925.5	996960
05/27/19	920	920.5	890.5	915	186520
05/24/19	922	922	900	920.5	174600
05/23/19	919	923	914	922.5	162350
05/22/19	902	920	900	916.5	191180
05/21/19	885	910	884	902	187600
05/20/19	888	898	877	884.5	432470
05/17/19	880	897.5	880	888	535930
05/16/19	891	899.5	880.5	885	469890
05/15/19	905	917	890	890	375270
05/14/19	924	924	900	902	573170
05/10/19	931.5	955	917	925	282970
05/09/19	950	956	931	940	480970
05/08/19	948	966	928	966	274680
05/07/19	950	955	940	949	201150
05/06/19	960	962	938	940	178970
05/03/19	960.5	977	960	960	228280
05/02/19	950	976.5	945	970	265450
04/30/19	940	951	939.5	950	216680
04/29/19	929	939	920	935	165280
04/26/19	944	950	930.5	931	175610
04/25/19	951.5	953	935.5	950	183520
04/24/19	930.5	950	930.5	950	141690
04/23/19	940	940	930	930	97040
04/22/19	932	940.5	932	940	73580
04/17/19	940	943	925	930	91000
04/16/19	926.5	943.5	925	940	138960
04/15/19	945	945	922.5	922.5	166070
04/12/19	959	960	943	943	223640
04/11/19	967	967	950	958	95060
04/10/19	965	971	957	967	344610
04/08/19	944	966	944	953	181630
04/05/19	947	948.5	940	944	70570
04/04/19	945	948.5	939	945	168580
04/03/19	941	947.5	935.5	945	147080
04/02/19	927	949	926	941	204480
04/01/19	936.5	949.5	922.5	925	249330
03/29/19	949	954.5	934	934	158440
03/28/19	944.5	950	942.5	945	95300
03/27/19	946	946	935	945	236160
03/26/19	936	948.5	936	945	200900
03/25/19	968	968	931	934	268470
03/22/19	963	980	961.5	970.5	237150
03/21/19	949	966	949	966	189320
03/20/19	956	956	931.5	950	118770
03/19/19	949.5	955	938.5	951.5	167480
03/18/19	934	949.5	930.5	949.5	103500
03/15/19	925	934	901.5	934	1146550
03/14/19	928.5	936	925	925	238530
03/13/19	927.5	940.5	926	931	185490
03/12/19	930	946	925.5	946	188190
03/11/19	950	950	920	925	334190
03/08/19	955	968	940	940	99050
03/07/19	967	969	955	969	72140
03/06/19	945	969	945	969	73540
03/05/19	940	954	940	941.5	244750
03/04/19	940	949.5	938	940	205230
03/01/19	944	954	934.5	940	409960
02/28/19	970	970	930	940	646050
02/27/19	970.5	980	960	966	231270
02/26/19	989	989	972	985	175300
02/22/19	984	984	955	980	264500
02/21/19	980	984	967.5	972	189180
02/20/19	969	986	968	980	208590
02/19/19	970	984	965	970	177280
02/18/19	971	994.5	961	970	242880
02/15/19	989	989	969.5	970	292000
02/14/19	982	995	970	990	191030
02/13/19	999	999.5	968.5	983	420680
02/12/19	1004	1005	985	986	217690
02/11/19	1010	1010	999.5	1000	80380
02/08/19	1000	1010	985.5	1010	261250
02/07/19	985	1005	984	1000	150460
02/06/19	1000	1025	980	980	270280
02/04/19	1012	1014	992	997	225610
02/01/19	990	1019	990	1015	309660
01/31/19	979.5	997	975	990	478750
01/30/19	972	976	954.5	975	296090
01/29/19	979	979	963	971	345240
01/28/19	987	1001	970	970	259620
01/25/19	990	995	978	989	419830
01/24/19	974.5	990	970.5	990	265310
01/23/19	966.5	976	954	976	161350
01/22/19	970	982.5	970	976	188100
01/21/19	980	984	960	970	105240
01/18/19	956	979	956	976	286650
01/17/19	959	970	947	953	270820
01/16/19	980	980	950	960	244900
01/15/19	990	990	971	980	402910
01/14/19	985	992	966.5	992	309730
01/11/19	990	994.5	960	985	289670
01/10/19	994	995	976	985	442820
01/09/19	957.5	995	950.5	995	776700
01/08/19	944	955.5	932	938	226340
01/07/19	960	981	940	940	328330
01/04/19	951	965	946	946	591270
01/03/19	915	958	914.5	958	689420
01/02/19	927.5	928	910	915.5	165080
12/28/18	925	926	915	917.5	316700
12/27/18	912.5	929	909	929	235390
12/26/18	910	927	907.5	911	145510
12/21/18	918	921	906	910	558390
12/20/18	930.5	939	930	930	232230
12/19/18	910	950	907	950	234180
12/18/18	933	933	910.5	920	279950
12/17/18	942	950	932	940	134540
12/14/18	948	962	947	952.5	158940
12/13/18	943	968	934	955	129180
12/12/18	921	945	915	945	282050
12/11/18	915	925	906.5	920.5	230410
12/10/18	932.5	938	900	900	394770
12/07/18	946	957.5	935	940	219040
12/06/18	960	965	942	950	414230
12/05/18	941.5	976.5	941.5	960	341880
12/04/18	948	980	948	980	610900
12/03/18	920	958	920	948	428860
11/29/18	921	933	908.5	908.5	1054100
11/28/18	915	924	910	915	198090
11/27/18	915.5	928	915	915	425440
11/26/18	911	920	911	915	212830
11/23/18	925	925	911	914	293200
11/22/18	920.5	940	910	914.5	235920
11/21/18	928	930	912	920	222210
11/20/18	919	960	912	940	336800
11/19/18	890	928	890	928	331940
11/16/18	890	908	878	890	405010
11/15/18	884	888	878	880	207660
11/14/18	882	898.5	873.5	898.5	226430
11/13/18	889	890	870	878	431720
11/12/18	890	900	870	889.5	80910
11/09/18	890	914	872.5	888	136090
11/08/18	880	890	866	884	228500
11/07/18	920	920	867.5	880	300860
11/06/18	910	925	910	920	173090
11/05/18	912	922	905	910	492910
10/31/18	883.5	908	883.5	900	380410
10/30/18	899.5	899.5	880	884	67010
10/29/18	893	900	870	900	170530
10/26/18	868	895	867	895	176080
10/25/18	873	879.5	855	860	241250
10/24/18	880	897	871	883.5	58100
10/23/18	889	891	878	888	278850
10/22/18	867	883.5	860	878	145520
10/19/18	865	866	853.5	865	170390
10/18/18	850.5	868	842.5	868	185470
10/17/18	860.5	865	850	850	398730
10/16/18	850.5	857.5	841	850	320190
10/15/18	871.5	874	850	850	183750
10/12/18	850.5	871.5	850	871.5	195650
10/11/18	869.5	869.5	831	850.5	393560
10/10/18	890	890	866.5	879	143160
10/09/18	870	880	868	880	120990
10/08/18	870	879.5	866	866	346550
10/05/18	869.5	875	866.5	870	259030
10/04/18	859.5	878.5	859.5	875	734740
10/03/18	875	892.5	871	875	105960
10/02/18	881	882	870	875	455700
10/01/18	900	903	880	880	292940
09/28/18	898	912	896.5	904	517870
09/27/18	885	899	866	899	225810
09/26/18	866	873.5	852.5	873.5	510200
09/25/18	890	890	866	866	151150
09/24/18	881	893.5	881	890	136180
09/21/18	870	892	866	892	786440
09/20/18	900	900	862	862	284060
09/19/18	895	910	888.5	890	241000
09/18/18	921.5	922	890	891	444500
09/17/18	935	940	921	922	169890
09/14/18	950	950	925	935	229590
09/13/18	941	950	937	948	208180
09/12/18	950	950	932.5	942	124780
09/11/18	938	950	925	950	171790
09/10/18	935	954	920	950	228990
09/07/18	940	941.5	920	938	247960
09/06/18	949	960	928	959	288290
09/05/18	969	969	945	960	233290
09/04/18	970	973.5	963	971	213350
09/03/18	975.5	975.5	966	970	197900
08/31/18	964.5	967	956	966	241160
08/30/18	970	975	959.5	965	180700
08/29/18	970	973.5	956	963.5	278000
08/28/18	948.5	983	948.5	970	454680
08/24/18	940	950	939	948	243070
08/23/18	931	950	930.5	939	283700
08/22/18	918	936.5	913	936.5	211260
08/20/18	927.5	942.5	908	918	214780
08/17/18	940	944.5	921.5	927.5	358580
08/16/18	930	930	920	930	137430
08/15/18	928	940	928	928	144610
08/14/18	933	933	918	926	208570
08/13/18	953	953	930	933	312160
08/10/18	957	978	954	956	267370
08/09/18	965	975	952.5	960	131030
08/08/18	959	969.5	950	964	255010
08/07/18	979	979	955	958.5	166560
08/06/18	986	986	966	979	170130
08/03/18	979.5	986	967.5	986	222280
08/02/18	985	985	978.5	979.5	181910
08/01/18	950	990	950	990	394990
07/31/18	952	958	940	950	306830
07/30/18	952	965	952	965	253290
07/27/18	965	965	945	960	241570
07/26/18	941	969	941	969	580280
07/25/18	901.5	950	901.5	933	499770
07/24/18	878	912	878	912	139310
07/23/18	890	894	879.5	885	210820
07/20/18	891.5	913.5	878	890	240220
07/19/18	919	919	899	900	188860
07/18/18	900	925	900	910	272350
07/17/18	908	908	899	900	109960
07/16/18	915	915	900	901	98190
07/13/18	910	924	910	916	332570
07/12/18	914.5	916.5	900	909	251600
07/11/18	895	916.5	894	916.5	314740
07/10/18	899	899	874.5	880	206130
07/09/18	879	890	878.5	890	71810
07/06/18	890	892.5	870	879	217670
07/05/18	910	912	890	890	275100
07/04/18	915	925	900	925	384330
07/03/18	886.5	915	886.5	915	290650
07/02/18	875	907	863	900	225310
06/29/18	850	875	850	875	453300
06/28/18	868	875	850.5	851.5	256510
06/27/18	839	881	837	875	294350
06/26/18	845	845	830	837	425350
06/25/18	894	894	845	845	396160
06/22/18	861	882	826	868	479620
06/21/18	875	880	859.5	866	480150
06/20/18	885	885	872.5	875	341880
06/19/18	878	887	870	879	997490
06/18/18	884.5	899	870	899	365600
06/14/18	895	907.5	888	902.5	720040
06/13/18	912	923	897.5	900	489350
06/11/18	919	929.5	903	928	123540
06/08/18	926.5	926.5	907.5	917.5	134590
06/07/18	904.5	931	901.5	931	211740
06/06/18	895	912	895	905	76650
06/05/18	880.5	912.5	868.5	912.5	160430
06/04/18	905	905	875	879	178650
06/01/18	868	906.5	860	906.5	189870
05/31/18	856	870	856	868	853120
05/30/18	860	863	850	860	433140
05/29/18	885	885	858.5	859.5	198240
05/28/18	879	882	857	882	189800
05/25/18	860	867	854	867	253810
05/24/18	852	872.5	852	863	225550
05/23/18	884	885	850	850	568220
05/22/18	890	890	881	881	204180
05/21/18	882.5	900	882.5	884	235190
05/18/18	914	914	881.5	881.5	311130
05/17/18	928	928	905	905	528070
05/16/18	935	935	915	923	323880
05/15/18	917	937	911	937	500480
05/11/18	909	928	908	918	211280
05/10/18	911	920	903	905.5	217060
05/09/18	919.5	920	903	920	106650
05/08/18	904	920	902	905	215110
05/07/18	908	912.5	901.5	905	231050
05/04/18	902	920	890	915.5	389950
05/03/18	950	950	900	900	333980
05/02/18	940	960	931.5	947.5	382240
04/30/18	910	940	907	940	384260
04/27/18	899	910	888.5	910	304980
04/26/18	885	891.5	880.5	886.5	263660
04/25/18	894	897.5	880.5	882.5	208440
04/24/18	900	900.5	893	895	186640
04/23/18	903	915.5	895	906	151070
04/20/18	910	920	901	901	183260
04/19/18	910	920	886	900	650110
04/18/18	934	940	911.5	920	203650
04/17/18	930	948	915.5	918	222770
04/16/18	949	949	928	934	150650
04/13/18	991	991	940	940	476570
04/12/18	985	995	980	988	206990
04/11/18	984	998	984	985	294950
04/10/18	971	988.5	970	983	315940
04/06/18	974	976	969.5	976	296260
04/05/18	976	976	962	974	171960
04/04/18	975	975	946	960	480880
04/03/18	937	975	936.5	975	367970
04/02/18	921	945	921	945	179470
03/28/18	935	939	917	917	296450
03/27/18	940	959	930	948	234760
03/26/18	949	950.5	910.5	940	267950
03/23/18	940	951	936	949	336060
03/22/18	930	980	923	980	596080
03/21/18	945	945	920	930.5	385520
03/20/18	938	950	917.5	949	355610
03/19/18	940.5	941	933	940.5	264190
03/16/18	915.5	940	906	937	1017490
03/15/18	947	947	912.5	912.5	365140
03/14/18	970	970	941	949.5	327950
03/13/18	963.5	967	955.5	963	273750
03/12/18	969	978	957	964	215890
03/09/18	954	958	945	958	106480
03/08/18	946.5	958	941	958	124880
03/07/18	951	958	940	958	356520
03/06/18	952	955.5	940	949	476300
03/05/18	965	965	945	952	278410
03/02/18	950	970	941.5	970	213210
03/01/18	942.5	968.5	940.5	966	279190
02/28/18	959	980	940	940	566470
02/27/18	980	980	960.5	970	292610
02/26/18	956	960	936	955	350680
02/23/18	961.5	967.5	953	960	297580
02/22/18	985	987.5	935	950	454280
02/21/18	995	1000	985	985	411200
02/20/18	995	1000	985	999	244370
02/19/18	988	1006	980	985	300880
02/15/18	995	996	970	989	294830
02/14/18	985	993	971	993	326890
02/13/18	980	992	975.5	990	400220
02/12/18	986	987	969	980	248780
02/09/18	973	985	941	985	581360
02/08/18	990	994	977	980	381670
02/07/18	1015	1020	973	990	777310
02/06/18	980	1012	960	1000	719865
02/05/18	1000	1005	983	1005	499545
02/02/18	1024	1030	1010	1030	728100
02/01/18	1018	1046	1018	1024	438220
01/31/18	1060	1061	1010	1025	1231500
01/30/18	1120	1120	1073	1090	475985
01/29/18	1140	1142	1111	1123	270115
01/26/18	1100	1140	1076	1140	343345
01/25/18	1071	1100	1061	1100	254320
01/24/18	1092	1092	1076	1088	341800
01/23/18	1070	1095	1057	1095	323630
01/22/18	1059	1075	1053	1070	431300
01/19/18	1042	1060	1038	1060	212160
01/18/18	1048	1050	1036	1042	255995
01/17/18	1049	1054	1036	1048	323045
01/16/18	1049	1065	1030	1049	244280
01/15/18	1032	1054	1025	1040	222375
01/12/18	1040	1044	1026	1029	235085
01/11/18	1040	1040	1012	1024	761265
01/10/18	1046	1059	1041	1046	277465
01/09/18	1025	1067	1025	1046	372515
01/08/18	1043	1050	1020	1025	444825
01/05/18	1050	1080	1020	1020	711310
01/04/18	1040	1072	1032	1050	1138305
01/03/18	990	1048	990	1040	436580
12/29/17	995	1009	987.5	990	524830
12/28/17	989.5	1000	980	980	276060
12/27/17	984.5	989.5	973	989.5	189400
12/22/17	971	984.5	970	984.5	159630
12/21/17	973.5	973.5	970.5	971.5	375450
12/20/17	975	975	970.5	973.5	166440
12/19/17	976	978	969	975	230420
12/18/17	974.5	978.5	973	974.5	350950
12/15/17	986	986.5	963	974.5	851120
12/14/17	980	997	977.5	997	325770
12/13/17	989.5	989.5	970	975	419030
12/12/17	997	997	985	990	338060
12/11/17	982	999	982	997	374410
12/08/17	977.5	984	962.5	980.5	280710
12/07/17	958.5	978	958.5	978	220030
12/06/17	968	972	954.5	958.5	261250
12/05/17	958	963.5	952	960	1159680
12/04/17	956.5	961.5	951	959	271150
12/01/17	970	979	957	963	490600
11/29/17	959	975	959	970	643650
11/28/17	970	970	959	970	120880
11/27/17	982	982	955	970	261210
11/24/17	971	983.5	960	983.5	342250
11/23/17	966	975	959	972.5	159260
11/22/17	978.5	990	958	958	194560
11/21/17	980	980	966	973	462550
11/20/17	977	995	965.5	980	371980
11/17/17	958	976.5	950	965.5	146820
11/16/17	939	966.5	939	941.5	518680
11/15/17	960	964	944	964	257840
11/14/17	954	975	940.5	975	315470
11/13/17	981	990	953	953	182520
11/10/17	989	997	970	980	246960
11/09/17	972.5	990	972	980	337290
11/08/17	975	983	967	972.5	162350
11/07/17	994	994	970	975	298510
11/06/17	967.5	998	967.5	998	169500
11/03/17	990	1005	967	967	1197750
11/02/17	955	990	953	980	366620
10/30/17	950	959	940	955	216990
10/27/17	947	947	931	935	353320
10/26/17	960	960	944	947	196930
10/25/17	940	960	940	960	247690
10/24/17	952	968	940	940	600180
10/23/17	985	990	948	950	135690
10/20/17	957	990	957	979.5	180010
10/19/17	980	980	953.5	970	226240
10/18/17	990	990	947	964	275940
10/17/17	960	991	956	980	384860
10/13/17	947	957	939	952	308220
10/12/17	930	950	928	942	351350
10/11/17	947.5	950	925	928	359600
10/10/17	918.5	950	915.5	940	842710
10/09/17	920	920	909	918.5	217150
10/06/17	904	925	899.5	911	436040
10/05/17	909	909	898	899.5	539730
10/04/17	902	912.5	902	907	397900
10/03/17	897	908	897	902	374040
10/02/17	885	903.5	885	897	415290
09/29/17	870.5	917	870	883	1273200
09/28/17	878	880	865	873.5	524560
09/27/17	864.5	875	859	875	695970
09/26/17	877	877	858	875	406910
09/25/17	864.5	878	860	878	179000
09/22/17	862	869	861.5	864	133370
09/21/17	860	870	858	862	293620
09/20/17	855	860	851.5	855	147980
09/19/17	865	866	839	848	613060
09/18/17	833	870	828.5	868.5	1062760
09/15/17	821	835	817	835	823510
09/14/17	813	829.5	813	825	429250
09/13/17	830	830	812	812	612730
09/11/17	818	829.5	811.5	829	149280
09/08/17	822	822	814.5	818	187440
09/07/17	812	827	812	818	560270
09/06/17	820	828	814	815.5	253480
09/05/17	825	831	815	831	175060
09/04/17	819	827.5	812.5	824	317580
08/31/17	827.5	827.5	810.5	810.5	464080
08/30/17	824	830	811	820	231520
08/29/17	820	831.5	815	816	346110
08/25/17	815	828	815	821	97390
08/24/17	825	825	815.5	816.5	131720
08/23/17	823	823	813.5	817	246990
08/22/17	828	828	812.5	823	333500
08/18/17	834	834	825	828	153450
08/17/17	831	838	824	830	243320
08/16/17	825	844	825	831	313330
08/15/17	835	835	823.5	828	198990
08/14/17	829.5	831	821	829.5	240810
08/11/17	819	829.5	812	829.5	328980
08/10/17	830	831	825	829	130950
08/09/17	827	830	814.5	830	287440
08/08/17	815	825.5	813.5	820	328710
08/07/17	797	818	797	813.5	214040
08/04/17	800	802	799.5	800	150900
08/03/17	800	807	794	801	185710
08/02/17	808	829	797	797	605150
08/01/17	807	808	799.5	807.5	270170
07/31/17	805	807	785	807	310380
07/28/17	800	807.5	793	805	342340
07/27/17	793	803.5	793	800	482720
07/26/17	794	795	785	788	497030
07/25/17	790	790	782	788	187760
07/24/17	799.5	799.5	785.5	788	244010
07/21/17	790	800	782.5	800	257260
07/20/17	796	797.5	790	791	396070
07/19/17	795.5	802	790	797.5	388260
07/18/17	794.5	800	790.5	795.5	220090
07/17/17	792	800	790	795.5	246380
07/14/17	791.5	793.5	786	789.5	373240
07/13/17	791.5	807.5	791	791.5	486270
07/12/17	790	792	788	791	501340
07/11/17	791	791	789	790	345360
07/10/17	790.5	790.5	789	790	517090
07/07/17	793	793	786	791	156200
07/06/17	793	794	792.5	793	226960
07/05/17	791	793.5	789	791.5	348440
07/04/17	793	795	790.5	792	168020
07/03/17	799	799	790.5	795	270160
06/30/17	785	804	776	803	1559090
06/29/17	794	794	784.5	790	420820
06/28/17	796	796	783	787	230220
06/27/17	797	798	783	789	232760
06/23/17	785	785	777	783	377600
06/22/17	791	791.5	780.5	785	652170
06/21/17	793.5	793.5	787.5	791	340490
06/20/17	793	800	791.5	792.5	342380
06/19/17	794	796	788	792.5	341810
06/16/17	791	800	775	775	800000
06/15/17	800	805	798	799.5	386880
06/14/17	798	798	788	792.5	299910
06/13/17	800	800	788	790	447030
06/09/17	798	804	790.5	798	246650
06/08/17	808	808	786	794	678500
06/07/17	783	809.5	783	809.5	466830
06/06/17	795	795	780	780.5	374280
06/05/17	782.5	799	779.5	790	502850
06/02/17	786	798	767.5	767.5	296180
06/01/17	770	784	770	783.5	507190
05/31/17	773.5	774	767	770	902900
05/30/17	780	780	772.5	773.5	275720
05/29/17	777	787	776	777	297220
05/26/17	780	780	776	777	468890
05/25/17	782	786.5	779.5	780	133900
05/24/17	787	787.5	776	780.5	237670
05/23/17	779	790	779	788	160770
05/22/17	775	779.5	775	779	232780
05/19/17	779	783	772	775	483100
05/18/17	773.5	779	765	779	438720
05/17/17	775	784	774	778	343920
05/16/17	772.5	779.5	770	772	651840
05/15/17	770	788	770	773	285370
05/12/17	773	775	763	770	640860
05/11/17	762	774	762	773	360520
05/10/17	780	784.5	755	760	507050
05/09/17	790	800	775	784	767660
05/08/17	775	786	765	777	828360
05/05/17	753.5	778	751	774	1280590
05/04/17	745.5	759.5	744.5	755	404490
05/03/17	744	751	744	745	210970
05/02/17	736	745.5	735	740	433460
04/27/17	731	732	725	728	200180
04/26/17	727	736	724	731	350940
04/25/17	710	735	709.5	727	555470
04/24/17	706	720	706	709.5	436800
04/21/17	729	729	710	711	252390
04/20/17	708	721.5	708	718.5	545360
04/19/17	717	719.5	708	711	383170
04/18/17	723	723	714	718.5	81070
04/17/17	715	728.5	715	721	207150
04/12/17	720	734	714	719	406220
04/11/17	730.5	738	705	723	317780
04/10/17	738	745	720	727	387030
04/07/17	738.5	747	734.5	738	697220
04/06/17	730	755	730	738	818770
04/05/17	705	730	705	730	735990
04/04/17	698.5	707	694	701	543680
04/03/17	697	698.5	697	698.5	395850
03/31/17	696.5	698	694.5	697	1045880
03/30/17	693	697	693	696	749370
03/29/17	670	694	670	694	897710
03/28/17	665	682.5	665	680.5	424470
03/27/17	657	665	653	659	143120
03/24/17	655	666.5	655	666	769240
03/23/17	658	663	653	658	221980
03/22/17	654	654	645	647	385950
03/21/17	658	660.5	654	656	399180
03/20/17	660	670	656	659	875990
03/17/17	649	677	642	662	835800
03/16/17	655	655	645	649.5	404400
03/15/17	657	657	641.5	649.5	444180
03/14/17	650	661.5	648.5	652.5	318490
03/13/17	648	652.5	638.5	645.5	784480
03/10/17	659	659.5	599	599	1400790
03/09/17	655	665.5	655	660	393240
03/08/17	671	671	655	655	237760
03/07/17	670	670	658.5	660	450740
03/06/17	656	670	653	670	376810
03/03/17	663.5	663.5	655	656.5	237150
03/02/17	659	669.5	659	663.5	282840
03/01/17	662	662	657	660	234780
02/28/17	666	670	661	663	461760
02/27/17	668	671	666	666	457710
02/24/17	680	680.5	668	668	404280
02/23/17	680.5	684.5	676.5	680	186100
02/22/17	680	680.5	671.5	680	222600
02/21/17	680	683	677	680	340760
02/20/17	680	682.5	673	680	84650
02/17/17	675	677.5	667.5	671.5	405650
02/16/17	656	679	656	675	557850
02/15/17	662	662	656	656	517300
02/14/17	678.5	680	662	662	524570
02/13/17	671.5	681	671.5	679	251910
02/10/17	684.5	685	670.5	671	397840
02/09/17	691	691	680.5	684	280820
02/08/17	693	693	686	691	184530
02/07/17	697.5	697.5	675	682	338170
02/06/17	695	700.5	690	697.5	216590
02/03/17	691.5	695	683	692	312610
02/02/17	700	701	686	695	401470
02/01/17	698	700	696	700	179310
01/31/17	705	705	686	690	266070
01/30/17	705	706	700	700	218100
01/27/17	710	710	703	705	172860
01/26/17	701.5	713	701.5	710	285680
01/25/17	710	713	701.5	710.5	343730
01/24/17	705.5	712.5	701.5	710	1160630
01/23/17	670	706	670	706	283620
01/20/17	684	684	670	670	222410
01/19/17	680	682.5	678.5	680	380050
01/18/17	680	680	675	678	216070
01/17/17	686.5	686.5	675.5	683	113360
01/16/17	681	688	679.5	686.5	91330
01/13/17	677	685.5	677	681	181990
01/12/17	685.5	689	677	677	300280
01/11/17	685	708	680	680	478560
01/10/17	688	694.5	682	690	452490
01/09/17	690	690	670	690	402560
01/06/17	680	690	678	690	482840
01/05/17	657	690	650	689	781120
01/04/17	650	663	641	650	333050
01/03/17	654	658	635	650	147450
12/29/16	656	656	636.5	655	450410
12/28/16	628	657	627	657	151970
12/27/16	615	627	605	627	93530
12/23/16	603	615.5	602	615	335910
12/22/16	616	616	604.5	608	493770
12/21/16	624	629	614	618	605400
12/20/16	635	637	618	624	550270
12/19/16	635.5	650	630	637	203530
12/16/16	633	651	633	651	275160
12/15/16	644	660.5	638	651	359970
12/14/16	638	651	638	650	924840
12/13/16	648	649	633.5	638	354430
12/12/16	650	650	624.5	645	218790
12/09/16	658	659.5	645	650	630580
12/08/16	650	653	648	650	442930
12/07/16	634	649.5	630	645	176190
12/06/16	626	634	626	634	212710
12/05/16	649.5	654	625	625	198900
12/02/16	632.5	650	632.5	650	300240
12/01/16	640	640	626	630	1216100
11/29/16	623	631.5	621	624	965010
11/28/16	640	640	623	625	633300
11/25/16	645	645	636	640	676850
11/24/16	634	644	628	642	790080
11/23/16	628	634.5	610	634.5	788670
11/22/16	662	662	622.5	622.5	718530
11/21/16	662	665	658	662	285940
11/18/16	665.5	671	662	665	262290
11/17/16	670	683	665	665.5	539120
11/16/16	660	678.5	660	665	343490
11/15/16	657.5	665	657	660	316260
11/14/16	653	656	649	653.5	520620
11/11/16	670	670	651	655	500580
11/10/16	680	680	666	669.5	401770
11/09/16	671	675	650	656	553770
11/08/16	682	682.5	667	671	269260
11/07/16	663.5	682	662.5	671	376810
11/04/16	661	669.5	661	668	284500
11/03/16	671	679.5	661	664	689720
11/02/16	681	681	669	671	323150
10/28/16	680	680	671	672	308040
10/27/16	682.5	682.5	677	680	521080
10/26/16	680	692	675	682	275740
10/25/16	685	695	685	688	217070
10/24/16	683	689	680	684.5	396960
10/21/16	697.5	699.5	695	697	380080
10/20/16	700	700	696	696.5	197990
10/19/16	693	703	693	700	862820
10/18/16	666.5	692	666.5	692	610870
10/17/16	662.5	670	662	665	167450
10/14/16	658	663.5	657	662.5	244700
10/13/16	661.5	669	656	656	487440
10/12/16	671	671	661	665	488290
10/11/16	673	673	668	671.5	420390
10/10/16	676	676	663	669	235620
10/07/16	677	677	669.5	675	238110
10/06/16	676	680	666	671.5	349210
10/05/16	688	688	670	677	209550
10/04/16	675.5	685	675.5	685	375260
10/03/16	674	677	670.5	675	186130
09/30/16	672.5	677	669.5	673.5	381040
09/29/16	670	672	664	670	296450
09/28/16	657	674	655	663	211100
09/27/16	661	661.5	657	658.5	276470
09/26/16	672	672	660	661	371160
09/23/16	676	676.5	666.5	669	407020
09/22/16	662.5	672	662.5	668.5	392600
09/21/16	670	670	656.5	656.5	411630
09/20/16	655	668	655	668	308150
09/19/16	660	660	654.5	655	370650
09/16/16	685	685	660	660	900720
09/15/16	664	685.5	664	685.5	383700
09/14/16	664.5	667	661.5	664	371500
09/13/16	668	675	662	667.5	443100
09/09/16	672	672	667	668.5	722750
09/08/16	666	673	660.5	668.5	386670
09/07/16	681.5	681.5	663	666	407630
09/06/16	688	688	676	678.5	347440
09/05/16	688	695	680	689.5	285440
09/02/16	675	690	675	689.5	399940
09/01/16	680	680	653.5	675	473430
08/31/16	673	683	670	680	523020
08/30/16	688	688	667.5	687	653400
08/26/16	687	690	675	690	354950
08/25/16	689	690	682.5	689	418310
08/24/16	692	693	688.5	690.5	399950
08/23/16	689	694	687	694	330280
08/22/16	688	695	685	695	279360
08/19/16	693	694	685	688	210270
08/18/16	690	695	684	695	188620
08/17/16	695	695	687	692	429490
08/16/16	681	695	680	695	341780
08/15/16	685	687.5	680	684	429500
08/12/16	695	697	680	685	380270
08/11/16	697	700	691	693.5	240080
08/10/16	697	697.5	689	693.5	146930
08/09/16	685	698	684.5	697	365170
08/08/16	678	685	677	680	219780
08/05/16	679	684	677	678	299510
08/04/16	684	687	675	678	272630
08/03/16	708	708	666	682.5	621980
08/02/16	709	709	703.5	705	231980
08/01/16	691	709	691	708.5	334320
07/29/16	686	722	684	689	532160
07/28/16	682	686	674.667	683.333	515467.4843
07/27/16	678.667	683.333	678.667	680.667	443384.9865
07/26/16	685.333	685.333	670	670	394057.488
07/25/16	686.667	686.667	682.667	684	542377.4835
07/22/16	683.333	685.333	682.667	683.333	385289.9882
07/21/16	674.667	684	674.667	683.333	946799.9711
07/20/16	672	678	672	678	807854.9754
07/19/16	673.333	676	669.333	673.333	759074.9768
07/18/16	670	672.667	667.333	669.333	182219.9944
07/15/16	666.667	678	666.667	674	871004.9734
07/14/16	666.667	670	646.667	666.667	670634.9795
07/13/16	670.667	674	665.333	665.333	633652.4807
07/12/16	666	672	664.667	670	631424.9807
07/11/16	663.333	668	658	666	696524.9788
07/08/16	660	660	657.333	658	608594.9814
07/07/16	660	663.333	656	656.667	252209.9923
07/05/16	664.667	666.667	658.667	660	351269.9893
07/04/16	669.333	669.333	658	660	438779.9866
07/01/16	653.333	670	650.667	660	416354.9873
06/30/16	663.333	677.333	640	644.667	837899.9744
06/29/16	652.667	663.333	646.667	663.333	380129.9884
06/28/16	638	647	638	646.667	223079.9932
06/27/16	640	653	632	646.667	181259.9945
06/24/16	660	665	633	643.333	323024.9901
06/23/16	656.667	660	650.667	660	182489.9944
06/22/16	660	664.333	653.333	653.333	244829.9925
06/21/16	658.667	665.333	656	664	322934.9902
06/20/16	644	660	644	654.667	238019.9927
06/17/16	645.333	659.667	641	641	323654.9901
06/16/16	636.667	645.667	636.667	643.333	305459.9907
06/15/16	634	643.333	634	636.667	270059.9918
06/14/16	646.667	653.333	634	637.333	570614.9826
06/13/16	643.667	658	637.333	658	374189.9886
06/10/16	643.333	649.333	641.333	643.667	287549.9912
06/09/16	648	648	643.333	643.333	388049.9882
06/08/16	654	665.667	647.333	648.333	401879.9877
06/07/16	662.667	666.333	653.333	653.333	434324.9868
06/06/16	654	663.333	653.667	654.667	413204.9874
06/03/16	650	650.333	640	649	382064.9883
06/02/16	649.333	653.333	637	637	205964.9937
06/01/16	640	650	626.667	650	294884.991
05/31/16	633.333	640	614.667	626.667	949799.971
05/30/16	644	644.333	633.333	633.333	385949.9882
05/27/16	640.667	650	640.667	644	374459.9886
05/26/16	652	660	639.333	640.667	419084.9872
05/25/16	652.667	655.333	649	652	363059.9889
05/24/16	638	652.667	634.667	652.667	388259.9882
05/23/16	646	646	636.667	638	265739.9919
05/20/16	656.667	656.667	633.333	636.667	733364.9776
05/19/16	670.667	672	656	656.667	490139.9851
05/18/16	669.333	670.667	640.667	670.667	478102.4854
05/17/16	666	674.667	665.333	669.333	983009.97
05/16/16	638.667	666	638.667	666	496004.9849
05/13/16	630	665.333	628.333	653.333	827144.9748
05/12/16	642.667	645.333	630	631.667	236669.9928
05/11/16	640	645.333	638.333	642.667	736154.9775
05/10/16	608.333	630.667	608.333	628.667	708149.9784
05/06/16	610	612	602.667	608.667	323774.9901
05/05/16	613.667	613.667	611.333	612.333	437414.9867
05/04/16	618.333	618.333	611.667	614	364064.9889
05/03/16	620	625.333	617.667	618.333	373544.9886
05/02/16	628.667	628.667	615.667	620	336569.9897
04/29/16	632	633.333	628	629.333	295439.991
04/28/16	633.333	638.667	630.667	630.667	241454.9926
04/27/16	636.667	637.667	632.333	633.333	390119.9881
04/26/16	637.333	638.667	634	636.333	290324.9911
04/25/16	636.667	638.667	636.667	637.333	299549.9909
04/22/16	640	640	633.667	637	103094.9969
04/21/16	640	642.667	635.333	640	446129.9864
04/20/16	640	641.333	638.333	639.333	289499.9912
04/19/16	638.667	646.667	638.667	639.667	429899.9869
04/18/16	640	641.333	636	640	560864.9829
04/15/16	644.667	644.667	639.333	641.333	186209.9943
04/14/16	640	646.667	640	643.333	505739.9846
04/13/16	643.333	644.333	639.667	642	753254.977
04/12/16	640	640.667	636	640	762989.9767
04/11/16	646	646	639.333	640	222959.9932
04/08/16	643.333	646.667	638.333	640	425609.987
04/07/16	630.667	643	630.667	639.667	468374.9857
04/06/16	639.667	640.333	627	629.667	347504.9894
04/05/16	645.667	646.667	636.667	640	186284.9943
04/04/16	640	651.667	640	645	256514.9922
04/01/16	638.667	641	633.333	640	327389.99
03/31/16	642	648.667	629.667	633	660149.9799
03/30/16	640	654.667	635.333	635.333	617699.9812
03/29/16	646.667	646.667	636.333	639.333	310604.9905
03/28/16	660.333	660.333	642	646.667	651944.9801
03/23/16	650	660	650	660	344084.9895
03/22/16	663.333	664.667	658.667	659.667	523919.984
03/21/16	660	670.667	659.333	663	1267574.961
03/18/16	640	665	640	660	949499.971
03/17/16	631.333	639.333	629.333	638.667	393689.988
03/16/16	620	631.667	618.667	622.667	395549.9879
03/15/16	613.333	631.333	613.333	620	445529.9864
03/14/16	626.667	632.667	610	610	237749.9927
03/11/16	607.333	626.667	607.333	617.667	371669.9887
03/10/16	613.333	632	613.333	626.667	346994.9894
03/09/16	616	616	611.333	613.333	275924.9916
03/08/16	601	618	589.667	618	338789.9897
03/07/16	618	618	598.667	601	440279.9866
03/04/16	625.333	630.667	606.667	606.667	439319.9866
03/03/16	601.333	631.667	601.333	625.333	920579.9719
03/02/16	592	603.667	592	600.333	1032479.969
03/01/16	553.333	588	553.333	584.667	494144.9849
02/29/16	560.333	563.333	546.667	546.667	496709.9849
02/26/16	553.333	564.667	553.333	563.333	249074.9924
02/24/16	555.333	558.667	537.333	558.667	488054.9851
02/23/16	558.333	558.667	546.667	551.333	311234.9905
02/22/16	552.667	556.667	550	556.667	127559.9961
02/19/16	563.667	566.667	548.667	551.333	313874.9904
02/18/16	546	563.333	546	563.333	390929.9881
02/17/16	552.667	552.667	544.667	547.333	144884.9956
02/16/16	545.333	556.333	545.333	546.333	295394.991
02/15/16	542.667	545.333	540	545.333	247199.9925
02/12/16	534.333	550.333	534.333	542.333	285539.9913
02/11/16	536.333	543.333	536	536.667	501284.9847
02/10/16	549.333	549.333	535.333	542	347759.9894
02/09/16	564.667	564.667	549.333	550	46064.9986
02/05/16	560	567.333	559	564.667	179699.9945
02/04/16	557.667	562	545.333	560	643259.9804
02/03/16	553.333	553.333	535.333	540	417809.9873
02/02/16	554	557.667	553.333	553.333	372794.9886
02/01/16	553.333	557.333	536.333	553.333	384764.9883
01/29/16	543.333	554	540	551.667	611114.9814
01/28/16	520	546.667	513.333	543.333	651134.9801
01/27/16	506.667	521	500	520.333	367319.9888
01/26/16	506.667	507	496	502.333	435689.9867
01/25/16	510	521.333	493.333	521.333	206879.9937
01/22/16	509.333	509.333	485.333	493.333	388514.9882
01/21/16	515.667	515.667	493.333	493.333	597539.9818
01/20/16	526.667	533.333	516	520	308084.9906
01/19/16	533.333	533.333	518	533.333	116189.9965
01/18/16	517.333	538.667	517.333	533.333	277169.9915
01/15/16	543.667	543.667	533.667	539.333	279164.9915
01/14/16	526.667	531.333	516.667	529.333	141149.9957
01/13/16	520.667	541.333	520.667	540	208229.9936
01/12/16	513.333	526	513.333	516.667	291419.9911
01/11/16	534	535	513	513	485204.9852
01/08/16	534.667	547.333	534.333	538.667	336044.9898
01/07/16	560	572.667	540	540	120644.9963
01/06/16	570	570	560	560	216314.9934
01/05/16	559.667	572.667	557.333	566.667	249719.9924
01/04/16	571.333	571.333	559.333	561	189059.9942
12/29/15	576.667	578	560.667	576	239759.9927
12/28/15	553	576.667	553	576.667	107279.9967
12/23/15	572.333	576.667	569	576.667	160409.9951
12/22/15	570.667	570.667	560.667	569	171314.9948
12/21/15	560.667	570	544	570	149264.9954
12/18/15	560	563.333	542	563.333	417029.9873
12/17/15	556.667	566.667	556.667	566.667	338129.9897
12/16/15	541	552	541	552	466529.9858
12/15/15	544.333	546.667	536.667	540	231134.993
12/14/15	545.333	546	535.667	542.333	272984.9917
12/11/15	560.667	565.333	542.667	546.667	605309.9815
12/10/15	560	560.333	558.667	560	346859.9894
12/09/15	562	562	556.667	556.667	177209.9946
12/08/15	560.667	565.333	560	562	235784.9928
12/07/15	566	571.333	566	571	365234.9889
12/04/15	572	577.333	563.333	566	278879.9915
12/03/15	579.667	579.667	556.667	572	358514.9891
12/02/15	570	576.333	567.333	574.667	298154.9909
12/01/15	556.667	572.333	555	570	438959.9866
11/27/15	586.667	586.667	563.333	563.333	836459.9745
11/26/15	588.667	589.333	584.667	586.667	310199.9905
11/25/15	586	586.667	580	586.667	346484.9894
11/24/15	576.667	580	570.667	580	242849.9926
11/23/15	574.667	580	569.667	580	334589.9898
11/20/15	570	575.333	564	574.667	342494.9896
11/17/15	556	567.667	556	560	417209.9873
11/16/15	562.667	562.667	550.667	554	244124.9926
11/13/15	567.333	583.333	563.333	565.667	258764.9921
11/12/15	569.333	581.333	569.333	569.667	338234.9897
11/11/15	570	572	566.667	569.667	421724.9871
11/10/15	576	578	569.333	570	728024.9778
11/09/15	586.667	586.667	576	578.333	180974.9945
11/06/15	580	580.333	575.333	579.333	283619.9913
11/05/15	593.333	593.333	574.333	580	263534.992
11/04/15	586.667	592	581	592	258614.9921
11/03/15	583.333	587.333	580	586.667	553319.9831
11/02/15	578	583.333	576.667	583.333	330089.9899
10/30/15	581	589	581	583.333	482669.9853
10/29/15	588.333	588.333	579.667	581	555389.9831
10/28/15	594.667	594.667	584.333	588.333	445514.9864
10/27/15	598	598	593.333	595.333	414449.9874
10/26/15	595	600	595	597.333	488294.9851
10/23/15	586.333	591.667	586.333	590	798479.9756
10/22/15	583.667	585.667	575	583.333	402329.9877
10/21/15	585.333	585.333	580.667	583.667	369074.9887
10/20/15	582.667	584	580	584	366029.9888
10/19/15	581	581.333	569.333	573.667	386024.9882
10/16/15	591	591	581	581	356474.9891
10/15/15	591.333	595	583	586.333	361049.989
10/14/15	584	584	573.333	573.333	299144.9909
10/13/15	584.333	586.667	580	580	540884.9835
10/12/15	586	589.333	582	589.333	266369.9919
10/09/15	595.333	595.333	581.333	586	257324.9922
10/08/15	586.333	589.333	580	585.333	440024.9866
10/07/15	587.333	589.333	584.667	586.333	344729.9895
10/06/15	598	604.667	585.333	586.667	632804.9807
10/05/15	580	592.333	578.333	586	687794.979
10/02/15	592.333	592.333	570	580.333	469559.9857
10/01/15	591	596.667	586.333	592.333	132809.9959
09/30/15	593.333	595	587	593.667	508874.9845
09/29/15	568	583.333	566.667	583.333	338054.9897
09/28/15	590	590.333	570	573.333	238124.9927
09/24/15	585.667	592	566.667	586.667	441824.9865
09/23/15	586.667	592.333	573.333	585.667	434549.9867
09/22/15	593.333	598	591	593.333	407894.9876
09/21/15	593.333	598.667	588	593.333	537179.9836
09/18/15	603.333	609.333	586.667	586.667	1231604.962
09/17/15	596.333	603.333	591.667	600	605204.9815
09/16/15	596.667	596.667	590.667	594	391544.9881
09/15/15	580	593	580	590.333	137714.9958
09/14/15	562	596.333	562	596.333	174044.9947
09/11/15	571.333	571.333	561.333	561.333	338339.9897
09/10/15	563.333	567.667	560.333	563.333	401759.9877
09/09/15	569.333	571	560.667	563.333	284414.9913
09/08/15	574.667	574.667	558	566.667	551369.9832
09/07/15	582	582	570	574.667	275114.9916
09/04/15	590	590	574	582	323129.9901
09/03/15	590	591.333	588	590	326294.99
09/02/15	568	590.333	563.333	587.333	572024.9826
09/01/15	585.333	598.667	585	591.333	776909.9763
08/28/15	583.333	593.333	577.667	585.333	531974.9838
08/27/15	576.667	592	576.667	580	983489.97
08/26/15	579.333	580	570	572.667	673904.9794
08/25/15	534	593.333	534	593.333	402449.9877
08/24/15	586.667	586.667	540	560	972104.9704
08/20/15	598.667	600	594	598	455084.9861
08/19/15	597.333	599.333	591.333	598.667	310619.9905
08/18/15	600	600.333	598.667	600	154139.9953
08/17/15	618.667	618.667	598	600	351254.9893
08/14/15	601.333	622	601.333	619.333	766529.9766
08/13/15	599.333	611.333	599.333	609.667	369794.9887
08/12/15	600.667	601.333	596.667	600.667	543149.9834
08/11/15	600.333	601.667	600.333	601.667	463259.9859
08/10/15	600	610.667	598.333	600.333	255584.9922
08/07/15	609.333	609.667	599.333	600.333	473999.9855
08/06/15	605.333	613.333	605.333	610	218579.9933
08/05/15	606.667	615	605.333	613.333	222314.9932
08/04/15	601	606.667	593.333	606.667	383834.9883
08/03/15	598.667	601	585.333	601	477959.9854
07/31/15	585	597.333	583.333	595.333	366179.9888
07/30/15	585.333	586.667	584	585	462584.9859
07/29/15	593.333	593.333	580.667	584	423269.9871
07/28/15	603.667	605.333	588	593.333	416819.9873
07/27/15	600.667	606.667	600	605.333	427049.987
07/24/15	601.333	606.667	599.333	606.667	201314.9939
07/23/15	596	603.667	596	601.333	244844.9925
07/22/15	606.667	610	600	606.667	348704.9894
07/21/15	601.333	612.333	596.667	606.667	324224.9901
07/20/15	610	610	598.667	601.333	306614.9906
07/16/15	604	610	604	610	243689.9926
07/15/15	603.333	604.667	600.667	603.333	315419.9904
07/14/15	600.667	604	600.667	603.333	316979.9903
07/13/15	579.333	599.333	577.333	598	217679.9934
07/10/15	574.333	580	568	574.667	330599.9899
07/09/15	576	580	566.667	580	589994.982
07/08/15	585.333	586.667	576.667	580.667	458984.986
07/07/15	590	590	586.333	586.667	460109.986
07/06/15	590.667	590.667	587	587.667	647519.9803
07/03/15	593.333	593.333	588.333	590.667	549539.9832
07/02/15	599.333	602.333	595.667	598	431084.9869
07/01/15	590	602	590	600	360719.989
06/30/15	593.333	598.667	590	596.667	943859.9712
06/29/15	586.667	596.667	584.667	589.333	433874.9868
06/26/15	590.667	597.333	584	597.333	614504.9813
06/25/15	583.667	583.667	579.667	581	447869.9863
06/24/15	584	584	578	583.333	570419.9826
06/23/15	584.667	599.333	584	584	375524.9885
06/22/15	593.333	593.333	578.667	584.667	695099.9788
06/19/15	592.333	599.667	586.667	587.333	775754.9763
06/18/15	587.333	592	586	590.333	434144.9868
06/17/15	593.667	593.667	577.333	587.333	655769.98
06/16/15	594	595	592.667	593.667	448694.9863
06/15/15	593.333	599	586.667	594	324434.9901
06/11/15	587	593.333	581.667	593.333	316124.9904
06/10/15	582.667	585.333	573.333	585.333	194909.9941
06/09/15	582	582.667	570	582.667	488504.9851
06/08/15	583	586.667	579.333	584	212519.9935
06/05/15	588.333	593.333	583	583	198869.9939
06/04/15	592.667	592.667	582.333	590	425879.987
06/03/15	582	592.667	577.333	592.667	297659.9909
06/02/15	580.667	586.667	580.667	586.667	293084.9911
06/01/15	590	592	577.333	592	507749.9845
05/29/15	580	601.667	580	586.667	908534.9723
05/28/15	590	590	576	581.667	637649.9806
05/27/15	599.333	599.333	587	590	561389.9829
05/26/15	600	600	591.333	599.333	325094.9901
05/25/15	609.333	609.333	599	600	246104.9925
05/22/15	600	600	596.667	600	188189.9943
05/21/15	600	600.667	599.333	600	559439.9829
05/20/15	599.667	602.667	597	601.333	240224.9927
05/19/15	609.333	609.333	604	605.667	177929.9946
05/18/15	606.667	612.667	606.667	609.333	152549.9953
05/15/15	603.333	609.333	600	606.667	310739.9905
05/14/15	601.333	601.333	594.333	600	223634.9932
05/13/15	599	599.667	595.333	599	259784.9921
05/12/15	598.333	601.333	594	599.333	506519.9846
05/11/15	603.333	603.333	596.333	598.667	253604.9923
05/08/15	606.667	606.667	602	604	300179.9908
05/07/15	601.333	609.333	600.667	606.667	1006949.969
05/06/15	616.667	617.333	603.333	607	1214729.963
05/05/15	606.667	616.667	606.667	616.667	365474.9889
05/04/15	600.333	609.333	594.667	604.667	661469.9798
04/30/15	604.667	607.333	600.333	600.333	652169.9801
04/29/15	615.333	620	601.333	605.333	1046954.968
04/28/15	624.667	625.333	605.333	616.333	612854.9813
04/27/15	623.333	626.667	616	624.667	543959.9834
04/24/15	606	620	606	620	546374.9833
04/23/15	613.333	620	607.333	608.667	322649.9902
04/22/15	616.667	616.667	602	610	466214.9858
04/21/15	626	629.667	603.333	612	348344.9894
04/20/15	626	626	600.667	620	360974.989
04/17/15	624	631.667	618	620.667	406004.9876
04/16/15	617	624	611	624	541184.9835
04/15/15	630.333	630.333	606.667	617	429929.9869
04/14/15	630	630	621.667	626.667	491474.985
04/13/15	644.667	646.667	630	632.667	303224.9908
04/10/15	620.667	649.333	620.667	646.667	1409144.957
04/08/15	631.333	631.333	620.667	625.333	468809.9857
04/07/15	618.667	642.667	618.667	631.667	812189.9752
04/06/15	600	616.667	600	616	367529.9888
04/01/15	599.333	603.333	596.667	603.333	287264.9912
03/31/15	603.333	609.333	598.667	599.667	325364.9901
03/30/15	600	612	599.333	600	486329.9852
03/27/15	591.333	600	591.333	592.333	423824.9871
03/26/15	594.667	595	588	592.333	638969.9805
03/25/15	599.333	600	588.333	592	1023929.969
03/24/15	600	602.667	598.333	599.333	690854.9789
03/23/15	602	606.667	598.667	600	1197749.963
03/20/15	602.333	606.667	601.333	601.333	872834.9734
03/19/15	606	609.333	600	602.333	495929.9849
03/18/15	603	604.333	600.667	602.667	584159.9822
03/17/15	601.667	606.667	600	602.667	518999.9842
03/16/15	606.667	606.667	600	601.333	593954.9819
03/13/15	610	616.333	607	613.333	421229.9872
03/12/15	605.667	610	603.667	610	128834.9961
03/11/15	603.333	607.333	600.333	605.667	562559.9828
03/10/15	609.667	610	600	609.333	266564.9919
03/09/15	607.333	610	599.333	610	213314.9935
03/06/15	608.333	608.333	604.333	607.333	393374.988
03/05/15	605	611.333	605	608.333	517004.9842
03/04/15	600	610	600	602	589034.982
03/03/15	598	603.333	598	600	174539.9947
03/02/15	583.333	599.333	583.333	598	473624.9856
02/27/15	606.667	606.667	583.333	586.667	1060439.968
02/26/15	611.667	611.667	598.667	600	787334.976
02/25/15	613.333	613.333	611.333	611.667	301784.9908
02/24/15	612	616.333	611.667	612	2064104.937
02/23/15	614	616.667	610.667	612	639089.9805
02/20/15	615	615	611	613.667	238439.9927
02/18/15	613.333	616	610.667	611.333	98474.997
02/17/15	616.667	616.667	610.667	613.333	307709.9906
02/16/15	609.667	617.333	608.667	616	332744.9899
02/13/15	606.333	612	606	608.667	283814.9913
02/12/15	601.667	607.333	601.667	606	343289.9895
02/11/15	608.333	617	600.667	601.333	501704.9847
02/10/15	619.333	619.333	606.667	608	380009.9884
02/09/15	601.333	616.667	601.333	616.667	642989.9804
02/06/15	597.333	602.667	597.333	601	1258499.962
02/05/15	603.333	603.333	597.333	597.333	1457759.956
02/04/15	602.667	616.667	602.667	603.333	447104.9864
02/03/15	601.333	604.667	601.333	602.333	724469.9779
02/02/15	620	620	601.333	606.667	398774.9878
01/30/15	610	622.667	610	619.333	691664.9789
01/29/15	598.333	620	596.333	606.667	1138649.965
01/28/15	583.333	598.333	581.667	598.333	696899.9787
01/27/15	581.333	582.333	580.333	581.667	823289.9749
01/26/15	582.667	583.333	578	581.333	353489.9892
01/23/15	575.333	584	573	583.333	813284.9752
01/22/15	575	580	571.333	573.333	660629.9799
01/21/15	583.333	585.333	572	575	554684.9831
01/20/15	572	574.667	571.333	571.667	514244.9843
01/19/15	577.333	577.333	568.667	572.333	749159.9772
01/14/15	569.667	586.333	567.333	577.667	1339004.959
01/13/15	566.667	570	566	567.333	343814.9895
01/12/15	567	569	565.333	566.667	484574.9852
01/09/15	563.333	568	562	567.333	1120349.966
01/08/15	550.667	561.333	546.667	560	1287959.961
01/07/15	546.667	558	546	553.333	679424.9793
01/06/15	547.333	549.333	545.333	548	434399.9868
01/05/15	546	551.333	545.333	547.333	525539.984