SMPH 1216

12/27/19	41.5	42.1	41.4	42.1	14600500
12/26/19	42	42	41.1	41.5	2556400
12/23/19	41.1	41.95	40.9	41.95	6651400
12/20/19	40.4	41.45	38.85	41.45	29671699
12/19/19	40.8	41	39.8	40.65	6101500
12/18/19	40.6	40.7	40.1	40.65	8795700
12/17/19	40.9	41.2	40.5	40.5	10598500
12/16/19	41.8	41.9	40.8	40.8	7439300
12/13/19	41.5	41.95	41.3	41.8	7638500
12/12/19	41	41.9	40.6	40.6	6356800
12/11/19	40.9	41.95	40.2	41.95	6175400
12/10/19	40.8	41	40.65	40.9	5173600
12/09/19	41	41.7	40.8	41	7602800
12/06/19	40	41.2	39.85	40.8	11795900
12/05/19	39.75	40.2	39.75	40	7935600
12/04/19	40.1	40.3	39.5	40.2	10056300
12/03/19	39.3	40.5	39.3	40.5	4067300
12/02/19	39	40	38.9	40	9924000
11/29/19	39	39.2	38.85	39	6758800
11/28/19	39.4	40	39.1	39.15	4864400
11/27/19	38.9	39.75	38.85	39.75	6474500
11/26/19	39.2	39.8	38.85	38.9	30312699
11/25/19	38.85	39.4	38.6	39.2	6583200
11/22/19	38.6	39.7	38.4	39.45	7147200
11/21/19	39.7	39.75	38.45	39	11666600
11/20/19	39.7	39.8	39.25	39.8	4505300
11/19/19	39.9	39.9	39.55	39.8	4950900
11/18/19	39.7	39.9	39.1	39.9	4391300
11/15/19	39.5	39.9	39.4	39.9	7417900
11/14/19	39.2	39.5	39.1	39.3	3530500
11/13/19	39.75	39.75	39.1	39.15	6301700
11/12/19	39.25	39.9	39.15	39.9	4420300
11/11/19	39.4	39.7	39.05	39.1	6870900
11/08/19	39.8	40	39.15	40	9048700
11/07/19	39.3	40.1	39.1	40	8917300
11/06/19	40.6	40.6	38.8	38.8	7057700
11/05/19	39.15	40.6	39.05	40.6	18480699
11/04/19	39	39.5	38.7	39.5	10068900
10/31/19	39	39.15	38.9	39	13661100
10/30/19	38.95	39.05	38.7	39.05	10102800
10/29/19	38.1	39	38.1	39	4463700
10/28/19	38.8	38.9	38	38.1	5533900
10/25/19	38.95	39.05	38.5	38.85	5776100
10/24/19	38.75	39	38.05	39	8098100
10/23/19	38.3	38.75	38.05	38.75	4032000
10/22/19	38	38.75	38	38.5	7857700
10/21/19	38.1	38.5	38	38.05	5439100
10/18/19	38.25	38.8	38.25	38.75	3515300
10/17/19	38.55	38.95	38.3	38.95	6492300
10/16/19	38.1	38.9	38	38.65	5829500
10/15/19	39	39.1	38.1	38.1	5289200
10/14/19	38.8	39.25	38.8	39.2	7940500
10/11/19	38.45	38.9	38.2	38.8	6410300
10/10/19	38	38.5	37.8	38.5	6534700
10/09/19	38	38	37.5	37.55	5262700
10/08/19	38	38.8	37.85	38.2	21687801
10/07/19	37.7	37.95	37	37.95	5093700
10/04/19	37	37.75	36.35	37.75	6688400
10/03/19	36.3	36.3	35.5	36.3	6324500
10/02/19	36.8	36.95	36.25	36.45	6841700
10/01/19	37	37.2	36.45	37.1	5430500
09/30/19	36.5	37.2	36.1	37.2	8233100
09/27/19	37.2	37.2	36.25	36.5	4168500
09/26/19	37.1	37.35	36.65	37.1	4757000
09/25/19	36.6	37.2	35.95	37.2	9081800
09/24/19	35.5	36.7	35.5	36.7	103907398
09/23/19	34.75	35.5	34.7	35.45	26175400
09/20/19	35.4	35.45	34.75	34.75	18972801
09/19/19	35.1	35.45	34.85	35.45	4148800
09/18/19	35.35	35.35	34.75	35	6705500
09/17/19	34.5	35.4	34.1	35.4	11214500
09/16/19	34.35	34.65	34.1	34.65	7937900
09/13/19	34.3	34.8	34.3	34.5	8859400
09/12/19	34.6	34.8	34.2	34.2	6126200
09/11/19	34.65	34.65	34.3	34.5	18621301
09/10/19	34.9	34.9	34.25	34.65	8807500
09/09/19	35	35	34.5	35	4643200
09/06/19	34.45	34.85	34.45	34.55	9973500
09/05/19	34.55	34.9	34.05	34.05	9368400
09/04/19	34.5	34.5	34.05	34.15	9033300
09/03/19	35	35	34.1	34.1	18809000
09/02/19	35.3	35.45	34.9	35	11214400
08/30/19	35	35.8	35	35.3	19065400
08/29/19	35.2	35.5	35	35	9039700
08/28/19	34.65	35.05	34.45	35.05	7017100
08/27/19	34.85	35.2	34.5	34.65	31057199
08/23/19	34.7	35	34.45	34.8	7672700
08/22/19	35.85	35.85	34.65	35	15420500
08/20/19	34.75	35.7	34.7	35.7	11271800
08/19/19	34.55	35	34.35	34.75	15769000
08/16/19	34.1	35.25	34.1	34.1	27162301
08/15/19	35	35.05	34	34.5	21786000
08/14/19	35	35.9	35	35.5	14396300
08/13/19	35.5	35.9	34.45	34.7	20577301
08/09/19	36.5	36.7	35.5	35.5	5528400
08/08/19	36.85	36.95	36.4	36.5	9664000
08/07/19	36.05	36.8	36.05	36.8	15407400
08/06/19	36	36.5	35.55	35.9	14550000
08/05/19	37.6	37.6	36	36	8642400
08/02/19	37.8	37.8	36.85	37.6	7433900
08/01/19	36.5	38	36.5	38	6341800
07/31/19	37.7	37.7	36.5	36.5	17479900
07/30/19	38.2	38.2	37.5	37.5	19576000
07/29/19	37.55	38.2	37.5	38.2	6651100
07/26/19	37.85	38.05	37.5	37.5	7252600
07/25/19	37.5	37.95	37.5	37.8	4377800
07/24/19	37.75	38.25	37.5	37.5	7293500
07/23/19	38.1	38.3	37.8	37.8	5549500
07/22/19	38.15	38.5	37.75	37.9	9283300
07/19/19	38.75	38.85	38.5	38.7	6279000
07/18/19	38.95	38.95	38.3	38.3	6807000
07/17/19	39.25	39.25	38.65	38.7	4155900
07/16/19	39.5	39.7	39.2	39.25	11258500
07/15/19	38.35	39.5	38.35	39.5	11488600
07/12/19	39.2	39.25	38.3	38.3	7380400
07/11/19	38.6	39.3	38.5	39.2	7399800
07/10/19	38.45	38.65	38.25	38.5	2926200
07/09/19	37.85	38.45	37.85	38.45	2923400
07/08/19	38.25	38.3	37.8	37.8	5707000
07/05/19	38	38.4	38	38.25	4983200
07/04/19	38.05	38.3	37.9	38	10628500
07/03/19	37.85	38.3	37.85	38.05	10875400
07/02/19	38	38.4	37.7	38	12162200
07/01/19	37.3	38	37.3	38	6111400
06/28/19	38	38.2	37.1	37.1	21544000
06/27/19	37.8	38.15	37.8	37.9	20349199
06/26/19	38.05	38.2	37.75	37.8	9262900
06/25/19	38.5	38.9	38	38	10669700
06/24/19	38.6	38.75	38.4	38.45	7021300
06/21/19	38.4	38.8	38.3	38.3	29575801
06/20/19	38.2	38.5	38.2	38.35	8634300
06/19/19	38.4	38.75	38.2	38.4	10989700
06/18/19	38.25	38.75	38	38.1	6719300
06/17/19	39.2	39.2	38.3	38.3	4570100
06/14/19	39.1	39.1	38.4	39	10061000
06/13/19	39.9	39.9	38.9	39.05	7888400
06/11/19	39.55	40.3	39.25	39.25	5982000
06/10/19	39.35	39.7	39.35	39.7	5488400
06/07/19	39.15	39.5	38.95	39.35	2753100
06/06/19	39.35	39.35	39	39.15	8494100
06/04/19	40.2	40.2	39	39	5390000
06/03/19	39.6	40.7	39.3	40.25	12859500
05/31/19	39.3	39.8	39.15	39.8	7313100
05/30/19	38.9	40	38.9	39	12290300
05/29/19	39.3	39.95	39.15	39.2	8876200
05/28/19	38.4	39.3	38.15	39.25	22065801
05/27/19	38.65	38.8	38.15	38.4	9197800
05/24/19	39.3	39.3	38.75	38.8	8233100
05/23/19	39.35	39.5	38.8	39.4	3749300
05/22/19	39.45	39.95	38.9	39.35	11113200
05/21/19	39.4	39.85	38.8	39.45	5198800
05/20/19	39.1	39.4	38.25	39.4	7410300
05/17/19	38	39.25	38	39.1	9628000
05/16/19	37.55	38.4	37.5	37.95	10943200
05/15/19	38.55	38.85	37.5	37.5	7148600
05/14/19	38.45	38.5	37.05	38.4	16851100
05/10/19	38.6	39.65	38.5	38.5	11533800
05/09/19	39.5	39.5	38.65	38.65	12593900
05/08/19	40.05	40.05	38.9	39.5	10024600
05/07/19	40.05	40.3	39.75	40.05	4639400
05/06/19	40.9	40.9	39.75	40.1	6142900
05/03/19	41.8	41.9	40.9	40.9	4073000
05/02/19	41.5	42.5	41.15	41.8	17330301
04/30/19	40.5	41.7	40.5	41.45	8093000
04/29/19	41	41	40.5	40.5	4584100
04/26/19	40.9	41.8	40.55	40.9	6200600
04/25/19	40	40.8	39.65	40.8	10315000
04/24/19	39.85	40	39.2	40	5467900
04/23/19	39.25	39.95	39	39.95	4230800
04/22/19	39.9	39.95	39.1	39.25	3434000
04/17/19	39.9	39.9	39.55	39.6	2935300
04/16/19	39	39.9	39	39.9	4971400
04/15/19	39	39.5	38.9	38.95	6793300
04/12/19	39.6	39.65	38.85	39	6895000
04/11/19	39.55	39.95	39.55	39.65	3280700
04/10/19	39.9	40.1	39.3	39.95	10922500
04/08/19	39.1	39.8	39	39.3	4653400
04/05/19	39.5	39.65	38.95	38.95	2111700
04/04/19	39.35	39.6	39.35	39.5	3970300
04/03/19	39.35	39.65	39.2	39.35	4402800
04/02/19	39.35	39.75	39.35	39.4	6327200
04/01/19	39.9	39.9	38.9	39.05	5393400
03/29/19	39.6	39.95	39.5	39.9	10241600
03/28/19	39.6	39.65	39.4	39.55	4077400
03/27/19	39.55	39.7	39.1	39.55	3216300
03/26/19	39.45	39.5	39.15	39.5	4992500
03/25/19	39	39.45	38.9	39.45	8022400
03/22/19	39.3	39.8	39.25	39.5	10501500
03/21/19	39.4	39.4	39.1	39.3	6207300
03/20/19	39.15	39.4	38.8	39.4	5588000
03/19/19	39.1	39.45	38.7	39	9048300
03/18/19	38.3	39.15	38	39.15	5936600
03/15/19	37	38.4	37	38.4	18543000
03/14/19	37.1	37.75	37.1	37.1	4177300
03/13/19	37.1	37.75	37	37.65	8928100
03/12/19	38	38.4	36.7	36.7	11214000
03/11/19	38.3	38.35	37.8	38	5358200
03/08/19	38.55	38.8	38.1	38.1	2164300
03/07/19	38.6	38.65	38.05	38.65	2670100
03/06/19	37.45	38.7	37.45	38.7	4206300
03/05/19	38.5	38.5	37.35	37.35	7699000
03/04/19	37.8	38.5	37.3	38.5	7501600
03/01/19	38.05	38.3	37.5	37.95	8648000
02/28/19	39	39.35	38	38.35	15471500
02/27/19	39	39.3	38.45	38.65	6346400
02/26/19	39.5	39.5	38.85	39.35	6355800
02/22/19	38.15	39.1	38.15	39.1	5361600
02/21/19	38.95	38.95	38.2	38.5	7595600
02/20/19	38.25	38.9	37.95	38.9	8428400
02/19/19	38.35	38.95	37.6	37.65	10520500
02/18/19	38.85	39.2	38.25	38.25	4504200
02/15/19	39	39.4	38.95	39.4	4340400
02/14/19	38.85	39.4	38.7	39.4	4587600
02/13/19	39	39	37.8	38.5	6896800
02/12/19	39.15	39.4	38.4	38.9	5287800
02/11/19	39	39.4	38.95	39.3	5017300
02/08/19	38.65	38.8	38.55	38.65	7210300
02/07/19	38.7	39	38.7	38.7	5054700
02/06/19	38.6	39.6	38.5	38.5	8189100
02/04/19	39.2	39.5	38.5	38.5	2192400
02/01/19	38.8	39.5	38.65	39.2	10622000
01/31/19	39.1	39.6	38.1	38.1	11119400
01/30/19	39.65	39.65	38.35	39.1	12153700
01/29/19	39.9	39.9	38.7	39.7	11637500
01/28/19	39.6	39.95	39.6	39.95	10371800
01/25/19	39.65	39.9	39.5	39.9	8382300
01/24/19	39.65	39.85	39.3	39.7	7407800
01/23/19	39.05	39.7	38.65	39.7	8835400
01/22/19	39.7	39.7	38.8	39.45	12354300
01/21/19	39.35	39.95	38.8	39.9	11058100
01/18/19	38.15	39.4	38	39.4	14067400
01/17/19	36.95	38.3	36.85	38.3	28642100
01/16/19	39.6	39.6	36	37	43535699
01/15/19	39.5	39.75	39.2	39.75	6844000
01/14/19	38.8	39.6	38.4	39.6	9941100
01/11/19	39.1	39.4	38.65	39	7479600
01/10/19	38.7	39.5	38.55	39.45	14200500
01/09/19	38.45	39	38.2	38.75	13693300
01/08/19	38.5	38.9	37.8	38.05	6298000
01/07/19	38.55	39	38.5	38.95	19640500
01/04/19	37.5	38.5	37.5	38.5	13631900
01/03/19	37	38	36.5	38	10397000
01/02/19	35.85	37	35.85	37	7795100
12/28/18	35.9	36.05	35.5	35.8	9044100
12/27/18	35.5	36.1	35.4	35.85	10267600
12/26/18	34.85	35.5	34.7	35.5	3999100
12/21/18	35.5	35.8	34.8	35	15584900
12/20/18	35.3	36.1	35.3	35.9	9486600
12/19/18	34.5	35.9	34.5	35.9	12486000
12/18/18	34.75	34.95	34.4	34.9	21691600
12/17/18	34.5	35.4	34.4	34.9	10841200
12/14/18	34.95	35.5	34.1	34.6	23026100
12/13/18	35.7	36	34.8	34.8	8615800
12/12/18	35.5	35.8	35.15	35.7	33119000
12/11/18	35.45	35.75	35	35.5	9670000
12/10/18	35.95	35.95	35.2	35.45	9198700
12/07/18	35.45	36.2	35.45	36	4139200
12/06/18	36.55	36.65	35.5	35.5	7439500
12/05/18	36.55	36.95	36.3	36.8	21546100
12/04/18	36.45	37.5	36.3	37.4	21873900
12/03/18	35.35	36.5	35.05	36.5	17323500
11/29/18	34.1	35.4	34.1	34.7	23809600
11/28/18	34.4	34.45	33.55	34	6813800
11/27/18	34.35	34.45	33.95	34.4	8634500
11/26/18	33.85	34.8	33.25	34.35	8566100
11/23/18	33.25	34.2	33.1	33.6	7392700
11/22/18	33.3	33.7	33	33.25	5869900
11/21/18	33.2	33.4	32.95	33.3	8195200
11/20/18	32.8	33.85	32.5	33.6	11273700
11/19/18	32.65	32.9	32.25	32.9	14573400
11/16/18	31.9	32.65	31.75	32.65	33679699
11/15/18	31.75	31.95	31.55	31.95	9159500
11/14/18	31.65	31.85	31.5	31.75	8464300
11/13/18	32.45	32.45	31.45	31.8	12893200
11/12/18	32.7	33	32.5	32.55	8317100
11/09/18	32.8	33	32.5	32.7	8047200
11/08/18	32.8	33	32.6	32.75	10612400
11/07/18	33	33.3	32.55	32.7	9947800
11/06/18	33.65	33.95	33	33	13985200
11/05/18	34.25	34.75	33.55	33.65	18361301
10/31/18	33.85	34.15	33.7	33.8	27095100
10/30/18	34.35	34.35	33.7	33.75	6445000
10/29/18	34.5	34.5	34.1	34.4	4273500
10/26/18	34	34.5	33.9	34.5	4611800
10/25/18	34.4	34.4	33.55	33.7	8383800
10/24/18	34.3	34.8	33.85	34.7	7122400
10/23/18	35	35	33.95	34	8828600
10/22/18	34.15	35.3	34.15	34.9	12715400
10/19/18	34.45	34.5	33.9	34.5	6069700
10/18/18	34	34.45	33.8	34.45	5165200
10/17/18	33.8	34.25	33.8	34	11037800
10/16/18	33.7	34	33.2	33.5	9745800
10/15/18	34.25	34.6	33.7	33.7	5574300
10/12/18	33.7	34.2	33.15	34.2	11504500
10/11/18	34	34	33.1	33.7	7592300
10/10/18	34.4	34.5	33.75	34	5944600
10/09/18	34	34.5	34	34.4	5623500
10/08/18	34	34.6	33.85	34	8184800
10/05/18	34	34.6	33.95	34.3	7079100
10/04/18	34.6	34.6	34	34.1	7871700
10/03/18	34	34.65	33.7	34.5	7060900
10/02/18	35.4	35.4	33.5	33.85	19400400
10/01/18	36	36.1	35.5	35.65	8529600
09/28/18	37	37.1	36.15	36.15	12400100
09/27/18	36.25	37.25	36.25	37.25	4948500
09/26/18	36.4	36.85	35.5	36.85	10380100
09/25/18	36.5	36.9	35.6	35.7	8151300
09/24/18	36.25	37	36.25	37	1778200
09/21/18	35.95	37	35.9	37	14766800
09/20/18	36.95	36.95	36	36	6768600
09/19/18	36.5	37.15	36.05	36.95	7877400
09/18/18	36.85	37	36.5	36.5	7170900
09/17/18	36.4	37.3	36.4	37	5486800
09/14/18	36.75	37.1	36.3	36.4	7693400
09/13/18	36.9	37.5	36.4	37.5	5140500
09/12/18	36	37	36	36.5	5539800
09/11/18	37	37	36.1	36.5	3316200
09/10/18	36.6	37.2	35.85	36.5	11438400
09/07/18	37.3	37.3	36.25	36.65	10463800
09/06/18	37.55	37.7	36.5	37.3	11148100
09/05/18	38.05	38.45	37.55	37.75	11356200
09/04/18	38.45	39	38.4	38.7	6104800
09/03/18	39	39.05	38.3	38.55	1787900
08/31/18	38.7	39	37.9	39	10721300
08/30/18	38.55	39	38.55	38.85	9546100
08/29/18	38.3	39.1	38.3	39	7461200
08/28/18	38.5	39.2	38.5	39	12455000
08/24/18	38	39	37.6	38.5	10259500
08/23/18	37	38.5	37	38.5	9906900
08/22/18	36.8	37.1	36.25	37.1	8808200
08/20/18	36.2	37	36.1	36.1	4871600
08/17/18	35.5	37	35.5	36	13580100
08/16/18	35.75	36	35.4	35.4	6489100
08/15/18	36	36.7	35.55	35.7	7394400
08/14/18	37.2	37.3	36.1	36.35	7606500
08/13/18	38.5	38.5	37.2	37.2	8622600
08/10/18	38.5	39	38.35	38.5	6561400
08/09/18	38.7	39.5	38	38.5	5496800
08/08/18	37.9	39.5	37.85	39	32176199
08/07/18	37.8	38	37.8	37.9	4750800
08/06/18	37.35	38	37.35	37.7	5878400
08/03/18	37.9	38	37.2	38	6500800
08/02/18	38	38	37.6	37.9	4912200
08/01/18	37.75	38.05	37.75	38	13496400
07/31/18	37.1	37.8	37.1	37.75	8233100
07/30/18	38	38.05	37.8	38	5371000
07/27/18	37.5	38.05	37.1	38.05	6094300
07/26/18	36.55	37.5	36.55	37.5	8868200
07/25/18	37	37.55	36.3	36.3	7759300
07/24/18	36.55	37	36.35	37	3079800
07/23/18	37	37.1	36.4	36.5	2794700
07/20/18	36.8	37	36.3	37	4359900
07/19/18	36.6	37	36.45	36.55	3045200
07/18/18	37	37	36.6	37	4310800
07/17/18	37	37	36.45	37	2758700
07/16/18	36.95	37	36.55	37	3211500
07/13/18	36.4	36.95	36.4	36.95	3465200
07/12/18	36.95	37.05	35.2	36.4	2763100
07/11/18	36.8	37.15	36.5	37.15	3019400
07/10/18	36.8	36.8	36.05	36.8	2439000
07/09/18	36.5	36.65	36.15	36.4	2686000
07/06/18	36.85	37.05	36.2	36.65	3429600
07/05/18	36.85	37	36.15	37	8313900
07/04/18	36	37	35.5	37	8574700
07/03/18	36	36.3	35.4	36	4225700
07/02/18	35.8	36.5	35.3	35.9	6099200
06/29/18	34.25	35.95	34	35.95	16237900
06/28/18	35	35	34.15	34.25	9315500
06/27/18	33.8	35.5	33.5	35.5	9606900
06/26/18	33.7	33.9	32.7	33.7	8574100
06/25/18	34.2	34.2	33.25	33.25	10822800
06/22/18	32.95	33.65	32.25	33.25	13451700
06/21/18	34.55	34.7	32.9	32.9	16661801
06/20/18	34.75	34.95	34.1	34.5	9270500
06/19/18	34.75	34.95	33.9	34.7	11821200
06/18/18	34.5	35	34.35	35	14831000
06/14/18	35.8	35.8	34.75	34.75	33632801
06/13/18	37	37.1	35.8	36.5	9520200
06/11/18	37.5	37.5	37	37	6048400
06/08/18	37.95	38	37.5	37.7	4965600
06/07/18	38.05	38.05	37.5	37.95	7102300
06/06/18	38	38.1	37.7	38.05	9248000
06/05/18	37.9	38	37	38	6757600
06/04/18	37.2	37.55	36.8	37.45	9466300
06/01/18	37	37.7	37	37.2	9958000
05/31/18	37.3	37.8	36.7	37	102018398
05/30/18	37.7	37.95	36.6	37	18344500
05/29/18	38	38.35	37.5	37.5	7159900
05/28/18	38	38	37.7	38	8996200
05/25/18	38.2	38.25	37.8	38	12255400
05/24/18	37.45	38	37.45	37.9	6211900
05/23/18	37.95	37.95	36.85	37.45	8697900
05/22/18	38.2	38.2	37.2	37.25	6368000
05/21/18	37.45	38.45	37.4	37.8	9693900
05/18/18	37.45	37.45	36.95	37.3	7527200
05/17/18	38.15	38.7	36.75	36.75	13646300
05/16/18	38.1	38.4	37.3	38.15	15867300
05/15/18	36.3	38.7	36.25	38.3	30151600
05/11/18	34.9	35.75	34.8	35.65	8899400
05/10/18	34.45	34.8	34.4	34.7	7269000
05/09/18	33.9	34.55	33.75	34.3	10891700
05/08/18	33	33.9	32.6	33.9	10628500
05/07/18	33	33	32.2	32.35	3327600
05/04/18	32.8	33.2	32.3	32.4	4174900
05/03/18	34	34.2	32.8	32.8	5818400
05/02/18	34.3	34.75	33.7	33.7	4103300
04/30/18	33.9	34.45	33.75	34.25	4999100
04/27/18	33.5	34	33.05	33.9	5889800
04/26/18	33	33.5	32.8	33.5	6145900
04/25/18	32.4	33.2	32.35	32.9	4394400
04/24/18	33.1	33.2	32.3	32.5	5155500
04/23/18	33	33.35	32.5	33.2	3776800
04/20/18	32.85	33.3	32.55	33	3341400
04/19/18	33.35	33.5	32.1	32.85	19364500
04/18/18	33.3	33.9	33.2	33.6	5893800
04/17/18	33.8	33.9	33.1	33.5	6359600
04/16/18	34	34	33.85	34	2494000
04/13/18	34.3	34.4	33.75	33.8	5273000
04/12/18	33.55	34.45	33.35	34.45	6760700
04/11/18	33.9	34.35	33.3	33.3	7383400
04/10/18	33.8	34.6	33.35	33.85	10723600
04/06/18	34	34.35	32.95	33.9	8123300
04/05/18	34.7	34.7	34	34.4	4207600
04/04/18	34.6	34.8	34.2	34.3	6890300
04/03/18	34.15	34.5	33.85	34.3	5450200
04/02/18	33.9	34.5	33.5	34.5	4440400
03/28/18	34	34.15	33.3	33.7	10415800
03/27/18	33.6	34.5	33.6	34.5	8666000
03/26/18	33.8	33.85	33.05	33.85	5061400
03/23/18	33.8	34	33.5	33.9	9259900
03/22/18	33.15	34.4	33.15	34.4	8169900
03/21/18	34.45	34.45	33	33	8907400
03/20/18	34.5	35	33.7	33.8	8367000
03/19/18	34.9	35	34.4	34.5	9036800
03/16/18	33.8	35.9	33.8	34.75	22387900
03/15/18	35.35	35.75	34	34	9424600
03/14/18	35.7	36	35.45	35.5	4969100
03/13/18	36.35	36.35	35.6	35.7	4470500
03/12/18	36	36.4	35.9	36.4	3205900
03/09/18	35.4	35.9	35.4	35.9	1714100
03/08/18	35.85	35.85	35.3	35.4	2097200
03/07/18	35.9	35.9	35.4	35.85	3363200
03/06/18	36.25	36.25	35.5	36	5346100
03/05/18	35.8	36.25	35.5	36.25	3236600
03/02/18	35.35	36	35.05	36	6321200
03/01/18	35.6	36.35	35.3	35.75	7397600
02/28/18	35.9	36.4	35.3	35.3	10871800
02/27/18	35.8	36.4	35.75	36.4	6868400
02/26/18	35.5	36.25	35.1	36.25	7797300
02/23/18	35.8	36.2	35.4	35.4	7340800
02/22/18	35.95	35.95	35.1	35.95	12014200
02/21/18	36.4	36.6	35.4	36.2	7800100
02/20/18	36.75	36.75	36.25	36.5	8948600
02/19/18	36.1	36.85	35.7	36.25	15074700
02/15/18	36.15	36.25	35.7	36.1	5952100
02/14/18	36.15	36.25	35.8	36.1	6075300
02/13/18	35.1	36.15	35.1	36.15	11935500
02/12/18	35.2	35.9	35	35	5814100
02/09/18	35.4	35.55	34.7	35	9984800
02/08/18	36	36.15	35.65	36	6370400
02/07/18	36.4	36.65	35.55	35.95	11008200
02/06/18	35.05	35.8	34.3	35.8	15994600
02/05/18	36	36	35.25	35.25	17071801
02/02/18	36.7	37.1	36.05	36.95	13406900
02/01/18	36.95	37.5	36.5	36.5	15959300
01/31/18	37.7	37.7	36.9	36.9	14513100
01/30/18	38.5	38.65	37.5	37.85	23467100
01/29/18	38.7	39.1	38.15	39.1	6554300
01/26/18	38.55	39.15	38.15	38.6	10435100
01/25/18	38.9	39.15	38.4	38.5	10428500
01/24/18	39.6	39.6	38.6	38.9	6591500
01/23/18	39.6	39.65	39.3	39.5	5818100
01/22/18	39	39.6	39	39.5	10019800
01/19/18	39.4	39.4	38.4	39	9334500
01/18/18	39.5	39.5	38.9	39.2	7018500
01/17/18	39.4	39.6	39.1	39.45	5404800
01/16/18	39.4	39.65	39.3	39.3	7642700
01/15/18	39	39.6	38.9	39.35	5621100
01/12/18	38.5	38.9	38.5	38.9	6451700
01/11/18	39.15	39.2	38	38.5	6195500
01/10/18	39.65	39.65	39.1	39.1	3455600
01/09/18	38.4	39.7	38.15	39.7	7899600
01/08/18	39.5	39.65	37.8	38.4	11202800
01/05/18	39.3	39.7	38.95	39.35	11425600
01/04/18	38.75	39.5	38	39.5	20341600
01/03/18	37.55	38.85	37.5	38.75	9978000
12/29/17	37.6	38.15	37.3	37.5	11283700
12/28/17	36.8	37.7	36.8	37.35	7305500
12/27/17	37.25	37.45	37.05	37.45	3491400
12/22/17	36.9	37	36.8	37	2031100
12/21/17	36.7	37.15	36.6	36.9	2241300
12/20/17	36.7	36.95	36.5	36.7	1928700
12/19/17	36.9	37.1	36.7	36.7	5421000
12/18/17	36.35	37.1	36.35	36.7	10420400
12/15/17	37.75	37.75	36	36	22984301
12/14/17	36.6	37.8	36.6	37.8	9256400
12/13/17	36.85	37	36.3	36.5	6755000
12/12/17	36.85	37	36.25	36.85	12988400
12/11/17	36.55	37	36.5	36.8	9446000
12/08/17	35.9	36.75	35.9	36.5	9990800
12/07/17	35.6	36.3	35.6	35.85	7126900
12/06/17	36.5	36.5	35.6	35.6	12520000
12/05/17	35.75	36.75	35.7	36.5	32438699
12/04/17	35.15	35.85	35.1	35.75	14574900
12/01/17	35.8	36.3	35.45	35.8	11943600
11/29/17	36	36.65	35.55	36.3	17731100
11/28/17	36.8	36.8	36	36.3	5315900
11/27/17	36	36.8	35.6	36.8	6775000
11/24/17	36	36.2	35.65	36	6871500
11/23/17	35.7	35.95	35.55	35.95	2033000
11/22/17	35.4	36.3	35.4	35.6	8805600
11/21/17	35.7	36	35.1	35.4	9460500
11/20/17	35.95	36	35.55	35.65	5627600
11/17/17	36	36.6	35.75	35.75	6079400
11/16/17	35.5	36.4	35.5	35.5	7329000
11/15/17	36	36	35.5	35.5	7087700
11/14/17	36.1	36.15	35.75	36	7807000
11/13/17	37	37.4	35.9	36	4496600
11/10/17	38.05	38.15	36.6	36.6	9980400
11/09/17	37.5	38.25	37.4	37.95	6551700
11/08/17	37.15	37.65	36.9	37.5	4855500
11/07/17	37.1	37.65	36.5	37.15	3919800
11/06/17	36.9	37.4	36.8	37.05	8538800
11/03/17	37.95	38	36.95	37.4	7492300
11/02/17	36.7	37.9	36.3	37.55	10457300
10/30/17	36.05	37	35.85	37	6719200
10/27/17	35.75	35.8	35.55	35.7	2616100
10/26/17	36.1	36.4	35.6	35.75	3805200
10/25/17	36.1	36.15	35.4	36.1	6711700
10/24/17	36.15	36.4	35.85	35.85	7096700
10/23/17	36.5	36.55	36.15	36.15	6765200
10/20/17	36.3	36.6	36.1	36.5	8690800
10/19/17	37	37.05	36.25	36.8	17204100
10/18/17	37.4	37.85	35.8	37	13074100
10/17/17	36.8	38	36.4	37.3	16270000
10/13/17	35.95	36.75	35.6	36.5	20747600
10/12/17	34.9	35.95	34.75	35.95	12008600
10/11/17	34.7	35	34.6	34.9	7671800
10/10/17	34.85	34.9	34.65	34.7	3732300
10/09/17	34.9	35	34.55	34.85	5445700
10/06/17	34.95	35.4	34.65	34.65	8906100
10/05/17	35	35	34.8	34.9	6639500
10/04/17	35	35	34.85	34.95	6652400
10/03/17	35	35.05	34.85	35	7726200
10/02/17	34.9	35.4	34.75	35	10558200
09/29/17	34.8	35	34.45	34.45	14422300
09/28/17	35	35	34.6	34.8	11659600
09/27/17	34.6	35	34.55	35	10360200
09/26/17	34.8	34.8	34.05	34.6	9772800
09/25/17	34.85	35	34.7	34.8	6039500
09/22/17	34.85	35.05	34.8	34.85	6102500
09/21/17	34.85	35	34.7	34.8	8285400
09/20/17	34.9	34.95	34.5	34.85	4418600
09/19/17	35.05	35.15	34.2	34.5	11464200
09/18/17	34.8	35.05	34.2	35	15258000
09/15/17	34.1	34.8	33.9	34.8	20397301
09/14/17	33.9	34.65	33.55	34.5	12102900
09/13/17	34	34.2	33.05	33.5	11438500
09/11/17	33.5	33.9	33.3	33.8	4202300
09/08/17	33.6	33.6	33.3	33.5	6173400
09/07/17	33.5	33.65	33.2	33.6	6281300
09/06/17	33.95	33.95	33.15	33.4	8885900
09/05/17	33.9	34	33.8	34	7983700
09/04/17	33.75	34	33.4	33.9	8034000
08/31/17	33.75	33.9	33.2	33.4	8539300
08/30/17	34	34	33.25	33.6	18109801
08/29/17	34.2	34.3	33.7	33.8	15843200
08/25/17	34.5	34.7	34	34	3778200
08/24/17	34.75	34.75	34	34	4801500
08/23/17	34.15	34.75	34.1	34.55	7187000
08/22/17	34.05	34.35	34	34.1	9259900
08/18/17	34.9	34.9	34.4	34.45	2809500
08/17/17	35	35	34.55	34.8	4715400
08/16/17	34.55	34.95	34.4	34.7	5326300
08/15/17	34.75	34.75	34.2	34.5	4063300
08/14/17	33.85	34.55	33.85	34.4	2749400
08/11/17	34.4	34.4	33.85	33.85	3684400
08/10/17	34.5	34.8	34.25	34.6	5911400
08/09/17	34	34.25	33.8	34.2	3813400
08/08/17	34.2	34.9	33.8	33.8	7455100
08/07/17	34.4	34.4	33.7	34	4154600
08/04/17	33.65	34.65	33.65	34	6675400
08/03/17	33.9	34.25	33.4	33.6	8113300
08/02/17	33.85	34.5	33.75	33.85	6624500
08/01/17	34.9	34.9	33.85	33.85	6376200
07/31/17	34.95	35	34.45	34.9	9470900
07/28/17	34.95	35	34.65	35	7550500
07/27/17	35.1	35.1	34.65	34.65	10528300
07/26/17	34.35	35.1	34.35	34.75	10651700
07/25/17	34.3	34.4	34	34.15	3836000
07/24/17	34.7	34.7	33.9	34	8980200
07/21/17	33.7	34.8	33.3	34.8	5177200
07/20/17	34.6	34.7	33.55	33.55	7118200
07/19/17	34.15	34.65	34.1	34.5	6585000
07/18/17	33.5	34.35	33.5	33.95	6919500
07/17/17	32.9	33.6	32.9	33.4	4940100
07/14/17	33.6	33.7	32.9	33	12354400
07/13/17	33.65	34	33.3	33.6	8492300
07/12/17	33.2	33.75	33.2	33.65	5599000
07/11/17	33	33.15	32.9	33.05	6533600
07/10/17	33.3	33.3	32.9	32.95	2341100
07/07/17	33.3	33.5	33.25	33.3	1401100
07/06/17	33.05	33.35	33	33.25	6314200
07/05/17	32.95	33.3	32.95	33.05	4907200
07/04/17	33.2	33.2	32.9	32.95	4661000
07/03/17	33	33.45	32.7	33.2	6606500
06/30/17	32.7	33	32.15	33	10710600
06/29/17	33.5	33.8	32.7	32.75	5930200
06/28/17	33.7	34	33.4	33.4	5913500
06/27/17	33.45	33.8	33.3	33.7	5819900
06/23/17	34.2	34.25	32.95	33.2	11522900
06/22/17	34.35	34.35	33.9	34.05	15719900
06/21/17	34.6	34.6	34.2	34.35	11401900
06/20/17	34.45	34.65	34.05	34.6	9060200
06/19/17	34.05	34.55	34.05	34.45	7194200
06/16/17	34.3	34.5	33.9	34.25	23293600
06/15/17	34.5	35	34.1	34.3	7478500
06/14/17	34	34.55	33.3	34.5	10545200
06/13/17	34.55	34.85	33.9	34.2	10943900
06/09/17	34.4	35.1	34.4	35	9072700
06/08/17	34.6	35.2	34.4	34.55	12031900
06/07/17	34.3	34.7	34.1	34.45	8439700
06/06/17	34.7	34.85	34	34.25	6356900
06/05/17	34	35.1	33.75	34.6	9598000
06/02/17	33.6	34.5	33.6	33.75	13028200
06/01/17	33.5	34.35	33.15	33.75	14466600
05/31/17	33.7	33.85	33.5	33.7	26970600
05/30/17	33.6	33.95	33.35	33.5	12966400
05/29/17	32.8	33.85	32.8	33.5	9001300
05/26/17	32.8	33	32.65	32.8	4948600
05/25/17	32.8	33.2	32.7	32.8	5873800
05/24/17	32.75	33	32.5	32.8	4563600
05/23/17	32.8	33.45	32.7	32.8	9438500
05/22/17	32.55	33	32.55	32.8	7386400
05/19/17	32.45	32.65	32.15	32.5	8349300
05/18/17	32.7	32.8	32	32.5	11352300
05/17/17	32.6	32.85	32.45	32.8	8234500
05/16/17	32.2	32.85	32.15	32.6	10247400
05/15/17	31.95	32.85	31.9	32	11476300
05/12/17	32	32.05	31.6	31.9	11854000
05/11/17	32	32.4	31.75	32.15	11883700
05/10/17	32.45	32.9	31.85	32	12123200
05/09/17	32.9	33	32.35	32.5	13882000
05/08/17	32.25	33	32.25	32.9	10435200
05/05/17	31.3	32.7	31.2	32.2	18468000
05/04/17	30.65	31.4	30.6	31.2	10275900
05/03/17	30.7	30.9	30.6	30.6	13224700
05/02/17	29.8	30.9	29.65	30.7	11319100
04/27/17	29.85	30	29.75	29.8	4879800
04/26/17	30	30.15	29.85	29.95	6903700
04/25/17	29.7	30.2	29.7	29.9	7994400
04/24/17	29.65	29.9	29.45	29.65	6033700
04/21/17	29.6	29.95	29.4	29.65	6876600
04/20/17	29.4	29.7	29.4	29.6	2943900
04/19/17	29.8	30.2	29.3	29.6	5108000
04/18/17	30	30.1	29.75	29.8	2005300
04/17/17	30.15	30.2	29.8	30	2662600
04/12/17	29.65	30.2	29.6	30.2	5103100
04/11/17	30.2	30.2	29.5	29.5	3344600
04/10/17	30	30.25	29.9	30.25	2753500
04/07/17	29.9	31	29.8	29.85	21844000
04/06/17	29.95	30.05	29.25	29.9	6275400
04/05/17	29.6	30.1	29.6	29.95	17442400
04/04/17	28.7	29.65	28.7	29.55	9111400
04/03/17	28.3	28.85	28.2	28.7	23087900
03/31/17	28.6	28.6	28.2	28.3	8144500
03/30/17	28.65	28.85	28.25	28.4	7901100
03/29/17	28.5	28.7	28.3	28.5	25807801
03/28/17	28.5	28.7	28.35	28.5	16882000
03/27/17	28.15	28.95	28.15	28.5	8546600
03/24/17	28.3	28.45	27.95	28	16019800
03/23/17	28.5	28.6	27.9	28.3	16523801
03/22/17	28.45	28.5	28.25	28.5	13159200
03/21/17	28.65	29	28.45	28.5	13028200
03/20/17	29.2	29.2	28.6	28.65	5469800
03/17/17	29	29.45	28.4	28.95	25124801
03/16/17	29.05	29.2	28.5	28.7	10280500
03/15/17	28.95	29	28.35	28.6	9498400
03/14/17	29.4	29.4	28.85	28.85	6384300
03/13/17	29	29.3	28.9	29.15	5317100
03/10/17	28.9	29.8	28.85	29	27610801
03/09/17	29	29.3	28.9	28.9	1940400
03/08/17	29	29.3	28.85	29.05	8022400
03/07/17	29.3	29.4	28.8	28.8	10462600
03/06/17	29	29.7	28.65	29.5	6832800
03/03/17	28.65	29.05	28.5	29	4801800
03/02/17	28.7	29	28.6	28.6	7202900
03/01/17	28.9	29	28.6	28.7	4583800
02/28/17	29.1	29.4	28.7	29.4	7131300
02/27/17	29.4	29.75	29.05	29.1	5427300
02/24/17	29.3	29.5	29.2	29.4	17879801
02/23/17	29.9	29.95	29.2	29.35	10397900
02/22/17	30	30	29.5	29.8	11051500
02/21/17	29.95	30.15	29.6	30	6750500
02/20/17	29.9	30.35	29.8	30	4855400
02/17/17	29.9	30.1	29.75	29.9	5835400
02/16/17	29.6	30.2	29.6	29.9	11227300
02/15/17	29.7	29.9	29.6	29.6	28944400
02/14/17	30	30.15	29.7	29.7	6739000
02/13/17	29.85	30.5	29.85	30.5	2677300
02/10/17	30	30.05	29.55	30	8892400
02/09/17	30	30.2	29.85	30	5194400
02/08/17	30.45	30.6	29.7	29.95	5285600
02/07/17	30.75	30.85	30.35	30.45	5580700
02/06/17	30	30.8	30	30.8	4307900
02/03/17	30.1	30.1	29.7	30	8045300
02/02/17	29.5	30.1	29.5	30.1	15323700
02/01/17	30	30.1	29.45	29.9	7681000
01/31/17	30.1	30.25	29.7	29.7	7820500
01/30/17	30.05	30.5	30	30	5758700
01/27/17	29.95	30.3	29.95	30	6968900
01/26/17	30.2	30.6	29.7	29.8	13901500
01/25/17	30.7	30.95	30.05	30.05	17923699
01/24/17	31	31	30.65	30.65	6370700
01/23/17	31	31.2	30.9	31	12208100
01/20/17	30.5	31	30.45	31	7659500
01/19/17	30	30.45	29.9	30.4	7163400
01/18/17	29.95	30.25	29.65	29.9	7602900
01/17/17	30.6	30.8	29.6	29.6	5250500
01/16/17	29.8	30.8	29.65	30.55	3163900
01/13/17	29.9	29.95	29.55	29.8	11862700
01/12/17	31.1	31.1	29.95	30.2	10988000
01/11/17	31.3	31.4	30.85	31	16488100
01/10/17	30.65	31.5	30.6	31.3	26834900
01/09/17	30.1	30.6	29.5	30.6	12138700
01/06/17	30	30.85	29.75	30	14801500
01/05/17	29.6	30.7	29.6	29.8	19362699
01/04/17	28.5	29.65	28.5	29.6	29498400
01/03/17	28.35	28.45	27.4	28.45	4140700
12/29/16	28.3	28.35	27.95	28.35	14429000
12/28/16	27.9	28.4	27.85	28.35	6297800
12/27/16	26.8	27.9	26.8	27.9	3583700
12/23/16	27.5	27.5	26.2	27	10842600
12/22/16	27.05	27.5	26.95	27.35	16426400
12/21/16	27.3	28	26.8	27.25	5257800
12/20/16	27.1	27.25	26.75	27.25	11075900
12/19/16	28.7	28.7	27.2	27.2	11342400
12/16/16	28.05	28.8	28	28.8	8675500
12/15/16	28.7	29	27.8	27.95	15702400
12/14/16	28.75	29.35	28.75	28.8	13093600
12/13/16	28.15	28.7	27.85	28.7	11068500
12/12/16	28.5	28.65	27.9	28.15	28847699
12/09/16	28.65	28.65	27.95	28.2	6515500
12/08/16	27.5	28.65	27.3	28.65	10877800
12/07/16	27.25	27.4	26.7	27.3	3564900
12/06/16	26.65	27.4	26.65	27	6062900
12/05/16	27	27.2	26.4	26.5	4854100
12/02/16	27.4	27.9	26.5	26.8	9539500
12/01/16	26.9	27.6	26.9	27.4	11412600
11/29/16	26.5	26.7	26.2	26.5	16875301
11/28/16	26.85	26.85	26	26.4	7813800
11/25/16	26.5	26.9	26	26.85	4999100
11/24/16	26.7	26.9	26.2	26.5	6749400
11/23/16	26.25	26.5	25.3	26.5	17789000
11/22/16	26.95	27	26.25	26.3	12189400
11/21/16	27.5	27.65	26.35	26.95	5794400
11/18/16	27.75	27.75	27.15	27.4	5209500
11/17/16	27.05	27.6	26.8	27.6	27398699
11/16/16	26.8	27.2	26.55	27	11285000
11/15/16	26.1	26.6	26	26	15017600
11/14/16	25.6	26.1	25.5	25.75	13263900
11/11/16	26.25	26.3	25.55	26	18893801
11/10/16	26.8	27	26	26.25	7736000
11/09/16	27	27	24.5	26.1	14349600
11/08/16	26.8	26.95	26.5	26.9	5233500
11/07/16	26.1	26.9	25.65	26.3	9554700
11/04/16	26.05	26.2	25.55	25.95	12449700
11/03/16	26.05	26.35	25.2	25.65	16131500
11/02/16	27.2	27.3	26.1	26.2	10189600
10/28/16	27.1	27.2	26.5	26.9	11130500
10/27/16	27.5	27.5	27.05	27.1	24748500
10/26/16	27.85	28.2	27.45	27.6	11081700
10/25/16	28.4	28.95	27.9	27.9	22556801
10/24/16	28.1	28.7	27.8	28.7	9975900
10/21/16	28.65	28.7	28.2	28.35	6683500
10/20/16	28.85	28.9	28.5	28.9	10330500
10/19/16	27.8	28.9	27.35	28.8	16579600
10/18/16	26.2	27.8	26.2	27.8	14963500
10/17/16	26.8	27.4	26.1	26.1	5866300
10/14/16	26.05	27.25	26.05	26.75	10860500
10/13/16	27.05	27.1	26.05	26.05	16876199
10/12/16	27.85	27.85	26.9	27.5	8425700
10/11/16	27.8	28.25	27.75	28	6611900
10/10/16	28.35	28.35	27.8	28	6771400
10/07/16	27.8	28.4	27.7	28.2	9601000
10/06/16	27.8	27.95	27.65	27.8	7937200
10/05/16	28.35	28.35	27.5	27.8	6583300
10/04/16	28.3	28.6	28.15	28.35	10636100
10/03/16	28.15	28.6	28.15	28.3	5750500
09/30/16	28.8	28.8	27.85	28.15	15653000
09/29/16	27.55	28.85	27.55	28.85	16887600
09/28/16	27	28	26.9	27.6	10556100
09/27/16	27.35	27.35	26.85	27	16903600
09/26/16	27.9	27.9	27.35	27.35	9948200
09/23/16	28.1	28.5	27.75	27.9	7766400
09/22/16	28	28.75	28	28	15456000
09/21/16	27.85	28.05	27.5	27.7	11988700
09/20/16	27.05	27.85	27.05	27.85	9773300
09/19/16	27.2	27.45	26.75	27	10465300
09/16/16	27.8	28	27.1	27.1	38826000
09/15/16	26.8	27.9	26.8	27.9	10585100
09/14/16	26.65	27.4	26.6	27	14007100
09/13/16	26.85	27	26.5	26.7	17767000
09/09/16	27.3	27.5	26.75	26.9	17370000
09/08/16	27	28	26.5	27.3	19108699
09/07/16	28	28.05	26.95	27.2	26816301
09/06/16	28.5	28.6	27.75	28	21435400
09/05/16	28.7	28.75	28.35	28.5	25519900
09/02/16	29	29.45	28.6	28.75	10453100
09/01/16	29	29.3	28.45	28.55	32625699
08/31/16	28.85	29.85	28.25	29.85	20381301
08/30/16	29.5	29.5	28.4	29	17256600
08/26/16	29.45	29.45	28.75	29	19386900
08/25/16	29.05	29.45	28.85	29.45	6388700
08/24/16	29.05	29.4	28.9	29.4	8413100
08/23/16	28.8	29.2	28.75	29	11098800
08/22/16	28.7	29.35	28.55	29	9944400
08/19/16	29.3	29.3	28.5	28.65	18296000
08/18/16	29.35	30.05	28.95	29.3	12861200
08/17/16	29.6	29.7	29.05	29.35	8530500
08/16/16	30	30	29.05	29.6	19663100
08/15/16	29.45	30	28.7	29.85	18478801
08/12/16	30.1	30.25	29.2	29.45	10531000
08/11/16	30.3	30.7	29.8	30.05	8829100
08/10/16	30.25	30.4	29.9	30.25	12991900
08/09/16	30	30.55	29.9	30.2	13238500
08/08/16	29.9	30	29.6	29.9	11896900
08/05/16	29.3	29.9	29	29.9	15470000
08/04/16	29.25	29.35	29	29.25	21863000
08/03/16	29.6	29.6	28.7	29.25	15384300
08/02/16	30	30	29.4	29.6	6499200
08/01/16	29	30	28.85	29.85	11744300
07/29/16	29.6	29.65	29	29.2	17012199
07/28/16	30.05	30.05	28.9	29.55	16201500
07/27/16	30.1	30.4	29.95	30.05	9585800
07/26/16	30.25	30.45	30	30.1	7572000
07/25/16	30.9	30.95	30	30.15	12466500
07/22/16	30.95	30.95	30	30.1	28514301
07/21/16	29.9	31	29.85	31	21422600
07/20/16	30	30	29.85	29.95	24172900
07/19/16	29.75	30	29.65	30	5631000
07/18/16	30	30	29.55	29.7	6984400
07/15/16	29.95	30.5	29.8	30	22775400
07/14/16	29.95	30	29.65	29.9	41123398
07/13/16	29.6	30.15	29.6	29.95	45673301
07/12/16	28.3	29.6	28.3	29.4	40635301
07/11/16	27.7	28.5	27.7	28.3	17106801
07/08/16	27.15	27.6	27.15	27.5	14899000
07/07/16	27.6	28.2	27	27.1	32056500
07/05/16	28.1	28.5	26.9	27.55	17136199
07/04/16	27.8	28.3	27.75	28.1	22408699
07/01/16	27.3	27.75	27.25	27.65	28014400
06/30/16	27.5	28.4	26.4	27.3	39496000
06/29/16	26.4	27	26.2	27	11932000
06/28/16	26.2	26.3	25.9	26.3	19288801
06/27/16	25.35	26.2	24.9	26.2	14785600
06/24/16	25.9	26.4	24.95	25.65	17034000
06/23/16	25.7	25.85	25.5	25.65	17057600
06/22/16	26	26.05	25.55	25.55	7748200
06/21/16	25.7	26.15	25.6	25.8	15954200
06/20/16	25.45	25.7	25.2	25.4	9785600
06/17/16	25.7	26	25.2	25.45	52302000
06/16/16	25.45	25.95	25.35	25.4	16111800
06/15/16	25.1	25.9	24.9	25.2	13707300
06/14/16	24.55	25.2	24.5	25.1	13929800
06/13/16	24.4	25.2	24.15	25.2	18968900
06/10/16	25.15	25.65	24.25	24.25	20597000
06/09/16	25.8	25.95	24.65	24.65	12722700
06/08/16	25.55	26.4	25.55	25.8	21284500
06/07/16	25.3	26	25.3	25.45	20590600
06/06/16	25.2	25.3	25.05	25.1	10155600
06/03/16	25	25.15	24.9	24.95	16820699
06/02/16	24.4	25.2	24.3	24.8	16305500
06/01/16	24.05	24.4	24	24.3	40209801
05/31/16	24.4	25	24	24	23633400
05/30/16	24.8	24.8	24.25	24.6	6702400
05/27/16	24.35	24.9	24.3	24.8	8197600
05/26/16	24.6	24.6	24.1	24.35	8233900
05/25/16	24.35	24.9	24.35	24.6	5057800
05/24/16	24	24.6	23.9	24.25	11061300
05/23/16	23.5	24	23.2	23.9	13651800
05/20/16	24	24	23.05	23.5	21912301
05/19/16	25.1	25.1	24.2	24.2	12042200
05/18/16	24.8	25.6	24.75	25.1	20119699
05/17/16	24.8	25.3	24.15	24.7	19679199
05/16/16	24.05	24.9	24.05	24.55	26838100
05/13/16	24.8	24.85	23.8	23.8	24757301
05/12/16	24.95	25	24.2	24.9	30080000
05/11/16	24.2	25.5	24.2	25.25	54664301
05/10/16	22.65	24	22.05	24	43729199
05/06/16	22.6	22.7	22.35	22.65	17370199
05/05/16	22.9	22.9	22.45	22.6	15650100
05/04/16	22.5	23	22.1	22.9	16648199
05/03/16	22.75	22.9	22.5	22.5	8935300
05/02/16	22.45	22.8	21.8	22.75	8387300
04/29/16	22.7	22.8	22.4	22.65	12256400
04/28/16	22.5	22.95	22.5	22.9	12971900
04/27/16	22.5	22.75	22.3	22.45	13399600
04/26/16	22.65	22.65	22.5	22.6	10882100
04/25/16	22.75	22.75	22.4	22.65	7780600
04/22/16	22.6	22.9	22.05	22.8	11823800
04/21/16	22.45	22.8	22.1	22.6	9154100
04/20/16	21.8	22.4	21.8	22.4	11060100
04/19/16	22.15	22.25	21.05	22	20137500
04/18/16	22.75	22.75	22	22	8986400
04/15/16	22.85	23	22.4	22.85	3753400
04/14/16	22.9	23.05	22.8	22.85	8970800
04/13/16	22.8	23.35	22.7	22.9	13734000
04/12/16	22.5	22.75	22.4	22.65	6388300
04/11/16	22	22.8	22	22.5	7274600
04/08/16	21.7	22.3	21.55	22	11959000
04/07/16	21.7	21.95	21.65	21.7	12681800
04/06/16	21.9	21.95	21.45	21.65	11153500
04/05/16	22.3	22.3	21.75	21.9	10173600
04/04/16	22.05	22.6	22	22.3	3228200
04/01/16	22.05	22.45	21.95	22.15	10603900
03/31/16	22.1	22.75	21.65	21.95	28230900
03/30/16	22.15	22.4	21.9	21.95	15200200
03/29/16	22.45	22.8	22	22.15	8842800
03/28/16	22.1	22.7	22.1	22.45	7795800
03/23/16	22.5	22.5	21.75	22.4	8006600
03/22/16	22.1	22.55	22.05	22.55	20375199
03/21/16	21.45	22.45	21.45	22.15	24957100
03/18/16	21.4	21.7	21.4	21.45	24742199
03/17/16	21	21.55	21	21.4	15135600
03/16/16	21.25	21.25	20.9	21.05	15575900
03/15/16	21.25	21.5	21.15	21.3	16367700
03/14/16	21.35	21.4	21.2	21.25	20010000
03/11/16	21.7	21.7	21.3	21.4	14316600
03/10/16	21.45	21.95	21.3	21.75	11932800
03/09/16	21.2	21.45	20.8	21.45	9745300
03/08/16	21.1	21.3	21	21.2	10402700
03/07/16	21.05	21.4	20.95	21.1	13877400
03/04/16	21.5	21.5	20.8	20.9	9044300
03/03/16	21.35	21.6	21.25	21.4	20001900
03/02/16	21.15	21.3	21	21.3	16667000
03/01/16	20.9	20.95	20.65	20.7	7110600
02/29/16	20.5	21	20.35	20.7	13574700
02/26/16	20.1	20.75	20.05	20.5	6015900
02/24/16	20.75	20.75	20.15	20.5	15227400
02/23/16	20.85	20.95	20.7	20.8	9375000
02/22/16	21.1	21.1	20.55	20.75	13646900
02/19/16	21.4	21.4	21.05	21.1	8016800
02/18/16	21.35	21.5	21.05	21.4	10927100
02/17/16	21.6	21.6	21	21.35	9730400
02/16/16	21.4	21.8	21.35	21.4	20912699
02/15/16	21.2	21.8	21.2	21.35	9477000
02/12/16	21	22	20.9	21	13074400
02/11/16	20.9	21.9	20.7	21.55	12006700
02/10/16	20.5	21.4	20.5	20.9	5328100
02/09/16	20.7	20.85	20.6	20.65	4041300
02/05/16	20.8	21.3	20.8	21	5905100
02/04/16	20.85	21.25	20.6	21	14969200
02/03/16	21.1	21.2	20.45	20.85	12899800
02/02/16	21.05	21.35	20.8	21.2	11670700
02/01/16	21	21.6	21	21.45	11253100
01/29/16	20.9	21.7	20.9	21.15	23342699
01/28/16	20.85	21.1	20.15	21	31397400
01/27/16	20.25	21.1	20.05	20.9	21938199
01/26/16	19.7	20.4	19.5	19.98	11698100
01/25/16	19.4	20.2	19.26	20.2	7835600
01/22/16	18.84	19.22	18.82	19.22	19777400
01/21/16	18.94	19.06	18.7	18.84	16209300
01/20/16	19.52	19.98	18.94	19.06	8592700
01/19/16	19.6	19.98	19.52	19.52	4940800
01/18/16	19.38	19.68	19.12	19.5	13799000
01/15/16	20.2	20.55	19.9	19.9	11992100
01/14/16	20	20.4	19.9	19.9	15583400
01/13/16	19.82	20.9	19.8	20.65	54661000
01/12/16	19.74	20.1	19.62	19.82	17659301
01/11/16	20.4	20.4	19.02	19.2	22597500
01/08/16	20.05	21.1	20.05	20.6	14357600
01/07/16	21.6	21.6	20.5	20.5	12862900
01/06/16	21.55	21.75	21.2	21.2	11926300
01/05/16	21.3	21.85	20.9	21.55	7919700
01/04/16	21.85	21.85	21.05	21.35	8714300
12/29/15	22.05	22.3	21.45	21.7	32043301
12/28/15	22.4	22.45	21.8	22.05	6761900
12/23/15	22.65	22.85	22.4	22.4	8940900
12/22/15	21.9	22.5	21.85	22.5	27449100
12/21/15	21.85	22.4	21.85	21.85	14634800
12/18/15	22.45	22.45	21.75	21.8	31229100
12/17/15	22.4	22.75	22.3	22.5	23445801
12/16/15	22	22.5	21.95	22	10930900
12/15/15	22	22.2	21.75	21.75	5784300
12/14/15	21.2	22.95	20.75	22.95	7662800
12/11/15	21.25	21.5	20.8	21.2	4607500
12/10/15	21.55	21.6	21.05	21.15	12180100
12/09/15	20.75	21.8	20.75	21.55	10216300
12/08/15	21.4	21.45	21	21	4410600
12/07/15	21.45	21.85	21.35	21.4	13274900
12/04/15	21.8	21.8	21.3	21.3	9843400
12/03/15	22.35	22.45	21.8	22.15	4530100
12/02/15	22.25	22.5	22.05	22.35	7856600
12/01/15	21.1	22.5	21.1	22.3	20364699
11/27/15	21.85	22.3	21.1	21.5	37029699
11/26/15	22	22.2	21.8	21.85	11116000
11/25/15	21.4	22	21.35	21.95	14996100
11/24/15	21.4	21.4	21.2	21.4	8614200
11/23/15	20.9	21.7	20.6	21.4	14483900
11/20/15	20.6	20.95	20.6	20.9	8149300
11/17/15	20.5	21.15	20.25	20.45	13781500
11/16/15	20.7	20.8	19.9	20.3	13752200
11/13/15	21.05	21.25	20.8	21.1	10327800
11/12/15	21.9	21.9	21.25	21.25	31364699
11/11/15	21.35	22	21	22	12867100
11/10/15	21.65	21.8	21.3	21.5	7739500
11/09/15	21.75	21.75	21.55	21.7	2506000
11/06/15	21.7	22.2	21.5	21.8	6981900
11/05/15	22.3	22.3	21.65	21.7	4252000
11/04/15	21.85	22.5	21.85	22.4	7614600
11/03/15	22.1	22.4	21.7	21.8	13112800
11/02/15	21.7	22	21.45	22	6587200
10/30/15	21.9	22.4	21.6	21.6	30094100
10/29/15	22.45	22.5	21.65	21.7	12609500
10/28/15	22.6	22.65	22.35	22.45	7524800
10/27/15	22.2	22.75	22	22.7	11992900
10/26/15	22.8	23.2	22.35	22.4	13530000
10/23/15	22.2	22.8	22.15	22.65	21060400
10/22/15	21.95	22.15	21.85	22.15	24557301
10/21/15	21.6	22.15	21.6	22	11732500
10/20/15	21.55	21.6	21.25	21.6	9101600
10/19/15	21.5	21.85	21.5	21.6	4163800
10/16/15	21.6	21.7	21.45	21.5	7097700
10/15/15	21.5	21.6	21.05	21.4	27724900
10/14/15	21.2	22	21	21	29048400
10/13/15	21.85	21.9	21.1	21.1	9722000
10/12/15	21.65	22	21.4	21.85	6201900
10/09/15	21.5	21.8	21.35	21.65	9248100
10/08/15	21.5	21.9	21.1	21.4	6215500
10/07/15	21	21.5	21	21.5	11184400
10/06/15	21.8	22	20.8	21	17899600
10/05/15	20.5	22.1	20.45	21.5	24169900
10/02/15	20.7	20.9	20.2	20.5	6871100
10/01/15	21	21.05	20.4	20.7	10235500
09/30/15	20.3	20.65	20.3	20.65	14785300
09/29/15	19.9	20.35	19.62	20.1	21955400
09/28/15	20	20.35	19.9	19.96	3542300
09/24/15	19.88	20	19.78	19.84	13912800
09/23/15	20.5	20.5	19.88	19.9	20501500
09/22/15	21.5	21.65	20.5	20.9	10129600
09/21/15	21.8	21.9	21.15	21.35	10757100
09/18/15	21.1	22.35	21.05	22.35	51403801
09/17/15	20.2	21	20.2	21	20351699
09/16/15	20.05	20.65	20.05	20.1	15371400
09/15/15	19.92	20.25	19.84	20.05	23273500
09/14/15	19.6	19.96	19.34	19.9	13052900
09/11/15	19.5	19.7	19.4	19.6	21935000
09/10/15	19.4	19.6	19.2	19.46	8328600
09/09/15	19.3	19.5	19.04	19.5	20209199
09/08/15	19.08	19.18	18.84	19.1	10821100
09/07/15	19	19.3	18.88	19.04	13727600
09/04/15	19.58	19.6	19	19.06	23725600
09/03/15	19.9	19.9	19.42	19.5	16231900
09/02/15	19.66	19.92	19.18	19.84	16857500
09/01/15	19.5	20.3	19.5	19.86	24740301
08/28/15	19.5	19.62	19.12	19.5	23676600
08/27/15	19.4	19.86	19.04	19.48	42865398
08/26/15	18.8	19.12	18.6	18.8	33254102
08/25/15	18.4	18.88	18.1	18.8	26968301
08/24/15	19.5	19.5	18.3	18.7	27362699
08/20/15	20	20.1	19.94	20	7178100
08/19/15	20	20.2	19.96	20	10779700
08/18/15	20.05	20.45	19.94	20	15019100
08/17/15	20.15	20.4	19.92	20	13777700
08/14/15	20.75	20.9	19.98	19.98	31180801
08/13/15	21.75	21.75	20.85	20.95	15289100
08/12/15	21.8	21.9	21.4	21.75	13431500
08/11/15	21.9	22	21.8	22	10792200
08/10/15	21.8	22.2	21.7	21.95	5533600
08/07/15	21.8	21.8	21.25	21.8	11739200
08/06/15	22.15	22.5	21.25	21.8	25225400
08/05/15	21.8	22.3	21.8	22	10934400
08/04/15	22	22.05	21.6	21.8	11237000
08/03/15	21.45	22.3	21.45	21.6	18315600
07/31/15	20.85	21.6	20.85	21.45	21159000
07/30/15	21	21.8	21	21.25	18289900
07/29/15	21	21.3	20.9	21	10928400
07/28/15	20.5	21.3	20.5	20.85	10437500
07/27/15	21.1	21.25	20.5	20.5	8690000
07/24/15	21.5	21.5	21.1	21.3	6892500
07/23/15	21.3	21.5	21.1	21.5	10832100
07/22/15	21.35	21.5	21.05	21.5	5896500
07/21/15	21	21.65	21	21.4	37107500
07/20/15	21	21.05	20.75	21	8363700
07/16/15	20.5	21.1	20.35	21	36627602
07/15/15	20.35	20.65	20.3	20.5	8624600
07/14/15	20.15	20.7	20.15	20.3	10093300
07/13/15	20.15	20.75	19.98	20.7	9195900
07/10/15	20.2	20.25	20.05	20.15	40957398
07/09/15	20	20.4	19.8	20.2	33037898
07/08/15	20.2	20.6	19.96	20.35	16145000
07/07/15	20	20.25	19.98	20.2	10624300
07/06/15	20.15	20.25	19.86	19.96	5392000
07/03/15	19.94	20.35	19.94	20.35	9617200
07/02/15	19.94	20.7	19.8	19.94	34918102
07/01/15	19.8	20.1	19.6	20	23765500
06/30/15	19.8	19.98	19.5	19.98	10961000
06/29/15	19.9	19.92	19.4	19.84	7965400
06/26/15	20	20	19.8	19.96	30246699
06/25/15	20.05	20.15	19.9	20	35262199
06/24/15	19.42	20.2	19.42	20.2	14800400
06/23/15	19.68	19.68	19.2	19.42	6021900
06/22/15	19.78	19.78	19	19.6	3385300
06/19/15	19.6	19.82	19.44	19.44	46815699
06/18/15	19.46	19.7	19.36	19.58	14538400
06/17/15	19.26	19.48	19.24	19.42	8660200
06/16/15	18.92	19.28	18.88	19.24	9213100
06/15/15	19.26	19.48	18.9	18.9	25650699
06/11/15	19.14	19.46	19.02	19.46	5877000
06/10/15	18.7	19.14	18.7	19.1	8310400
06/09/15	19.12	19.3	18.56	18.7	10526600
06/08/15	19.4	19.5	19.18	19.48	3095900
06/05/15	19.5	19.52	19.12	19.4	25944400
06/04/15	19.7	19.7	19.16	19.5	9501800
06/03/15	19.2	19.4	18.84	19.4	27141000
06/02/15	19.2	19.3	18.9	19.26	9529600
06/01/15	19.24	19.44	18.76	19.4	7937400
05/29/15	19	19.7	18.9	19.24	21089699
05/28/15	19.36	19.38	18.6	18.78	17471100
05/27/15	19.52	19.52	19.1	19.36	41435000
05/26/15	19.68	19.68	19.4	19.52	15268800
05/25/15	19.68	19.68	19.54	19.64	3785100
05/22/15	19.9	19.9	19.64	19.7	17015301
05/21/15	19.8	19.9	19.44	19.58	9612700
05/20/15	19.94	20	19.76	19.8	30542199
05/19/15	20.2	20.2	19.8	19.94	10566500
05/18/15	19.7	20.1	19.7	20.1	5630800
05/15/15	19.68	19.98	19.62	19.7	5482500
05/14/15	19.62	19.68	19.48	19.56	13652200
05/13/15	19.6	19.7	19.46	19.52	5861400
05/12/15	19.64	19.68	19.44	19.64	7249800
05/11/15	19.64	19.78	19.56	19.64	7752900
05/08/15	19.9	19.94	19.64	19.64	7322400
05/07/15	19.56	19.96	19.2	19.9	13295000
05/06/15	19.86	19.86	19.54	19.6	32406500
05/05/15	19.2	19.9	19.2	19.9	24580801
05/04/15	18.7	19.18	18.4	19	23848199
04/30/15	19.1	19.2	18.6	18.66	43654000
04/29/15	19.42	19.58	19.04	19.1	67230094
04/28/15	20.2	20.2	19.4	19.4	13620100
04/27/15	19.88	20.2	19.74	20.15	15405500
04/24/15	19.7	19.84	19.5	19.84	49123398
04/23/15	19.6	19.8	19.22	19.6	55476199
04/22/15	19.36	19.46	19.08	19.1	21567900
04/21/15	19.22	19.4	19.18	19.3	14368900
04/20/15	19.82	19.82	19.02	19.06	23930900
04/17/15	19.84	20.2	19.52	19.8	18587000
04/16/15	19.88	20.1	19.68	19.8	10195600
04/15/15	20.5	20.6	19.54	19.86	25816600
04/14/15	20.45	20.95	20.3	20.5	10024500
04/13/15	20.65	20.7	20.3	20.45	11223500
04/10/15	20.3	20.9	20.3	20.65	15598900
04/08/15	21.05	21.05	20.4	20.6	10755400
04/07/15	20.65	21.35	20.55	21.05	15938700
04/06/15	20.25	20.65	20.1	20.4	8515800
04/01/15	20	20.35	19.98	20.1	13406100
03/31/15	20	20.1	19.82	19.98	12430100
03/30/15	20.35	20.6	19.6	19.6	12460700
03/27/15	19.9	20.2	19.9	20.15	8480600
03/26/15	20	20.3	19.8	19.9	30144199
03/25/15	20.35	20.35	19.94	20.2	7341300
03/24/15	20.25	20.35	19.86	20.2	14225500
03/23/15	19.9	20.2	19.9	20.2	16238600
03/20/15	19.52	20.2	19.52	20.2	15911000
03/19/15	19.78	19.96	19.64	19.76	16755900
03/18/15	19.78	19.8	19.3	19.7	17370600
03/17/15	19.4	19.88	19.4	19.8	7588000
03/16/15	19.8	19.88	19.28	19.28	5209000
03/13/15	19.6	19.8	19.54	19.8	10672300
03/12/15	19.44	19.9	19.44	19.6	13307800
03/11/15	19.58	19.58	19.2	19.3	9431800
03/10/15	19.66	19.86	19.66	19.7	15258400
03/09/15	19.9	19.9	19.5	19.66	4310700
03/06/15	19.82	19.94	19.76	19.9	7266600
03/05/15	19.8	19.96	19.68	19.8	10703700
03/04/15	19.6	19.9	19.56	19.7	6682700
03/03/15	19.86	19.86	19.54	19.6	9782400
03/02/15	19.68	19.7	19.4	19.6	16154200
02/27/15	20.2	20.4	19.54	19.76	126406094
02/26/15	20	20.25	19.9	20.2	24167500
02/25/15	20.2	20.4	19.98	20.2	16653301
02/24/15	19.5	20.05	19.5	20	37511301
02/23/15	19.64	19.74	19.32	19.4	11070900
02/20/15	19.94	19.94	19.6	19.68	5431500
02/18/15	19.72	20.4	19.64	19.94	27610600
02/17/15	19.4	19.76	19.34	19.6	9093300
02/16/15	19.6	19.8	19.38	19.38	3430000
02/13/15	19.52	19.72	19.4	19.58	9749800
02/12/15	19.76	19.8	19.44	19.52	24352600
02/11/15	19.1	19.6	19.02	19.12	25841801
02/10/15	19.26	19.26	18.9	18.94	10602200
02/09/15	18.92	19.22	18.92	19.02	8554200
02/06/15	18.6	19.2	18.6	18.92	12060700
02/05/15	18.6	18.7	18.38	18.44	9160700
02/04/15	18.5	19.06	18.5	18.6	14986800
02/03/15	18.56	18.76	18.28	18.44	11818500
02/02/15	18.6	18.76	18.44	18.7	10868700
01/30/15	18.7	19	18.6	18.6	25035199
01/29/15	18.88	19.26	18.6	18.68	21792600
01/28/15	19.38	19.4	19.04	19.1	8715900
01/27/15	19.4	19.4	19.26	19.4	11684000
01/26/15	19.18	19.48	19.18	19.4	29211301
01/23/15	18.8	19.2	18.8	19.2	22885199
01/22/15	18.56	18.62	18	18.52	17651000
01/21/15	18.6	18.88	18.34	18.58	13227600
01/20/15	18.74	19.1	18.52	18.6	21674801
01/19/15	18	18.8	17.9	18.78	39075699
01/14/15	17.48	17.94	17.48	17.9	15435600
01/13/15	17.44	17.6	17.3	17.46	8441900
01/12/15	17.44	17.58	17.42	17.44	9682200
01/09/15	17.24	17.48	17.24	17.38	13433300
01/08/15	16.8	17.3	16.8	17.2	12347900
01/07/15	16.78	17.1	16.7	16.88	6011300
01/06/15	16.8	16.9	16.7	16.78	7051200
01/05/15	17	17	16.82	16.82	5330700