TEL 1216

12/27/19	999.5	1003	988	988	124630
12/26/19	1020	1023	998.5	999.5	91490
12/23/19	1000	1020	999.5	1020	91005
12/20/19	999	1000	978.5	1000	379340
12/19/19	991.5	1000	990	999	152220
12/18/19	997.5	1000	990	1000	143740
12/17/19	990	997.5	981	994.5	97040
12/16/19	1001	1004	985.5	990	75280
12/13/19	1003	1015	999	1001	89210
12/12/19	1003	1013	998	998	64820
12/11/19	1001	1018	1001	1003	78050
12/10/19	1033	1033	1000	1000	295135
12/09/19	1057	1057	1022	1035	120295
12/06/19	1051	1084	1045	1052	123065
12/05/19	1071	1088	1040	1042	116825
12/04/19	1068	1095	1068	1072	45470
12/03/19	1066	1095	1066	1085	30215
12/02/19	1100	1100	1062	1064	62110
11/29/19	1088	1090	1075	1075	75745
11/28/19	1100	1100	1075	1087	99675
11/27/19	1103	1105	1080	1080	88760
11/26/19	1094	1108	1094	1108	285125
11/25/19	1106	1114	1090	1094	57075
11/22/19	1091	1116	1081	1116	96885
11/21/19	1100	1107	1085	1098	93070
11/20/19	1104	1109	1099	1100	31720
11/19/19	1107	1114	1100	1112	63630
11/18/19	1102	1110	1101	1102	123840
11/15/19	1100	1108	1097	1104	54240
11/14/19	1100	1106	1090	1100	82475
11/13/19	1101	1110	1100	1100	69365
11/12/19	1117	1117	1105	1108	46105
11/11/19	1101	1112	1101	1106	51605
11/08/19	1100	1119	1099	1110	45170
11/07/19	1120	1120	1097	1110	128945
11/06/19	1133	1133	1108	1121	64050
11/05/19	1120	1146	1114	1133	182370
11/04/19	1104	1127	1100	1111	64520
10/31/19	1093	1108	1093	1100	64910
10/30/19	1106	1106	1089	1090	103425
10/29/19	1093	1118	1093	1100	106285
10/28/19	1100	1109	1091	1092	205075
10/25/19	1119	1119	1099	1099	47465
10/24/19	1114	1120	1102	1110	126605
10/23/19	1120	1124	1112	1112	68550
10/22/19	1115	1138	1106	1120	98600
10/21/19	1110	1123	1104	1115	35225
10/18/19	1107	1115	1107	1110	57960
10/17/19	1105	1117	1105	1106	87545
10/16/19	1105	1127	1100	1115	65715
10/15/19	1112	1114	1095	1100	73525
10/14/19	1107	1125	1107	1116	28945
10/11/19	1110	1133	1108	1108	93580
10/10/19	1096	1118	1096	1107	41140
10/09/19	1100	1102	1090	1095	91160
10/08/19	1104	1142	1095	1100	85020
10/07/19	1100	1108	1090	1100	22290
10/04/19	1098	1107	1092	1098	53790
10/03/19	1110	1110	1090	1100	111240
10/02/19	1120	1124	1102	1120	46725
10/01/19	1131	1132	1120	1128	66215
09/30/19	1128	1145	1127	1132	74880
09/27/19	1130	1149	1127	1127	83115
09/26/19	1120	1130	1116	1127	48545
09/25/19	1110	1116	1100	1108	47135
09/24/19	1105	1120	1105	1108	79885
09/23/19	1148	1158	1112	1112	95815
09/20/19	1159	1175	1145	1147	298000
09/19/19	1172	1177	1155	1159	51900
09/18/19	1177	1177	1165	1169	33505
09/17/19	1175	1179	1167	1179	36375
09/16/19	1200	1200	1155	1175	102215
09/13/19	1195	1205	1191	1204	61910
09/12/19	1196	1196	1176	1194	39095
09/11/19	1180	1198	1180	1197	101170
09/10/19	1159	1184	1159	1180	124535
09/09/19	1152	1160	1146	1154	66240
09/06/19	1150	1154	1140	1144	38720
09/05/19	1133	1156	1133	1140	130900
09/04/19	1157	1160	1133	1133	87205
09/03/19	1164	1184	1148	1148	76175
09/02/19	1170	1170	1151	1164	22545
08/30/19	1124	1179	1121	1179	190395
08/29/19	1120	1130	1111	1125	174690
08/28/19	1120	1129	1110	1120	146810
08/27/19	1132	1144	1100	1117	235315
08/23/19	1128	1156	1116	1149	146335
08/22/19	1106	1135	1090	1130	249975
08/20/19	1118	1118	1105	1105	132770
08/19/19	1142	1150	1134	1149	132250
08/16/19	1141	1184	1131	1131	152215
08/15/19	1163	1165	1126	1152	116125
08/14/19	1177	1190	1150	1170	149875
08/13/19	1185	1210	1140	1170	393760
08/09/19	1168	1208	1168	1184	232525
08/08/19	1100	1164	1092	1164	145780
08/07/19	1117	1145	1080	1090	286420
08/06/19	1144	1144	1105	1105	100635
08/05/19	1150	1159	1138	1145	148750
08/02/19	1144	1165	1130	1150	140275
08/01/19	1150	1150	1130	1145	40395
07/31/19	1150	1150	1125	1150	114400
07/30/19	1135	1163	1134	1138	118375
07/29/19	1139	1148	1133	1134	77615
07/26/19	1148	1160	1126	1135	75280
07/25/19	1139	1160	1119	1160	108585
07/24/19	1155	1165	1120	1120	123975
07/23/19	1184	1198	1148	1148	252305
07/22/19	1176	1189	1174	1184	58350
07/19/19	1198	1203	1187	1187	165360
07/18/19	1200	1200	1176	1180	177225
07/17/19	1228	1228	1185	1185	66910
07/16/19	1222	1238	1200	1200	126840
07/15/19	1220	1235	1214	1222	73970
07/12/19	1224	1245	1214	1214	137130
07/11/19	1209	1222	1190	1210	119575
07/10/19	1194	1200	1188	1198	76470
07/09/19	1205	1225	1179	1193	149155
07/08/19	1259	1259	1204	1205	62835
07/05/19	1246	1267	1240	1240	68375
07/04/19	1265	1272	1240	1240	52495
07/03/19	1290	1290	1256	1256	53050
07/02/19	1272	1286	1268	1280	51305
07/01/19	1290	1295	1266	1272	57175
06/28/19	1300	1318	1274	1290	99280
06/27/19	1280	1304	1280	1303	118600
06/26/19	1300	1300	1274	1288	47160
06/25/19	1299	1302	1288	1299	102040
06/24/19	1280	1304	1276	1294	96210
06/21/19	1263	1280	1252	1280	293410
06/20/19	1232	1265	1232	1251	174075
06/19/19	1213	1245	1201	1231	289610
06/18/19	1195	1206	1164	1178	190270
06/17/19	1230	1239	1195	1195	256930
06/14/19	1238	1240	1225	1230	142640
06/13/19	1230	1238	1230	1231	344285
06/11/19	1232	1262	1229	1230	158995
06/10/19	1232	1244	1227	1230	109600
06/07/19	1232	1239	1230	1230	122420
06/06/19	1246	1268	1230	1230	269330
06/04/19	1263	1278	1240	1244	840035
06/03/19	1340	1373	1331	1358	185595
05/31/19	1293	1350	1293	1350	220625
05/30/19	1274	1317	1271	1280	196310
05/29/19	1281	1300	1273	1273	88160
05/28/19	1283	1316	1273	1277	593715
05/27/19	1313	1340	1282	1282	76155
05/24/19	1301	1350	1280	1350	168195
05/23/19	1320	1340	1311	1327	126635
05/22/19	1299	1333	1293	1321	168020
05/21/19	1270	1310	1264	1303	158165
05/20/19	1256	1275	1256	1270	101950
05/17/19	1230	1264	1230	1255	145410
05/16/19	1222	1238	1210	1220	181770
05/15/19	1225	1244	1213	1221	121270
05/14/19	1240	1279	1214	1240	231055
05/10/19	1288	1288	1240	1240	167310
05/09/19	1250	1290	1231	1290	353170
05/08/19	1230	1248	1220	1245	91700
05/07/19	1230	1257	1220	1254	66855
05/06/19	1220	1250	1205	1245	83860
05/03/19	1240	1260	1200	1220	120425
05/02/19	1230	1242	1220	1240	50945
04/30/19	1206	1230	1200	1230	114255
04/29/19	1208	1212	1190	1208	189760
04/26/19	1235	1235	1214	1220	97555
04/25/19	1237	1237	1202	1234	99875
04/24/19	1230	1238	1227	1232	54865
04/23/19	1240	1240	1225	1233	104865
04/22/19	1220	1240	1219	1240	189495
04/17/19	1195	1227	1192	1224	203475
04/16/19	1175	1199	1169	1195	95675
04/15/19	1183	1186	1160	1160	63785
04/12/19	1163	1180	1162	1179	156820
04/11/19	1163	1168	1152	1165	130625
04/10/19	1165	1168	1150	1165	243265
04/08/19	1140	1160	1135	1150	276855
04/05/19	1145	1154	1140	1145	84205
04/04/19	1130	1150	1130	1146	102115
04/03/19	1137	1140	1121	1131	78485
04/02/19	1120	1132	1112	1130	139515
04/01/19	1139	1139	1102	1105	82710
03/29/19	1150	1150	1137	1150	174315
03/28/19	1182	1182	1139	1139	103930
03/27/19	1168	1187	1160	1167	56825
03/26/19	1149	1174	1149	1164	175025
03/25/19	1180	1182	1142	1149	92070
03/22/19	1181	1188	1180	1185	76585
03/21/19	1160	1190	1160	1180	93395
03/20/19	1160	1165	1152	1160	132395
03/19/19	1154	1160	1146	1148	90425
03/18/19	1160	1164	1137	1150	108415
03/15/19	1133	1161	1113	1161	356070
03/14/19	1120	1156	1120	1132	218560
03/13/19	1116	1119	1102	1119	74370
03/12/19	1090	1113	1089	1107	114980
03/11/19	1077	1097	1075	1075	160875
03/08/19	1060	1095	1060	1075	119850
03/07/19	1088	1105	1070	1075	224830
03/06/19	1082	1106	1081	1085	152970
03/05/19	1050	1076	1037	1075	156495
03/04/19	1030	1045	1025	1036	204860
03/01/19	1040	1046	1025	1030	211705
02/28/19	1052	1052	1015	1030	458410
02/27/19	1098	1098	1030	1050	181775
02/26/19	1117	1120	1081	1098	118345
02/22/19	1090	1123	1083	1113	279075
02/21/19	1096	1100	1070	1080	176520
02/20/19	1107	1140	1070	1070	322095
02/19/19	1126	1126	1101	1101	174850
02/18/19	1131	1148	1110	1110	127245
02/15/19	1170	1202	1112	1112	247530
02/14/19	1190	1197	1170	1170	56385
02/13/19	1238	1238	1170	1190	150540
02/12/19	1216	1227	1215	1215	54175
02/11/19	1240	1247	1210	1216	92985
02/08/19	1277	1277	1230	1240	127535
02/07/19	1290	1294	1276	1283	80360
02/06/19	1318	1329	1290	1290	116440
02/04/19	1312	1316	1290	1300	54355
02/01/19	1285	1313	1285	1313	77855
01/31/19	1310	1324	1290	1290	184135
01/30/19	1365	1366	1300	1305	113875
01/29/19	1385	1386	1351	1380	93975
01/28/19	1330	1386	1330	1385	146975
01/25/19	1286	1329	1285	1328	254160
01/24/19	1255	1296	1254	1286	167305
01/23/19	1241	1253	1230	1253	92170
01/22/19	1228	1249	1220	1240	65090
01/21/19	1250	1258	1225	1225	21605
01/18/19	1237	1248	1237	1247	48240
01/17/19	1230	1247	1225	1237	112635
01/16/19	1225	1235	1199	1215	125685
01/15/19	1210	1220	1205	1215	128555
01/14/19	1228	1229	1187	1199	168465
01/11/19	1233	1255	1205	1205	149575
01/10/19	1185	1236	1182	1234	194335
01/09/19	1165	1186	1165	1186	104990
01/08/19	1162	1177	1140	1140	42255
01/07/19	1160	1192	1148	1148	73100
01/04/19	1158	1185	1148	1160	89605
01/03/19	1139	1164	1134	1158	81120
01/02/19	1169	1169	1128	1130	28825
12/28/18	1150	1150	1125	1125	110775
12/27/18	1150	1161	1137	1150	119760
12/26/18	1150	1156	1143	1150	41180
12/21/18	1169	1169	1139	1149	150175
12/20/18	1165	1176	1145	1170	148520
12/19/18	1150	1166	1138	1153	79345
12/18/18	1154	1155	1129	1129	133675
12/17/18	1141	1164	1139	1164	120825
12/14/18	1140	1146	1134	1140	66820
12/13/18	1154	1155	1134	1134	129525
12/12/18	1140	1154	1139	1140	63570
12/11/18	1165	1170	1140	1140	98690
12/10/18	1165	1179	1160	1168	31230
12/07/18	1188	1198	1165	1165	63700
12/06/18	1207	1207	1188	1188	86480
12/05/18	1190	1207	1189	1207	44425
12/04/18	1180	1200	1171	1196	161505
12/03/18	1188	1200	1157	1170	240650
11/29/18	1180	1200	1158	1158	347045
11/28/18	1176	1200	1165	1178	91330
11/27/18	1188	1200	1160	1176	88765
11/26/18	1208	1210	1182	1188	121800
11/23/18	1208	1223	1200	1200	36875
11/22/18	1224	1224	1198	1208	38115
11/21/18	1230	1230	1190	1225	89150
11/20/18	1235	1236	1200	1216	34310
11/19/18	1170	1236	1170	1236	73780
11/16/18	1190	1225	1165	1165	108705
11/15/18	1177	1200	1165	1165	49095
11/14/18	1183	1209	1150	1177	72970
11/13/18	1200	1221	1178	1180	86345
11/12/18	1220	1244	1202	1202	103805
11/09/18	1284	1284	1186	1220	104580
11/08/18	1321	1321	1272	1284	169425
11/07/18	1400	1400	1290	1321	160010
11/06/18	1419	1420	1375	1400	84730
11/05/18	1410	1419	1390	1419	121335
10/31/18	1355	1398	1340	1390	131710
10/30/18	1400	1409	1355	1355	38725
10/29/18	1370	1409	1355	1400	55075
10/26/18	1382	1385	1379	1381	51005
10/25/18	1395	1395	1368	1380	55200
10/24/18	1384	1415	1384	1396	41750
10/23/18	1410	1415	1370	1376	41640
10/22/18	1430	1435	1400	1411	34615
10/19/18	1425	1436	1390	1430	73660
10/18/18	1369	1420	1369	1420	34230
10/17/18	1375	1400	1361	1400	47865
10/16/18	1370	1400	1360	1400	37240
10/15/18	1400	1400	1368	1368	25505
10/12/18	1350	1400	1349	1400	65605
10/11/18	1370	1370	1340	1364	62060
10/10/18	1428	1428	1379	1386	42970
10/09/18	1415	1415	1390	1406	66765
10/08/18	1399	1448	1381	1415	162010
10/05/18	1380	1401	1376	1390	113100
10/04/18	1400	1400	1380	1394	58595
10/03/18	1405	1409	1370	1400	49295
10/02/18	1409	1409	1380	1399	45080
10/01/18	1344	1412	1336	1412	85870
09/28/18	1311	1363	1311	1350	203125
09/27/18	1365	1372	1270	1300	204330
09/26/18	1412	1412	1363	1365	37680
09/25/18	1436	1436	1401	1412	60705
09/24/18	1433	1438	1415	1438	48890
09/21/18	1415	1438	1397	1438	250360
09/20/18	1400	1410	1370	1370	54430
09/19/18	1424	1426	1395	1400	71265
09/18/18	1412	1425	1410	1410	76855
09/17/18	1415	1418	1401	1410	28440
09/14/18	1430	1430	1414	1415	115620
09/13/18	1428	1430	1406	1430	85165
09/12/18	1395	1428	1395	1428	101740
09/11/18	1404	1405	1392	1392	44420
09/10/18	1420	1420	1404	1404	63680
09/07/18	1424	1430	1411	1424	95445
09/06/18	1435	1435	1403	1425	74295
09/05/18	1410	1438	1401	1438	75015
09/04/18	1410	1439	1407	1430	49390
09/03/18	1420	1420	1403	1410	27670
08/31/18	1400	1415	1380	1393	101985
08/30/18	1403	1414	1398	1400	117405
08/29/18	1425	1425	1392	1415	43175
08/28/18	1439	1447	1416	1428	73160
08/24/18	1444	1444	1414	1439	58450
08/23/18	1404	1445	1400	1445	122030
08/22/18	1399	1408	1375	1408	54045
08/20/18	1395	1408	1386	1399	60285
08/17/18	1368	1395	1368	1395	36155
08/16/18	1375	1380	1341	1368	38140
08/15/18	1350	1370	1350	1350	49745
08/14/18	1352	1380	1350	1364	47540
08/13/18	1370	1398	1342	1370	41700
08/10/18	1352	1375	1345	1375	111985
08/09/18	1370	1378	1320	1347	116425
08/08/18	1320	1360	1320	1350	53840
08/07/18	1360	1380	1320	1320	26620
08/06/18	1396	1396	1355	1355	42215
08/03/18	1360	1380	1351	1380	85735
08/02/18	1370	1380	1351	1354	33045
08/01/18	1337	1385	1337	1385	92150
07/31/18	1360	1360	1327	1337	113740
07/30/18	1359	1364	1351	1359	71035
07/27/18	1355	1370	1345	1351	63910
07/26/18	1355	1380	1355	1361	75085
07/25/18	1340	1395	1338	1342	91800
07/24/18	1340	1348	1336	1340	26910
07/23/18	1374	1374	1342	1344	49885
07/20/18	1369	1372	1353	1372	29775
07/19/18	1367	1370	1355	1366	31695
07/18/18	1363	1370	1359	1365	59275
07/17/18	1340	1355	1327	1355	43775
07/16/18	1355	1355	1335	1340	46860
07/13/18	1350	1358	1340	1355	58350
07/12/18	1341	1356	1332	1350	106555
07/11/18	1310	1370	1310	1360	137835
07/10/18	1300	1333	1297	1323	94065
07/09/18	1294	1305	1290	1295	30970
07/06/18	1292	1299	1265	1290	35825
07/05/18	1299	1299	1273	1279	77130
07/04/18	1268	1299	1268	1299	52810
07/03/18	1257	1275	1257	1268	59965
07/02/18	1260	1295	1252	1295	80240
06/29/18	1248	1295	1235	1290	80060
06/28/18	1218	1275	1214	1248	120595
06/27/18	1195	1225	1180	1214	96415
06/26/18	1189	1195	1160	1195	68945
06/25/18	1189	1198	1151	1175	116810
06/22/18	1174	1174	1100	1133	180835
06/21/18	1230	1237	1150	1150	172815
06/20/18	1248	1248	1220	1230	91680
06/19/18	1251	1254	1210	1210	100435
06/18/18	1272	1273	1237	1251	120315
06/14/18	1288	1310	1272	1297	172195
06/13/18	1310	1310	1270	1299	72860
06/11/18	1317	1317	1298	1312	31520
06/08/18	1314	1319	1278	1319	48110
06/07/18	1301	1313	1289	1291	255500
06/06/18	1320	1328	1305	1314	21885
06/05/18	1301	1320	1290	1320	43190
06/04/18	1295	1320	1283	1302	51450
06/01/18	1276	1299	1269	1295	91065
05/31/18	1288	1300	1270	1295	315375
05/30/18	1320	1320	1288	1288	97300
05/29/18	1307	1328	1292	1316	55165
05/28/18	1380	1382	1295	1295	209040
05/25/18	1421	1422	1375	1380	99490
05/24/18	1379	1395	1361	1395	30495
05/23/18	1370	1395	1340	1374	131775
05/22/18	1367	1380	1360	1370	33400
05/21/18	1386	1386	1365	1366	29615
05/18/18	1374	1395	1354	1395	44225
05/17/18	1400	1400	1354	1354	58900
05/16/18	1411	1411	1381	1395	54365
05/15/18	1400	1433	1360	1411	59925
05/11/18	1392	1409	1390	1396	38075
05/10/18	1343	1435	1343	1376	84935
05/09/18	1380	1388	1342	1342	49220
05/08/18	1345	1392	1345	1380	88915
05/07/18	1370	1388	1336	1345	37090
05/04/18	1375	1375	1363	1366	33540
05/03/18	1399	1399	1365	1365	46495
05/02/18	1418	1425	1387	1387	61360
04/30/18	1434	1463	1410	1463	67345
04/27/18	1426	1448	1415	1434	47895
04/26/18	1405	1430	1400	1430	29770
04/25/18	1403	1420	1401	1415	50925
04/24/18	1397	1404	1394	1403	93165
04/23/18	1397	1400	1390	1397	31055
04/20/18	1380	1403	1380	1395	94995
04/19/18	1400	1415	1340	1370	233270
04/18/18	1400	1437	1400	1420	112185
04/17/18	1478	1478	1380	1405	201015
04/16/18	1470	1475	1429	1440	31660
04/13/18	1476	1482	1470	1470	39905
04/12/18	1454	1490	1454	1490	97045
04/11/18	1450	1463	1449	1450	72065
04/10/18	1490	1490	1438	1442	83550
04/06/18	1480	1493	1480	1487	210210
04/05/18	1485	1497	1468	1474	86625
04/04/18	1490	1490	1465	1482	96985
04/03/18	1475	1495	1465	1480	166515
04/02/18	1483	1536	1468	1470	177075
03/28/18	1472	1550	1470	1470	197395
03/27/18	1470	1486	1465	1472	50665
03/26/18	1485	1485	1452	1462	78465
03/23/18	1500	1500	1481	1500	97675
03/22/18	1480	1535	1471	1533	94520
03/21/18	1462	1475	1462	1470	247865
03/20/18	1520	1520	1450	1461	174600
03/19/18	1520	1523	1520	1521	122705
03/16/18	1540	1545	1514	1520	284890
03/15/18	1540	1549	1536	1545	81065
03/14/18	1555	1555	1518	1540	64590
03/13/18	1550	1567	1538	1567	48410
03/12/18	1568	1569	1540	1560	53900
03/09/18	1559	1567	1531	1540	23695
03/08/18	1530	1575	1520	1560	180655
03/07/18	1525	1528	1520	1525	66945
03/06/18	1528	1539	1520	1524	64495
03/05/18	1538	1538	1523	1534	39140
03/02/18	1541	1541	1522	1540	42800
03/01/18	1521	1560	1521	1541	49045
02/28/18	1569	1569	1520	1520	172035
02/27/18	1540	1569	1540	1569	91705
02/26/18	1551	1561	1533	1552	88470
02/23/18	1555	1568	1555	1566	60620
02/22/18	1570	1572	1553	1570	126090
02/21/18	1594	1594	1553	1572	93965
02/20/18	1557	1597	1522	1596	98105
02/19/18	1520	1555	1520	1555	75350
02/15/18	1555	1555	1511	1515	57650
02/14/18	1530	1560	1518	1555	137050
02/13/18	1525	1558	1503	1558	49310
02/12/18	1520	1529	1509	1525	90195
02/09/18	1510	1530	1500	1530	100995
02/08/18	1560	1564	1529	1540	213305
02/07/18	1532	1567	1530	1560	165555
02/06/18	1520	1540	1513	1530	267400
02/05/18	1530	1555	1510	1545	187215
02/02/18	1556	1567	1540	1558	47835
02/01/18	1579	1579	1555	1556	36645
01/31/18	1520	1570	1520	1569	101760
01/30/18	1566	1580	1510	1573	161280
01/29/18	1580	1601	1570	1601	486775
01/26/18	1508	1508	1480	1503	41915
01/25/18	1507	1509	1502	1508	83305
01/24/18	1507	1508	1505	1507	124060
01/23/18	1502	1515	1498	1506	181350
01/22/18	1480	1505	1480	1502	95285
01/19/18	1482	1485	1476	1482	100820
01/18/18	1460	1485	1450	1481	132320
01/17/18	1439	1460	1420	1460	139490
01/16/18	1410	1432	1398	1432	149545
01/15/18	1420	1440	1398	1398	71910
01/12/18	1408	1440	1408	1419	125830
01/11/18	1450	1455	1394	1400	125445
01/10/18	1450	1450	1420	1450	107945
01/09/18	1412	1475	1384	1419	232965
01/08/18	1470	1475	1388	1412	269010
01/05/18	1480	1500	1445	1445	303020
01/04/18	1500	1515	1460	1470	130805
01/03/18	1500	1515	1495	1497	99810
12/29/17	1485	1501	1480	1480	148145
12/28/17	1480	1510	1475	1480	99505
12/27/17	1487	1498	1480	1480	39205
12/22/17	1470	1500	1468	1470	102405
12/21/17	1485	1485	1450	1470	54130
12/20/17	1460	1486	1460	1480	102005
12/19/17	1545	1550	1450	1450	214795
12/18/17	1500	1548	1500	1540	74435
12/15/17	1484	1500	1484	1500	150640
12/14/17	1479	1500	1452	1500	121890
12/13/17	1448	1495	1447	1462	115435
12/12/17	1448	1454	1437	1440	125005
12/11/17	1515	1522	1437	1440	150485
12/08/17	1534	1534	1515	1515	90270
12/07/17	1498	1533	1498	1516	184475
12/06/17	1464	1525	1461	1491	211910
12/05/17	1459	1472	1445	1450	80775
12/04/17	1464	1470	1450	1450	96205
12/01/17	1482	1500	1451	1464	183705
11/29/17	1510	1516	1481	1481	204110
11/28/17	1571	1576	1490	1500	192935
11/27/17	1617	1619	1550	1570	136020
11/24/17	1639	1639	1570	1586	210885
11/23/17	1634	1640	1618	1639	40955
11/22/17	1635	1650	1610	1610	79005
11/21/17	1650	1656	1631	1631	119365
11/20/17	1664	1690	1656	1656	93795
11/17/17	1675	1677	1651	1660	62035
11/16/17	1651	1691	1645	1645	240220
11/15/17	1650	1689	1648	1650	61275
11/14/17	1653	1660	1638	1649	181760
11/13/17	1701	1705	1655	1658	172650
11/10/17	1712	1725	1690	1690	44130
11/09/17	1705	1755	1700	1715	112605
11/08/17	1715	1715	1688	1708	52020
11/07/17	1714	1721	1684	1721	57235
11/06/17	1667	1700	1667	1700	48635
11/03/17	1720	1724	1660	1660	111275
11/02/17	1692	1730	1680	1720	97460
10/30/17	1700	1710	1679	1710	73715
10/27/17	1718	1718	1674	1679	75075
10/26/17	1720	1720	1684	1698	68650
10/25/17	1740	1762	1701	1720	73970
10/24/17	1708	1746	1705	1740	206915
10/23/17	1709	1714	1690	1705	68595
10/20/17	1710	1710	1670	1708	274700
10/19/17	1697	1710	1680	1710	120505
10/18/17	1699	1700	1678	1700	107180
10/17/17	1641	1704	1641	1666	125340
10/13/17	1665	1665	1638	1641	94925
10/12/17	1690	1695	1664	1664	97330
10/11/17	1714	1714	1690	1690	67275
10/10/17	1695	1712	1685	1712	91900
10/09/17	1705	1705	1680	1694	88845
10/06/17	1705	1732	1700	1705	108905
10/05/17	1702	1710	1699	1705	55775
10/04/17	1662	1706	1662	1700	129745
10/03/17	1668	1674	1652	1660	68825
10/02/17	1658	1658	1639	1639	84585
09/29/17	1610	1668	1607	1668	143735
09/28/17	1608	1625	1605	1607	198135
09/27/17	1620	1630	1604	1615	216715
09/26/17	1654	1654	1625	1635	126075
09/25/17	1680	1680	1654	1654	42210
09/22/17	1680	1682	1676	1680	65340
09/21/17	1675	1688	1665	1684	88125
09/20/17	1668	1676	1660	1660	52780
09/19/17	1704	1718	1659	1660	121570
09/18/17	1710	1710	1690	1704	43260
09/15/17	1684	1705	1681	1690	206080
09/14/17	1680	1703	1678	1684	134300
09/13/17	1716	1716	1676	1680	67830
09/11/17	1695	1700	1683	1686	47295
09/08/17	1720	1729	1688	1695	74760
09/07/17	1723	1750	1721	1724	70730
09/06/17	1740	1740	1720	1720	166845
09/05/17	1750	1755	1730	1755	56950
09/04/17	1730	1750	1710	1750	67415
08/31/17	1710	1730	1691	1730	71795
08/30/17	1703	1715	1665	1710	105635
08/29/17	1743	1743	1700	1700	77185
08/25/17	1734	1745	1734	1743	21405
08/24/17	1730	1732	1715	1732	47145
08/23/17	1711	1730	1711	1730	25230
08/22/17	1728	1728	1690	1710	34645
08/18/17	1757	1777	1732	1732	109990
08/17/17	1751	1780	1743	1760	105305
08/16/17	1740	1749	1720	1740	60090
08/15/17	1730	1746	1726	1740	36575
08/14/17	1734	1743	1720	1730	129010
08/11/17	1716	1744	1690	1740	105470
08/10/17	1669	1717	1640	1712	216435
08/09/17	1658	1663	1620	1635	87475
08/08/17	1649	1658	1641	1658	89735
08/07/17	1638	1648	1638	1640	46735
08/04/17	1635	1648	1615	1630	76210
08/03/17	1621	1630	1609	1610	73825
08/02/17	1631	1656	1603	1603	238245
08/01/17	1636	1636	1603	1603	109645
07/31/17	1701	1701	1620	1637	277745
07/28/17	1710	1710	1693	1700	69340
07/27/17	1709	1719	1696	1696	88310
07/26/17	1700	1729	1700	1709	198270
07/25/17	1700	1703	1691	1698	115655
07/24/17	1700	1710	1680	1690	68355
07/21/17	1660	1700	1655	1700	156295
07/20/17	1685	1699	1662	1665	130780
07/19/17	1690	1700	1670	1680	140960
07/18/17	1720	1730	1661	1665	171455
07/17/17	1736	1740	1715	1725	132590
07/14/17	1739	1739	1699	1720	140300
07/13/17	1745	1761	1700	1700	134800
07/12/17	1718	1757	1718	1726	95400
07/11/17	1701	1727	1700	1710	135310
07/10/17	1759	1759	1701	1701	106385
07/07/17	1768	1768	1755	1759	42435
07/06/17	1770	1770	1759	1761	203000
07/05/17	1770	1775	1750	1767	96690
07/04/17	1768	1796	1768	1770	13085
07/03/17	1796	1796	1754	1770	97255
06/30/17	1794	1798	1760	1798	155860
06/29/17	1860	1870	1800	1800	104305
06/28/17	1863	1873	1854	1867	132135
06/27/17	1827	1878	1827	1867	73425
06/23/17	1825	1838	1820	1829	87660
06/22/17	1825	1825	1815	1815	42050
06/21/17	1859	1859	1814	1825	194470
06/20/17	1893	1910	1860	1870	43210
06/19/17	1890	1900	1866	1890	103850
06/16/17	1920	1924	1861	1900	2482300
06/15/17	1892	1944	1892	1920	372515
06/14/17	1856	1915	1847	1905	232695
06/13/17	1878	1878	1821	1850	216885
06/09/17	1873	1894	1870	1881	115300
06/08/17	1897	1897	1850	1873	103220
06/07/17	1866	1915	1856	1900	296595
06/06/17	1869	1880	1835	1870	215275
06/05/17	1825	1890	1825	1868	145720
06/02/17	1810	1860	1806	1830	397415
06/01/17	1736	1818	1736	1816	319075
05/31/17	1727	1750	1699	1728	948895
05/30/17	1755	1768	1727	1760	110740
05/29/17	1740	1766	1720	1755	161160
05/26/17	1710	1747	1687	1744	170990
05/25/17	1655	1718	1642	1718	128830
05/24/17	1620	1620	1602	1615	75890
05/23/17	1636	1638	1625	1630	103880
05/22/17	1638	1640	1622	1627	95215
05/19/17	1610	1618	1602	1610	101515
05/18/17	1627	1630	1610	1610	108725
05/17/17	1631	1670	1621	1645	108760
05/16/17	1650	1655	1621	1631	201890
05/15/17	1753	1753	1669	1679	230875
05/12/17	1720	1755	1645	1755	283790
05/11/17	1765	1770	1722	1722	155015
05/10/17	1759	1767	1742	1765	176045
05/09/17	1802	1808	1764	1765	127425
05/08/17	1771	1810	1768	1810	119370
05/05/17	1735	1797	1735	1768	232950
05/04/17	1735	1746	1728	1739	75950
05/03/17	1767	1767	1710	1728	103250
05/02/17	1768	1768	1740	1740	103230
04/27/17	1794	1794	1759	1770	103215
04/26/17	1758	1795	1733	1795	129895
04/25/17	1720	1765	1710	1765	89945
04/24/17	1705	1722	1704	1720	45740
04/21/17	1680	1718	1676	1698	94970
04/20/17	1670	1680	1645	1680	118070
04/19/17	1770	1775	1695	1700	275130
04/18/17	1760	1799	1759	1760	115775
04/17/17	1764	1769	1725	1748	81635
04/12/17	1771	1787	1765	1780	111815
04/11/17	1761	1790	1761	1770	227270
04/10/17	1743	1755	1713	1755	86730
04/07/17	1719	1771	1717	1730	188020
04/06/17	1745	1748	1705	1719	154380
04/05/17	1698	1746	1698	1746	250720
04/04/17	1664	1698	1661	1693	199600
04/03/17	1645	1666	1626	1658	108275
03/31/17	1605	1647	1599	1646	208365
03/30/17	1620	1620	1599	1606	76585
03/29/17	1622	1655	1605	1624	69270
03/28/17	1615	1640	1586	1640	119125
03/27/17	1563	1619	1541	1619	166835
03/24/17	1548	1570	1540	1570	68605
03/23/17	1536	1549	1520	1545	66215
03/22/17	1535	1535	1516	1518	83205
03/21/17	1540	1546	1527	1536	156315
03/20/17	1542	1542	1502	1530	52215
03/17/17	1529	1560	1504	1512	299920
03/16/17	1543	1545	1500	1500	141810
03/15/17	1534	1559	1521	1521	180375
03/14/17	1525	1528	1519	1521	157550
03/13/17	1535	1546	1521	1525	131740
03/10/17	1579	1579	1535	1535	117115
03/09/17	1552	1599	1552	1575	235360
03/08/17	1470	1550	1469	1550	360435
03/07/17	1470	1482	1430	1454	174510
03/06/17	1450	1476	1450	1470	73645
03/03/17	1425	1463	1425	1447	70765
03/02/17	1420	1449	1404	1425	88925
03/01/17	1430	1431	1400	1400	106425
02/28/17	1419	1460	1386	1460	100470
02/27/17	1417	1435	1400	1400	52640
02/24/17	1418	1440	1400	1400	111540
02/23/17	1418	1443	1415	1418	58135
02/22/17	1433	1449	1402	1418	104945
02/21/17	1463	1463	1430	1430	126610
02/20/17	1457	1461	1451	1457	79180
02/17/17	1500	1500	1451	1455	110590
02/16/17	1455	1500	1455	1495	108160
02/15/17	1476	1477	1450	1450	124970
02/14/17	1505	1505	1457	1471	144110
02/13/17	1514	1530	1489	1505	130080
02/10/17	1500	1535	1491	1520	91800
02/09/17	1468	1535	1467	1515	362010
02/08/17	1497	1497	1450	1451	111805
02/07/17	1500	1500	1480	1500	51120
02/06/17	1481	1505	1481	1500	98785
02/03/17	1454	1483	1454	1480	113240
02/02/17	1470	1492	1435	1450	59005
02/01/17	1497	1503	1440	1450	81575
01/31/17	1515	1516	1470	1470	54080
01/30/17	1490	1520	1490	1513	35315
01/27/17	1465	1501	1464	1495	53230
01/26/17	1488	1498	1457	1461	164680
01/25/17	1526	1543	1490	1490	113850
01/24/17	1518	1554	1504	1526	85800
01/23/17	1491	1535	1490	1518	50915
01/20/17	1505	1540	1490	1507	42420
01/19/17	1480	1519	1479	1505	98515
01/18/17	1448	1491	1448	1490	35510
01/17/17	1485	1500	1435	1440	141980
01/16/17	1480	1539	1468	1482	57640
01/13/17	1500	1507	1463	1481	196620
01/12/17	1565	1601	1500	1500	198005
01/11/17	1600	1605	1520	1565	157280
01/10/17	1540	1618	1540	1590	271570
01/09/17	1475	1539	1475	1536	187620
01/06/17	1453	1488	1452	1474	193890
01/05/17	1459	1516	1458	1488	220560
01/04/17	1379	1463	1379	1463	161570
01/03/17	1365	1378	1360	1370	100215
12/29/16	1375	1382	1352	1365	125615
12/28/16	1328	1354	1315	1354	43990
12/27/16	1330	1335	1306	1310	37350
12/23/16	1321	1322	1306	1313	72150
12/22/16	1314	1341	1310	1341	48645
12/21/16	1316	1345	1310	1336	149730
12/20/16	1349	1349	1289	1300	102300
12/19/16	1348	1350	1321	1350	91065
12/16/16	1340	1352	1335	1350	529625
12/15/16	1339	1339	1310	1318	111295
12/14/16	1335	1345	1334	1339	190755
12/13/16	1316	1332	1314	1320	164710
12/12/16	1370	1370	1310	1314	206120
12/09/16	1375	1386	1349	1370	153050
12/08/16	1327	1376	1327	1370	264655
12/07/16	1294	1315	1290	1315	80925
12/06/16	1283	1301	1281	1289	78840
12/05/16	1273	1292	1260	1280	169485
12/02/16	1296	1307	1270	1270	112020
12/01/16	1292	1320	1292	1300	441835
11/29/16	1342	1342	1266	1266	1590370
11/28/16	1324	1352	1321	1352	119775
11/25/16	1323	1340	1320	1324	117775
11/24/16	1360	1360	1321	1323	125965
11/23/16	1299	1365	1297	1365	98330
11/22/16	1348	1348	1295	1295	166725
11/21/16	1380	1381	1340	1340	152715
11/18/16	1399	1405	1369	1379	110375
11/17/16	1375	1405	1360	1395	135405
11/16/16	1350	1380	1339	1356	200215
11/15/16	1351	1408	1340	1340	182475
11/14/16	1406	1408	1325	1347	173705
11/11/16	1460	1462	1400	1406	226115
11/10/16	1455	1479	1455	1464	157575
11/09/16	1455	1480	1439	1444	212185
11/08/16	1485	1504	1440	1448	247345
11/07/16	1482	1491	1470	1470	122590
11/04/16	1459	1490	1458	1480	213215
11/03/16	1512	1514	1450	1450	232810
11/02/16	1530	1530	1501	1512	269640
10/28/16	1574	1574	1511	1530	186445
10/27/16	1585	1585	1547	1553	151730
10/26/16	1595	1600	1580	1580	138430
10/25/16	1620	1620	1595	1595	163070
10/24/16	1645	1646	1615	1620	84100
10/21/16	1666	1666	1638	1645	143965
10/20/16	1680	1696	1652	1670	196345
10/19/16	1640	1688	1640	1680	144430
10/18/16	1596	1641	1596	1640	198675
10/17/16	1613	1621	1590	1595	161595
10/14/16	1598	1625	1598	1613	198670
10/13/16	1599	1615	1596	1598	306650
10/12/16	1610	1611	1596	1602	325515
10/11/16	1604	1630	1604	1609	93390
10/10/16	1615	1620	1601	1601	124650
10/07/16	1628	1630	1604	1610	248190
10/06/16	1657	1657	1627	1639	269505
10/05/16	1660	1660	1622	1622	317110
10/04/16	1716	1740	1700	1700	123275
10/03/16	1715	1729	1712	1716	45955
09/30/16	1735	1737	1712	1712	76405
09/29/16	1701	1750	1701	1750	57920
09/28/16	1713	1713	1693	1700	57445
09/27/16	1734	1734	1700	1700	76640
09/26/16	1750	1752	1713	1734	101480
09/23/16	1760	1770	1730	1752	170255
09/22/16	1750	1765	1746	1756	229675
09/21/16	1737	1739	1706	1716	146420
09/20/16	1695	1740	1691	1734	126300
09/19/16	1682	1692	1666	1681	137895
09/16/16	1702	1740	1666	1666	584155
09/15/16	1730	1730	1684	1691	279725
09/14/16	1750	1751	1720	1740	156030
09/13/16	1800	1813	1750	1750	192020
09/09/16	1860	1860	1800	1800	137920
09/08/16	1801	1869	1801	1869	183715
09/07/16	1830	1830	1798	1812	128375
09/06/16	1804	1825	1799	1806	93430
09/05/16	1811	1833	1804	1804	49570
09/02/16	1806	1820	1800	1807	100900
09/01/16	1820	1821	1798	1800	179365
08/31/16	1820	1835	1795	1826	222935
08/30/16	1839	1842	1810	1820	141695
08/26/16	1829	1850	1809	1845	73035
08/25/16	1850	1850	1801	1831	71585
08/24/16	1810	1811	1789	1801	98705
08/23/16	1845	1845	1800	1800	96565
08/22/16	1830	1848	1827	1845	41720
08/19/16	1820	1850	1798	1824	163640
08/18/16	1866	1868	1809	1809	149010
08/17/16	1888	1888	1865	1870	89850
08/16/16	1871	1905	1871	1890	132355
08/15/16	1876	1880	1862	1880	93060
08/12/16	1880	1885	1858	1876	89340
08/11/16	1897	1897	1830	1830	169055
08/10/16	1910	1920	1900	1906	182540
08/09/16	1905	1913	1898	1901	121855
08/08/16	1970	1970	1900	1903	280705
08/05/16	1960	1975	1940	1940	119005
08/04/16	1881	1950	1880	1950	177065
08/03/16	1908	1908	1837	1865	510100
08/02/16	2136	2136	1900	1962	314575
08/01/16	2104	2144	2092	2136	174720
07/29/16	2088	2110	2086	2092	126590
07/28/16	2130	2136	2098	2110	126940
07/27/16	2090	2130	2084	2120	113520
07/26/16	2054	2112	2054	2100	88540
07/25/16	2070	2110	2056	2060	84670
07/22/16	2094	2100	2066	2068	124650
07/21/16	2098	2100	2080	2094	75565
07/20/16	2120	2120	2090	2098	135420
07/19/16	2124	2130	2116	2130	113065
07/18/16	2148	2148	2100	2138	98535
07/15/16	2096	2160	2096	2160	249175
07/14/16	2080	2096	2074	2088	115770
07/13/16	2074	2100	2074	2088	132785
07/12/16	2096	2096	2072	2074	120430
07/11/16	2080	2116	2030	2094	127990
07/08/16	2090	2102	2086	2094	150720
07/07/16	2130	2130	2086	2086	171545
07/05/16	2140	2170	2128	2136	141080
07/04/16	2130	2140	2110	2140	99675
07/01/16	2124	2150	2124	2140	48770
06/30/16	2110	2150	2102	2150	324890
06/29/16	2056	2110	2050	2110	129060
06/28/16	2050	2070	2020	2050	117790
06/27/16	2030	2080	2002	2080	75665
06/24/16	2052	2110	2020	2050	108330
06/23/16	2090	2092	2042	2050	85980
06/22/16	2118	2118	2082	2090	173205
06/21/16	2048	2134	2048	2120	292310
06/20/16	2030	2042	2020	2030	31885
06/17/16	2044	2058	2016	2030	344555
06/16/16	2020	2044	2020	2022	52645
06/15/16	1980	2050	1980	2000	42115
06/14/16	2014	2014	1980	2004	115825
06/13/16	2040	2040	1976	2016	152720
06/10/16	2064	2080	2050	2054	274540
06/09/16	2134	2136	2064	2064	201705
06/08/16	2042	2144	2032	2140	532175
06/07/16	2002	2044	2002	2040	321290
06/06/16	1980	2030	1980	2000	210530
06/03/16	1960	1985	1955	1980	380080
06/02/16	1952	1997	1926	1950	289095
06/01/16	1925	1962	1920	1945	340480
05/31/16	1970	2090	1900	1900	1817040
05/30/16	1840	1940	1836	1901	507435
05/27/16	1670	1760	1670	1742	339230
05/26/16	1675	1675	1657	1662	78750
05/25/16	1640	1688	1635	1655	130290
05/24/16	1630	1658	1624	1624	226400
05/23/16	1668	1668	1638	1640	152180
05/20/16	1698	1698	1650	1660	191535
05/19/16	1715	1722	1700	1700	109655
05/18/16	1725	1729	1702	1724	161150
05/17/16	1750	1750	1730	1740	166840
05/16/16	1726	1748	1726	1741	116960
05/13/16	1735	1757	1725	1726	184400
05/12/16	1760	1760	1699	1746	94645
05/11/16	1701	1772	1701	1748	228115
05/10/16	1650	1694	1621	1694	180945
05/06/16	1680	1684	1651	1660	361695
05/05/16	1704	1709	1681	1681	200835
05/04/16	1720	1750	1696	1750	66795
05/03/16	1701	1739	1695	1721	128145
05/02/16	1720	1730	1678	1690	179295
04/29/16	1712	1725	1704	1717	242555
04/28/16	1760	1775	1696	1701	291635
04/27/16	1765	1770	1704	1725	255285
04/26/16	1829	1830	1760	1760	146775
04/25/16	1830	1840	1814	1828	81260
04/22/16	1845	1859	1801	1810	119830
04/21/16	1859	1859	1840	1845	156530
04/20/16	1855	1875	1855	1855	118720
04/19/16	1851	1860	1820	1850	88310
04/18/16	1895	1895	1842	1844	144005
04/15/16	1897	1900	1856	1896	128895
04/14/16	1900	1914	1888	1896	126055
04/13/16	1880	1900	1850	1900	63475
04/12/16	1885	1888	1868	1880	187490
04/11/16	1830	1874	1830	1860	79100
04/08/16	1798	1829	1794	1828	142745
04/07/16	1908	1908	1798	1798	332775
04/06/16	1930	1940	1910	1910	39465
04/05/16	1896	1969	1888	1930	112350
04/04/16	1918	1918	1885	1896	59255
04/01/16	1980	1980	1915	1920	143910
03/31/16	1985	1989	1945	1980	192395
03/30/16	1970	1985	1970	1979	154180
03/29/16	1956	1975	1956	1967	41115
03/28/16	1980	1980	1952	1953	86420
03/23/16	1920	1978	1916	1978	165420
03/22/16	1963	1964	1888	1920	212315
03/21/16	1978	1980	1950	1962	165685
03/18/16	1950	2020	1939	1978	373160
03/17/16	1876	1938	1873	1932	349025
03/16/16	1905	1909	1860	1876	235060
03/15/16	1901	1985	1901	1901	390515
03/14/16	1801	1918	1801	1901	433720
03/11/16	1704	1735	1704	1704	182725
03/10/16	1691	1714	1691	1700	190725
03/09/16	1748	1748	1675	1690	174915
03/08/16	1750	1775	1707	1750	377175
03/07/16	1808	1808	1717	1730	279225
03/04/16	1830	1835	1792	1797	158205
03/03/16	1830	1860	1830	1835	263835
03/02/16	1800	1837	1780	1824	330100
03/01/16	1830	1860	1750	1755	546915
02/29/16	2250	2268	1830	1830	626455
02/26/16	2232	2252	2220	2228	137060
02/24/16	2224	2230	2206	2230	71120
02/23/16	2224	2242	2218	2224	80260
02/22/16	2246	2258	2212	2220	69930
02/19/16	2284	2312	2228	2246	157245
02/18/16	2352	2360	2264	2278	406500
02/17/16	2290	2326	2274	2326	140360
02/16/16	2202	2280	2202	2280	240255
02/15/16	2200	2206	2168	2196	194285
02/12/16	2150	2180	2136	2168	95335
02/11/16	2142	2170	2142	2158	104405
02/10/16	2150	2150	2106	2140	53455
02/09/16	2188	2188	2136	2164	28975
02/05/16	2150	2192	2150	2190	107480
02/04/16	2102	2154	2102	2136	110385
02/03/16	2100	2138	2080	2088	126915
02/02/16	2128	2178	2128	2150	79880
02/01/16	2220	2220	2154	2200	255165
01/29/16	2180	2220	2180	2220	306970
01/28/16	2148	2180	2100	2176	133425
01/27/16	2052	2170	2052	2170	275700
01/26/16	2050	2054	2002	2032	115560
01/25/16	2040	2074	2006	2068	209220
01/22/16	1940	1996	1940	1990	98055
01/21/16	1937	1976	1920	1940	121300
01/20/16	1906	1962	1906	1937	151800
01/19/16	1900	1934	1892	1900	41705
01/18/16	1900	1903	1886	1899	62095
01/15/16	1906	1920	1902	1904	80630
01/14/16	1939	1939	1900	1900	135785
01/13/16	1935	1962	1935	1940	91110
01/12/16	1921	1971	1921	1930	70920
01/11/16	1949	1949	1920	1920	113955
01/08/16	1972	1990	1950	1958	154175
01/07/16	2030	2030	1982	1982	83835
01/06/16	2040	2070	2000	2030	88065
01/05/16	2000	2008	1985	2000	112485
01/04/16	2050	2060	1996	2000	90210
12/29/15	2074	2074	2034	2060	73560
12/28/15	2010	2076	2010	2076	48880
12/23/15	2080	2120	2060	2076	138605
12/22/15	2020	2080	2018	2052	116345
12/21/15	2024	2044	2010	2022	111125
12/18/15	2020	2038	2000	2024	181795
12/17/15	2080	2088	2042	2042	146370
12/16/15	2010	2030	2004	2026	135600
12/15/15	2000	2028	1980	1980	88290
12/14/15	1972	1988	1970	1976	104510
12/11/15	2062	2088	1972	1972	187845
12/10/15	2120	2130	2054	2054	105210
12/09/15	2132	2132	2110	2116	48760
12/08/15	2132	2150	2120	2136	70100
12/07/15	2132	2160	2132	2138	51065
12/04/15	2140	2154	2070	2140	97575
12/03/15	2152	2180	2150	2168	107645
12/02/15	2144	2190	2130	2154	171950
12/01/15	2050	2162	2050	2144	258875
11/27/15	2048	2082	2048	2050	440595
11/26/15	2050	2070	2042	2048	148760
11/25/15	2014	2050	2006	2038	289990
11/24/15	2000	2016	1998	2002	144375
11/23/15	2004	2014	1999	2000	146035
11/20/15	1980	2024	1970	2000	155200
11/17/15	1964	2000	1963	1965	140025
11/16/15	1970	1973	1959	1964	104785
11/13/15	1999	2020	1970	1970	104555
11/12/15	1999	2040	1972	1972	109805
11/11/15	1982	1987	1970	1970	130330
11/10/15	1978	2026	1970	1990	121855
11/09/15	2008	2020	1990	1997	133275
11/06/15	2064	2068	1990	2026	247190
11/05/15	2150	2150	2100	2102	208790
11/04/15	2240	2268	2168	2180	135380
11/03/15	2210	2258	2210	2234	121055
11/02/15	2240	2240	2202	2208	79400
10/30/15	2270	2270	2200	2200	155850
10/29/15	2282	2306	2250	2250	130010
10/28/15	2328	2328	2280	2288	133365
10/27/15	2398	2398	2326	2328	81210
10/26/15	2382	2430	2382	2400	267255
10/23/15	2288	2382	2284	2364	164660
10/22/15	2250	2294	2240	2294	41065
10/21/15	2248	2284	2224	2250	48525
10/20/15	2204	2226	2202	2218	46325
10/19/15	2256	2256	2200	2208	57620
10/16/15	2226	2290	2226	2260	151275
10/15/15	2172	2226	2172	2212	46210
10/14/15	2218	2218	2170	2170	116805
10/13/15	2294	2294	2200	2200	206640
10/12/15	2268	2348	2262	2276	57940
10/09/15	2300	2338	2260	2260	94190
10/08/15	2380	2380	2300	2300	159070
10/07/15	2290	2408	2280	2380	201700
10/06/15	2298	2304	2274	2304	242050
10/05/15	2134	2264	2134	2222	179245
10/02/15	2180	2180	2124	2136	278670
10/01/15	2186	2208	2172	2180	101755
09/30/15	2192	2214	2168	2190	151235
09/29/15	2200	2210	2170	2170	194080
09/28/15	2268	2272	2228	2228	116630
09/24/15	2270	2282	2258	2270	110215
09/23/15	2290	2290	2240	2264	285580
09/22/15	2320	2350	2298	2304	115865
09/21/15	2368	2368	2296	2306	137480
09/18/15	2404	2426	2340	2340	214770
09/17/15	2380	2420	2380	2392	152380
09/16/15	2350	2374	2350	2374	167565
09/15/15	2402	2410	2344	2344	127955
09/14/15	2350	2402	2350	2402	70015
09/11/15	2344	2378	2310	2346	85890
09/10/15	2390	2390	2304	2306	228140
09/09/15	2398	2400	2384	2392	154500
09/08/15	2394	2400	2378	2384	139925
09/07/15	2438	2438	2392	2392	143300
09/04/15	2450	2454	2438	2444	100905
09/03/15	2446	2458	2428	2440	125500
09/02/15	2432	2438	2398	2412	261360
09/01/15	2500	2574	2430	2446	303350
08/28/15	2558	2564	2498	2518	243475
08/27/15	2480	2604	2480	2552	306200
08/26/15	2480	2480	2456	2464	271685
08/25/15	2480	2494	2422	2430	219925
08/24/15	2662	2662	2536	2536	252835
08/20/15	2768	2768	2738	2750	77285
08/19/15	2732	2776	2720	2770	136400
08/18/15	2706	2740	2706	2740	89565
08/17/15	2712	2712	2698	2704	127770
08/14/15	2708	2718	2700	2712	141400
08/13/15	2704	2716	2696	2708	185575
08/12/15	2690	2710	2680	2700	127240
08/11/15	2712	2742	2700	2700	226175
08/10/15	2748	2760	2702	2702	229575
08/07/15	2790	2790	2748	2756	270140
08/06/15	2850	2850	2800	2800	197560
08/05/15	2870	2884	2850	2860	137190
08/04/15	2898	2900	2850	2850	166160
08/03/15	2920	2920	2888	2898	108980
07/31/15	2914	2914	2880	2886	222010
07/30/15	2890	2926	2890	2914	157125
07/29/15	2880	2890	2876	2876	393930
07/28/15	2890	2904	2864	2888	174375
07/27/15	2920	2926	2890	2900	71300
07/24/15	2910	2950	2910	2948	38980
07/23/15	2902	2946	2902	2944	88515
07/22/15	2942	2944	2930	2944	83335
07/21/15	2920	2946	2920	2942	74465
07/20/15	2902	2950	2902	2948	134085
07/16/15	2860	2940	2852	2936	193370
07/15/15	2848	2868	2844	2862	127780
07/14/15	2846	2864	2830	2838	97645
07/13/15	2832	2846	2810	2846	107680
07/10/15	2766	2830	2766	2830	109075
07/09/15	2776	2790	2760	2770	202875
07/08/15	2800	2800	2780	2780	118855
07/07/15	2800	2830	2798	2808	103760
07/06/15	2804	2822	2792	2798	130115
07/03/15	2802	2826	2800	2800	175880
07/02/15	2806	2858	2800	2800	157395
07/01/15	2804	2830	2794	2808	161415
06/30/15	2840	2840	2800	2810	143045
06/29/15	2830	2844	2800	2836	86625
06/26/15	2860	2860	2838	2842	115490
06/25/15	2822	2860	2822	2840	152095
06/24/15	2820	2880	2820	2880	152420
06/23/15	2800	2870	2796	2810	162110
06/22/15	2806	2806	2786	2796	58285
06/19/15	2814	2830	2802	2802	125255
06/18/15	2818	2840	2802	2810	94415
06/17/15	2810	2818	2802	2818	245355
06/16/15	2802	2866	2802	2850	111930
06/15/15	2840	2846	2800	2800	134715
06/11/15	2780	2848	2762	2800	132210
06/10/15	2788	2796	2774	2774	86760
06/09/15	2782	2788	2774	2788	50635
06/08/15	2784	2796	2780	2796	29115
06/05/15	2800	2800	2776	2784	98610
06/04/15	2798	2816	2780	2802	79425
06/03/15	2760	2800	2760	2800	76735
06/02/15	2774	2790	2748	2782	81215
06/01/15	2780	2810	2768	2786	58785
05/29/15	2780	2880	2780	2780	257245
05/28/15	2800	2800	2754	2780	155840
05/27/15	2820	2820	2780	2800	94835
05/26/15	2840	2840	2800	2820	82950
05/25/15	2860	2860	2836	2840	16915
05/22/15	2872	2872	2858	2860	47330
05/21/15	2880	2880	2862	2862	66805
05/20/15	2836	2876	2836	2876	93655
05/19/15	2830	2848	2830	2844	30710
05/18/15	2850	2880	2850	2874	40835
05/15/15	2846	2864	2846	2850	72530
05/14/15	2832	2850	2822	2850	120885
05/13/15	2816	2844	2814	2830	127400
05/12/15	2820	2820	2782	2816	78065
05/11/15	2836	2850	2820	2832	62795
05/08/15	2858	2858	2822	2836	69055
05/07/15	2820	2838	2804	2822	109830
05/06/15	2880	2886	2848	2868	104400
05/05/15	2842	2892	2842	2884	111160
05/04/15	2814	2850	2800	2840	161040
04/30/15	2888	2888	2770	2770	478840
04/29/15	2904	2926	2878	2888	127930
04/28/15	2902	2928	2898	2928	77580
04/27/15	2900	2916	2898	2904	118540
04/24/15	2908	2910	2886	2900	118440
04/23/15	2904	2908	2870	2900	180155
04/22/15	2902	2902	2862	2900	96160
04/21/15	2912	2912	2882	2902	59565
04/20/15	2870	2930	2850	2912	70860
04/17/15	2910	2932	2900	2912	315065
04/16/15	2900	2908	2872	2900	255935
04/15/15	2920	2924	2888	2900	142150
04/14/15	2940	2940	2916	2920	77430
04/13/15	2972	2972	2938	2940	225980
04/10/15	2938	2984	2938	2972	245900
04/08/15	2936	2950	2910	2940	96170
04/07/15	2946	2946	2924	2936	102555
04/06/15	2890	2938	2882	2928	113440
04/01/15	2848	2862	2814	2840	185270
03/31/15	2860	2872	2848	2856	192355
03/30/15	2850	2922	2830	2830	219190
03/27/15	2834	2844	2824	2830	138455
03/26/15	2812	2838	2812	2838	91525
03/25/15	2830	2860	2830	2838	178240
03/24/15	2828	2828	2810	2828	229535
03/23/15	2820	2840	2812	2828	236095
03/20/15	2834	2840	2810	2810	308630
03/19/15	2800	2860	2800	2850	387780
03/18/15	2874	2874	2780	2788	397265
03/17/15	2920	2920	2874	2874	180705
03/16/15	2938	2938	2888	2900	158750
03/13/15	3000	3002	2950	2950	127620
03/12/15	3000	3008	2990	3002	119045
03/11/15	3100	3100	3088	3092	157675
03/10/15	3080	3100	3080	3092	131055
03/09/15	3078	3084	3052	3084	179765
03/06/15	3102	3108	3092	3100	99510
03/05/15	3098	3106	3098	3102	253755
03/04/15	3100	3100	3078	3096	232550
03/03/15	3100	3130	3086	3098	384785
03/02/15	3160	3160	3086	3100	172820
02/27/15	3190	3190	3150	3162	158140
02/26/15	3198	3198	3172	3190	134350
02/25/15	3170	3200	3160	3200	114005
02/24/15	3170	3174	3160	3164	94350
02/23/15	3190	3192	3172	3176	121115
02/20/15	3172	3190	3172	3190	31115
02/18/15	3170	3214	3170	3190	106640
02/17/15	3186	3190	3160	3182	70380
02/16/15	3188	3202	3182	3186	182270
02/13/15	3130	3214	3130	3190	383590
02/12/15	3076	3120	3074	3120	202435
02/11/15	3102	3106	3074	3084	139990
02/10/15	3080	3120	3080	3102	312250
02/09/15	3060	3098	3060	3098	117580
02/06/15	3052	3100	3052	3092	180410
02/05/15	3086	3090	3072	3090	277165
02/04/15	3004	3090	3002	3086	312845
02/03/15	2958	2988	2958	2980	97100
02/02/15	2970	2970	2948	2960	113335
01/30/15	2972	2978	2962	2970	169490
01/29/15	2970	2996	2968	2972	229835
01/28/15	2960	3002	2960	2992	187130
01/27/15	2982	2982	2960	2970	167195
01/26/15	2970	3000	2962	2984	171550
01/23/15	2996	3000	2958	2962	222250
01/22/15	2940	2974	2940	2956	117015
01/21/15	2922	2996	2922	2952	238575
01/20/15	2952	2960	2926	2934	216165
01/19/15	2980	2980	2920	2950	137575
01/14/15	2980	3014	2980	2996	201830
01/13/15	2944	2990	2938	2970	190710
01/12/15	2894	2956	2894	2946	107890
01/09/15	2880	2988	2880	2952	253340
01/08/15	2820	2906	2820	2900	136310
01/07/15	2812	2858	2812	2820	73630
01/06/15	2868	2868	2808	2812	181850
01/05/15	2940	2940	2850	2874	105415