URG 1216

12/27/19	147.8	149.9	145	145	631700
12/26/19	147.4	150.1	147.1	148	298850
12/23/19	144	151.9	140.3	151.9	555750
12/20/19	142.3	144	140	144	2108220
12/19/19	146	146	142.1	143	831850
12/18/19	144.9	146	144.3	145	1225940
12/17/19	141.9	144.8	141.2	144	925790
12/16/19	145.2	145.2	141.1	141.1	529060
12/13/19	145	145.7	144	145	3897040
12/12/19	141.5	143.8	141.2	143.5	718210
12/11/19	142	142	140	141.5	499040
12/10/19	138.3	142	138.3	141.5	610220
12/09/19	137	142	137	140.5	2688680
12/06/19	140.3	143.6	136	136	3160110
12/05/19	144	146.9	138.1	140.2	1293180
12/04/19	145.2	147	140.5	145	1017550
12/03/19	151.9	151.9	144	144	1112000
12/02/19	152.9	152.9	149	149.5	657330
11/29/19	150	151.6	150	150.1	798680
11/28/19	154	154	150	151	1123340
11/27/19	152	154.9	150.3	154	500710
11/26/19	151.2	154	150.8	152	2434450
11/25/19	152	152	150.2	151.2	636220
11/22/19	150.2	154.9	150.2	154	516070
11/21/19	151.8	152.5	150	152	812790
11/20/19	152	154	150.1	153.1	561670
11/19/19	152.1	154	151.7	152.4	643360
11/18/19	151	154.3	149.3	151.3	629900
11/15/19	152	154.8	150.5	151.1	667800
11/14/19	153	153.1	150.1	152	717550
11/13/19	156	156	150.1	154	575480
11/12/19	154.6	157	153.2	156	387420
11/11/19	154	155	150.5	154.7	536040
11/08/19	150.5	154.5	149.5	151.5	637660
11/07/19	154.7	154.9	149	150.5	1949910
11/06/19	157.5	157.5	155	155	324370
11/05/19	154	157.5	154	156	1008730
11/04/19	152.5	154.8	151.1	154.8	1421330
10/31/19	152	152.7	150.7	151	3124530
10/30/19	153	153	150.9	151	2012150
10/29/19	148.6	153.7	147	151.5	1827020
10/28/19	150	152	148	150.5	946770
10/25/19	154	154	146.8	150	3044210
10/24/19	157.1	159	149	151	2614100
10/23/19	159.1	159.1	156.9	157.2	939770
10/22/19	159.7	160	159	159	621340
10/21/19	156.5	159.7	156.5	159.4	566180
10/18/19	160	160	156.3	156.3	213810
10/17/19	159.9	160.3	158.1	160	1153200
10/16/19	158.5	160	156.8	160	1381230
10/15/19	158.2	158.5	157.1	158.5	407880
10/14/19	158.5	159.7	157.4	158.5	202360
10/11/19	158	159.8	157	158.5	284200
10/10/19	157	158	156.6	157.5	189620
10/09/19	159.8	159.8	156.4	157	143960
10/08/19	157.7	162.7	157.2	160	2896270
10/07/19	156.9	157.7	154.5	157.7	1133150
10/04/19	154.8	157.7	153.9	157.7	1328140
10/03/19	144	152.9	143.2	152.9	1656780
10/02/19	149.5	149.5	143.9	145	1660020
10/01/19	155.3	155.4	149.3	150	1494710
09/30/19	158	160.8	156	156	2140580
09/27/19	158.1	158.3	154	157.5	1103880
09/26/19	160	161	158	158	1202470
09/25/19	165.5	165.5	156.8	158.6	3834510
09/24/19	167	167	165.7	166	375260
09/23/19	168	168	165.6	166.9	404000
09/20/19	166.6	169.6	166.6	169	2174540
09/19/19	166.7	169.6	166	169.6	169400
09/18/19	167.8	167.8	165.8	166.7	739610
09/17/19	167.4	169	167.4	168.5	295980
09/16/19	168.5	169	167.4	168.2	836140
09/13/19	167.3	170.5	167.3	170.5	413890
09/12/19	167.5	170	167	168	359590
09/11/19	167.1	170	167.1	168	483340
09/10/19	168	169.5	167.1	167.2	581630
09/09/19	168.6	170	166.8	169.5	736410
09/06/19	167	170.4	167	168.5	436200
09/05/19	167	172	166	167	694020
09/04/19	167.4	169	166.9	166.9	513780
09/03/19	170.3	170.3	167.5	167.5	850000
09/02/19	173	173	169.1	170.3	554830
08/30/19	172.5	173	168	173	1587180
08/29/19	172	172	171	172	1664760
08/28/19	168.5	171.8	168	171.8	1353980
08/27/19	170.5	171.2	165	168.5	3671210
08/23/19	170	171.6	166.1	171	1517430
08/22/19	167	172	165.2	172	1093980
08/20/19	171.9	171.9	165.3	168	539100
08/19/19	162	172.5	162	172.5	1023370
08/16/19	164	165	162	162	1203480
08/15/19	166	168.9	161.3	166	1626690
08/14/19	161.2	171.1	161.2	169.5	2070650
08/13/19	160.8	164	157.3	163	1013630
08/09/19	161	163	159	161	913320
08/08/19	162	163.7	160	161	396240
08/07/19	164.9	165.5	161.6	164	683460
08/06/19	161	162	157.5	161	1358050
08/05/19	168.5	168.5	161.9	161.9	1583730
08/02/19	164	170	161	169.6	1031430
08/01/19	160	165.6	156	164	1315480
07/31/19	167.6	167.8	159.6	159.6	1979240
07/30/19	168.1	168.9	167	167.5	1714340
07/29/19	171	171	167	170	745770
07/26/19	173.4	173.9	171	171	931670
07/25/19	171.8	173.4	168	173.4	831630
07/24/19	170.1	172.6	170	171.8	966820
07/23/19	168	169.7	166.2	169.7	752550
07/22/19	165	169	165	168	640250
07/19/19	169.1	171.9	165.5	166	1204100
07/18/19	171	171.4	168.8	169.1	344490
07/17/19	171.1	173.9	170.7	171	724810
07/16/19	175	175.1	171	171	1067120
07/15/19	171.6	177.9	171.6	175	968550
07/12/19	173.1	174.5	171.7	171.7	482420
07/11/19	175	175	173	173	843410
07/10/19	177.5	177.5	173.6	175	1270610
07/09/19	179.8	179.8	173.8	176	981550
07/08/19	176	180.4	173.5	178	1318260
07/05/19	172	176.9	171.3	176	990480
07/04/19	170.5	173	168.2	172	608670
07/03/19	167.4	171.6	167	170.5	1356280
07/02/19	164.7	168	164.7	167.5	460880
07/01/19	167	168.6	164.1	166	310330
06/28/19	172.5	174	166	166	1462400
06/27/19	173.2	174.3	172.2	174	811500
06/26/19	176.8	177	172.2	174.5	672920
06/25/19	175.9	178.5	175.6	177.4	1586430
06/24/19	175.8	176	173.7	176	538560
06/21/19	173.4	176	169	176	1590730
06/20/19	174	174	172.6	173.4	1042480
06/19/19	173.9	173.9	171	173.9	1172850
06/18/19	170	173.9	169	173.9	1001760
06/17/19	174	174	168	170	694850
06/14/19	176	176	172.1	174	834050
06/13/19	170	176	170	176	1586400
06/11/19	173	175.5	171.1	175	1732290
06/10/19	169	173.3	168	173	1696410
06/07/19	167.8	169	166.7	169	468410
06/06/19	167.9	168.7	165.2	168	893400
06/04/19	171	171.3	168	168	909920
06/03/19	167	173.7	165.7	171.5	1965210
05/31/19	164	167	162	167	2121770
05/30/19	159.5	164	159	163	1431050
05/29/19	157	161.4	156.1	159	1093080
05/28/19	153	158	153	155	3235860
05/27/19	153.9	153.9	151.5	152.7	544190
05/24/19	155.8	155.8	153.5	153.9	478560
05/23/19	155.2	158.7	154.1	157	407510
05/22/19	158.8	158.8	153.1	156.8	763050
05/21/19	152.3	158.8	152.3	158.8	1048530
05/20/19	152.6	155.8	151.2	153.7	897020
05/17/19	152	156	152	152.5	1098530
05/16/19	152.4	156	152.4	152.8	1945770
05/15/19	160	160.9	156.8	156.8	945320
05/14/19	158.8	161	150.5	160	1615820
05/10/19	159.5	162.8	158.1	160	1523100
05/09/19	164.8	164.8	159.8	160.1	1156640
05/08/19	160.7	165	159.3	165	1149750
05/07/19	162.7	164.2	160.3	161.4	1119490
05/06/19	166.6	166.6	160.4	163	1140880
05/03/19	165	170.5	164.1	167	3584910
05/02/19	154.8	164.5	154.7	164	2742140
04/30/19	145.7	152.3	144	152.3	2186820
04/29/19	142.3	145.6	142.3	145.5	1277220
04/26/19	142.5	142.6	141.2	142.1	608380
04/25/19	145.2	145.4	142.5	143.6	807600
04/24/19	147.6	147.8	145.5	145.5	755270
04/23/19	150.1	150.2	147.5	147.5	382370
04/22/19	153.2	153.2	150	150.2	402010
04/17/19	152.5	153	151.6	152	620650
04/16/19	151.4	155	151	152.5	530680
04/15/19	157	159	151.4	151.4	583540
04/12/19	157.3	157.8	155.8	157	1156160
04/11/19	159.6	159.6	157	157.3	1779430
04/10/19	157.2	159.6	156	159.6	914500
04/08/19	152.6	157	152.1	156	1078890
04/05/19	153.5	153.5	151.6	151.6	275530
04/04/19	152	154	152	153.4	935280
04/03/19	152.4	153	151.6	153	836510
04/02/19	152	152.4	151.9	152.4	695400
04/01/19	151.9	152.6	151.6	152.3	988100
03/29/19	151.8	152.6	150.1	152	1955030
03/28/19	149.9	151.8	148.6	150.9	954070
03/27/19	149	149.7	147.4	149	485630
03/26/19	148	149.9	146	149	1040250
03/25/19	150	150	142.6	148	651990
03/22/19	145.1	150.7	145.1	149.2	1414550
03/21/19	148	148.4	145	145	956470
03/20/19	146.1	148	145.8	148	737400
03/19/19	147	148	146.1	146.1	637490
03/18/19	145.7	147.3	144	147	606520
03/15/19	145	146	143.7	145.7	1367980
03/14/19	141.4	145	141.4	145	348680
03/13/19	141.2	144.8	141.2	144.8	526130
03/12/19	140.2	141.2	138	141.2	315810
03/11/19	142	143	138	140.2	1282660
03/08/19	144	144.5	141.8	142.3	196580
03/07/19	142.3	144	142.3	143	896320
03/06/19	138.6	142	138	142	849840
03/05/19	138.2	140	137.2	138	630920
03/04/19	137	140.8	137	138	1774910
03/01/19	136.7	140	136.5	137	1280890
02/28/19	146.5	148	136.1	136.1	1975430
02/27/19	149	149	145.1	145.1	862720
02/26/19	149.9	150	146.6	149.4	747800
02/22/19	149	149	146	149	499050
02/21/19	146.5	149	144.8	149	732410
02/20/19	140.5	147.9	140.5	146.5	931300
02/19/19	145	145.5	140.5	140.5	866070
02/18/19	146	146	145	145	331010
02/15/19	144	147	143.8	146	995590
02/14/19	141.5	144.4	140.5	143.8	466850
02/13/19	142	142.3	140.3	140.5	694570
02/12/19	146.6	146.6	141.3	141.3	705370
02/11/19	146.3	148.5	146.2	147	975470
02/08/19	147.1	149.7	145.8	146.2	471850
02/07/19	151	151	147	147.1	1624850
02/06/19	150.2	151.8	149.1	149.1	1616090
02/04/19	150	151	149.2	151	496890
02/01/19	148	150.5	147.9	150	1708210
01/31/19	146	149	145.6	148.1	1409320
01/30/19	146	147.8	143.5	145.8	1360950
01/29/19	147	148	145.1	147	727620
01/28/19	149.3	149.4	145.5	148	667900
01/25/19	149	149.8	147.8	149.3	2186330
01/24/19	145	149.5	144.3	149.5	1058830
01/23/19	143.8	144.5	140	144.5	736000
01/22/19	144	145	143.2	145	618170
01/21/19	142.9	146.2	142.7	144	2908390
01/18/19	139.9	143	138.9	142.9	1137450
01/17/19	143	143	138.9	140	1772270
01/16/19	141.8	144	139	143	2136790
01/15/19	141.5	144.4	138.9	142	2035560
01/14/19	136.4	141.4	134	141.4	1274740
01/11/19	134	137	133	136.3	2720440
01/10/19	131.8	134.8	131.5	133.9	3571020
01/09/19	130.4	132.3	130.3	131.1	2409410
01/08/19	131	131.3	129.5	130	1710720
01/07/19	129.5	131.7	129.3	130.5	2729650
01/04/19	128.5	130.5	127.5	128.5	3470890
01/03/19	127.5	128.8	127.2	128.5	980550
01/02/19	128.4	128.5	125.7	127.5	299610
12/28/18	128.5	128.5	126.3	127	386430
12/27/18	128	128.8	127.5	128.5	887030
12/26/18	128.3	128.5	126	128	641770
12/21/18	128.8	128.8	128.2	128.5	1516080
12/20/18	128.5	129	128.1	128.8	650930
12/19/18	127.5	128.8	127.5	128.5	834010
12/18/18	128.5	128.5	127	128.2	536490
12/17/18	128.5	128.5	126.8	128.5	1582590
12/14/18	128	129.4	128	128.5	568780
12/13/18	128.6	129.4	127.7	128.5	1279290
12/12/18	129	129.9	128	128.5	2121690
12/11/18	128	129.8	128	129	409310
12/10/18	127.3	128.6	127	128	828960
12/07/18	129.8	129.8	126.5	127	529680
12/06/18	129.8	129.8	126.2	127	1624150
12/05/18	129.9	129.9	129.3	129.9	860680
12/04/18	130	132	128	130	3104380
12/03/18	129	131.2	128.6	130	2535390
11/29/18	129.9	130.4	128	128	2771450
11/28/18	133.6	133.6	129.4	129.9	805780
11/27/18	135	135.1	129.3	130	871660
11/26/18	135	139.4	132.1	135	702390
11/23/18	133	135.4	132.7	135.3	404510
11/22/18	131	133.2	130.8	133	938410
11/21/18	130	131.9	129	131	701210
11/20/18	131.6	131.6	128	130	1013390
11/19/18	130.7	134.4	130.2	131	628410
11/16/18	129	133.5	128	131	782860
11/15/18	122	128	122	126.5	452070
11/14/18	121.7	126	121.5	123	515280
11/13/18	123	124	121.2	121.8	1133000
11/12/18	125	125.2	122.9	123	394420
11/09/18	130.4	130.4	124	125	392250
11/08/18	130.7	132	129	130.4	795290
11/07/18	134.2	136	128.7	130.7	399890
11/06/18	134	138	132.2	134	898710
11/05/18	133	135.9	131.6	133.9	1555400
10/31/18	131	131	129	130	1228610
10/30/18	132.4	132.4	128.1	130	497200
10/29/18	130	134	130	133.8	816610
10/26/18	132.5	133.7	128.2	130	2776200
10/25/18	140	140	130	130	1823230
10/24/18	144	144.5	140	140	865460
10/23/18	145.6	145.6	142.7	144	465010
10/22/18	145.3	146	145	145.7	551470
10/19/18	145.8	146	145	145.9	2880540
10/18/18	147.4	147.4	144.5	146.5	3968580
10/17/18	138	148	138	148	850290
10/16/18	132.3	137.5	132.3	137.5	570070
10/15/18	137	137	132.3	132.3	333140
10/12/18	128	137	128	137	997990
10/11/18	128.6	128.6	124.5	128	737940
10/10/18	133	133	128.1	129	1416620
10/09/18	134.9	134.9	131.3	133	1434150
10/08/18	134	135.9	133.9	134.5	531360
10/05/18	134	137.2	133.5	133.5	331530
10/04/18	138	138	134	134	1033680
10/03/18	137	137	134.9	136.5	413510
10/02/18	144	144	135.5	136	460780
10/01/18	144.5	145.2	139.5	139.5	1533140
09/28/18	144.2	147.3	144.2	144.5	745690
09/27/18	148	148	144.6	147.4	1097160
09/26/18	150.9	150.9	146	147.2	1085780
09/25/18	151	151	150	151	536150
09/24/18	150.9	151	148.1	151	346800
09/21/18	145	151.4	144.9	151	2193430
09/20/18	144.1	144.1	142.5	142.5	301700
09/19/18	144	146.2	142.8	144.1	1453700
09/18/18	145	145	141.8	143	809800
09/17/18	141.3	145.3	140.1	145.3	603800
09/14/18	145	145	140	141.3	1485790
09/13/18	144	144.9	142	143.7	3397330
09/12/18	149.5	149.5	140	140	1066390
09/11/18	151	151.2	148	149	1463310
09/10/18	144.9	153.4	144.9	153	2849860
09/07/18	142.2	144.9	140	144.9	1155340
09/06/18	141.3	142.2	139.4	142.2	1193160
09/05/18	144.7	144.7	139.9	142	674320
09/04/18	142.9	145	141	145	678810
09/03/18	139.5	143	139.3	143	284250
08/31/18	140	143.7	138	139.5	2261800
08/30/18	140	141.5	139.1	140.6	642640
08/29/18	142	143	139.5	142	395840
08/28/18	143	144.7	142	143	1129050
08/24/18	140	143	138.5	143	555230
08/23/18	139	141	137.5	141	1149530
08/22/18	134.8	139	134	139	898650
08/20/18	135	136	132.6	132.6	1232330
08/17/18	133	137	132	134	484140
08/16/18	134.2	134.2	130.6	133	272240
08/15/18	135	135.2	134	134.6	934790
08/14/18	139.1	139.9	135	135.2	647000
08/13/18	140.6	140.6	138.3	139.5	585980
08/10/18	138.5	141	138	140.6	882450
08/09/18	138	139.5	135.9	139.5	324900
08/08/18	133.8	138	133.6	138	607290
08/07/18	130	133.9	130	133.8	488760
08/06/18	130	133	130	132.4	712190
08/03/18	129.5	131	129.3	130	1080900
08/02/18	128	129.4	127.6	128	1011270
08/01/18	127.8	129.8	126.5	128.6	1935540
07/31/18	135.2	135.2	127.6	128	1233010
07/30/18	132.5	138.9	132.4	136	1387780
07/27/18	130.5	132.3	129.7	131	698040
07/26/18	129	132.9	129	131	1405130
07/25/18	131.1	132.3	128.9	128.9	773790
07/24/18	131.8	132.7	131	131	1055860
07/23/18	132.4	132.4	131.5	132	647720
07/20/18	132.2	132.5	132	132.5	471730
07/19/18	131.8	132.8	131.6	132	1172760
07/18/18	130.8	131.9	130	131.8	370730
07/17/18	128.6	130.9	127.6	130.8	923440
07/16/18	126	128.7	124.5	128.7	817930
07/13/18	125.4	126	122.1	126	496930
07/12/18	123.7	125.1	121.5	123	446690
07/11/18	121	122	120.3	122	204650
07/10/18	119.8	121.5	119.8	121	782420
07/09/18	122	123.4	119.3	120.2	1159060
07/06/18	123.3	123.4	121.1	122	337280
07/05/18	122	123.4	121	121.5	1383100
07/04/18	125	125.5	123.8	124.8	1290390
07/03/18	122	124.8	120.5	124.8	3365120
07/02/18	121	122	119	122	1254610
06/29/18	119.5	121	118.2	121	2201620
06/28/18	117.6	118.9	117.5	118.9	775280
06/27/18	117	119	116.4	119	616570
06/26/18	119	119	115	119	1161770
06/25/18	118.4	119	117	117.5	1098320
06/22/18	112.8	115.5	111.3	115	1009960
06/21/18	116	116	111.8	112.8	2197650
06/20/18	116	117.7	114.5	116	860380
06/19/18	118	118.3	115.5	116	1740050
06/18/18	120	120.4	116.4	118	1185120
06/14/18	126	126	121.6	121.6	3576390
06/13/18	130	130	125.5	127.5	1068550
06/11/18	131.2	131.4	128	131.2	394900
06/08/18	129.8	131.4	128.1	131	1004050
06/07/18	125.7	129.9	125.1	129.9	1246810
06/06/18	126	126	125	125.5	699170
06/05/18	122.1	125.8	122.1	125.8	967070
06/04/18	129	129.9	120.5	120.8	1638270
06/01/18	128.1	131.9	128.1	128.8	743500
05/31/18	131.1	131.3	124.1	128	4440100
05/30/18	132	134.2	131	131.3	858130
05/29/18	137	137	132	132	694550
05/28/18	137.3	137.3	133.1	135.5	454760
05/25/18	136	136	133.9	135.7	1132020
05/24/18	133.5	133.8	131.1	133	1076860
05/23/18	135.7	135.8	133.5	133.5	1586490
05/22/18	137.9	137.9	135.5	135.7	730100
05/21/18	139.3	139.3	135.3	135.5	517480
05/18/18	137.4	139.8	135.5	135.5	1194870
05/17/18	140.5	140.9	137.3	137.3	841990
05/16/18	142	142	140.5	141	484010
05/15/18	144.7	144.9	141.4	144.2	1091020
05/11/18	141	144.5	141	143	449790
05/10/18	141.4	141.9	140.3	141	596760
05/09/18	141	141.5	140	141.3	540920
05/08/18	139	141	139	141	2655940
05/07/18	139	140	138.6	139.2	664170
05/04/18	138.4	140	138	139	2617130
05/03/18	141.8	141.8	138.1	138.3	1539800
05/02/18	140.5	144.5	138.4	139	1884580
04/30/18	138.2	143.3	138.2	140.5	3070030
04/27/18	138	139.5	137.6	138.3	6889360
04/26/18	132	137.6	131.7	137.6	721320
04/25/18	134.3	136.3	131.9	133.7	387500
04/24/18	138.9	139.9	134.2	134.2	1466830
04/23/18	140	140	137	137	316820
04/20/18	140	140	138	138	757080
04/19/18	140	140.1	136.5	138	2026000
04/18/18	136.4	140.4	136.4	140	4137160
04/17/18	142	142	136.3	136.4	1341100
04/16/18	144.5	145	141.6	143	704460
04/13/18	146.9	146.9	144.6	145	585690
04/12/18	145.4	147	145	146	697430
04/11/18	147	147	144.5	145.4	764700
04/10/18	143.1	146	143	145	1222750
04/06/18	150	150.8	143	143	1631750
04/05/18	150.9	150.9	149.7	150	207230
04/04/18	150	151.8	149.2	150	646480
04/03/18	150.7	151.7	148.5	148.5	839630
04/02/18	152	152	150.5	151.5	725280
03/28/18	150	152	149.1	152	887050
03/27/18	150	151.4	148.9	151.4	663880
03/26/18	149.9	150	145.1	149.8	701180
03/23/18	149.6	152	145.6	150	628950
03/22/18	149.7	152	149.5	152	802580
03/21/18	150	150	147.1	149.7	4536390
03/20/18	149	151	146.5	150	1085650
03/19/18	149.9	151	144	151	438870
03/16/18	149.4	151	142.8	150	2274780
03/15/18	152	152	147	147	853070
03/14/18	150.8	152.5	149.6	152.5	521460
03/13/18	150	150.8	149.9	150	953540
03/12/18	152	152	149.6	150	729450
03/09/18	149.4	151.9	149.4	150	222170
03/08/18	149.8	151.9	149.8	150	633770
03/07/18	152.4	152.4	149.5	151.9	901270
03/06/18	152	153.7	150.2	150.6	725340
03/05/18	153	153.9	149.5	153.9	1529580
03/02/18	149	153	148.5	153	646500
03/01/18	148.5	154.5	148.5	149.2	820220
02/28/18	151	155	145	149	1356170
02/27/18	145.1	151	145.1	151	1027210
02/26/18	141.8	146	140	145	1325770
02/23/18	146	146.2	142	143	2243040
02/22/18	147.6	150	145.6	146	2484480
02/21/18	151.5	151.5	145.5	146.2	3259870
02/20/18	153	153.9	150.8	152	1388770
02/19/18	153	155.4	152.1	153	1785640
02/15/18	156.2	156.2	152	153.5	939150
02/14/18	155.9	156.2	155.1	156.1	1704110
02/13/18	156.1	156.5	155.2	156.1	674170
02/12/18	158	159.9	155.5	155.9	1055180
02/09/18	161	161.8	155	158	1178330
02/08/18	165.8	166	162	162	1023330
02/07/18	160	165.8	159	165.8	1210460
02/06/18	155	156.9	150.1	156.9	1311800
02/05/18	161	161	154.3	157	1716860
02/02/18	160	162.5	159.6	162.2	835240
02/01/18	159.7	161	159.2	160.5	1759540
01/31/18	163	163.4	161.3	161.3	1484370
01/30/18	170.4	171	162.5	163.4	1797350
01/29/18	169	170.3	168.5	170.3	1186190
01/26/18	169.7	171	169.5	171	836630
01/25/18	169.5	170.5	168.6	169.7	1130180
01/24/18	169	171	168.8	170	1732500
01/23/18	169	169	168.1	169	1143820
01/22/18	167.2	170.3	167.2	169	846840
01/19/18	168.1	171.2	166.6	170	780370
01/18/18	167.4	173	167.2	168.7	1438270
01/17/18	164.1	169.4	164.1	169.4	1851190
01/16/18	164.2	168	164.2	166	1002410
01/15/18	164.8	166.2	163.1	164	1265260
01/12/18	166.5	169	163	163	1159410
01/11/18	171	171	165	167.5	1589620
01/10/18	173	173.9	170	172	1774700
01/09/18	165	174	164.5	174	2819150
01/08/18	163.9	167	162	165	2228720
01/05/18	156	165	154.1	163.9	3858310
01/04/18	151	156	151	156	1345460
01/03/18	151.3	154	149.5	154	1149900
12/29/17	154	155	151	151	816160
12/28/17	153	155	151	155	1501850
12/27/17	150	153	149.8	153	1565040
12/22/17	150	151	150	151	400060
12/21/17	151	152	150	152	1334540
12/20/17	150.4	151.5	150.4	151	784920
12/19/17	152	152.1	150	151	786810
12/18/17	150.4	153	149	153	1658370
12/15/17	151.5	152.5	148.9	151	1534360
12/14/17	150.1	154	150	154	1786680
12/13/17	144.5	153.1	144.3	150	2326370
12/12/17	143.3	144	141	144	413680
12/11/17	143.1	144	142.5	143.5	1475320
12/08/17	135.1	144	135.1	144	3064860
12/07/17	136	136.5	135	136	1142250
12/06/17	134	137.1	133	135.5	672760
12/05/17	132.7	134	132.6	133	744320
12/04/17	131.1	134	131	133	1153410
12/01/17	133	134.5	131.4	132	1967340
11/29/17	135.1	137.2	133	133	3276840
11/28/17	135	136.9	134.5	136.9	552770
11/27/17	137.1	137.1	134	135	1285990
11/24/17	137.2	138.9	136.6	138.9	1284470
11/23/17	137.6	137.9	136.5	137.8	450120
11/22/17	138	138.6	137.5	138	877170
11/21/17	139.7	140	137.7	139	1229730
11/20/17	137	141	137	139.7	970930
11/17/17	135.1	139	135	139	794800
11/16/17	135.5	138.4	134	135	1037280
11/15/17	136	136.4	135.4	135.5	765000
11/14/17	137	137	135.5	136.4	1409830
11/13/17	137	137.8	136	136.5	1435740
11/10/17	137	138.8	136.2	136.5	1907650
11/09/17	139.9	140.2	135	137.2	2558910
11/08/17	141	143	139	139.6	1429180
11/07/17	145.2	145.2	139	139.5	2410400
11/06/17	141.9	145.5	141.9	145.5	442980
11/03/17	143	143	141.5	142	3237240
11/02/17	141.3	143	137.5	143	1169740
10/30/17	141	143	141	143	227950
10/27/17	139.3	142	139.3	142	612070
10/26/17	140.1	142	138.6	142	868460
10/25/17	139.9	142	139	140	589850
10/24/17	141.5	143	139.9	139.9	636780
10/23/17	137.1	141.6	137.1	140	619400
10/20/17	140	141.1	137	137	2826160
10/19/17	144	144	140.1	140.1	1731210
10/18/17	147	147.8	144.1	144.3	2542150
10/17/17	150.4	150.5	144.9	146	2752050
10/13/17	148.5	149	148	149	1327820
10/12/17	145	148.9	144.4	148.9	910540
10/11/17	149.8	150	144	144	2264190
10/10/17	150	150.4	149.6	149.8	1458300
10/09/17	152.5	152.5	149.1	150	1182180
10/06/17	153.2	154.2	150.3	150.9	683120
10/05/17	153.7	154.2	153	154	547470
10/04/17	152.9	154	152.3	153.7	663480
10/03/17	152.6	152.9	152	152.5	1003670
10/02/17	152	152.8	151.7	152.6	1398720
09/29/17	150.4	152.8	150	152.8	787970
09/28/17	152.8	152.9	150.1	151.2	1153090
09/27/17	150	153	149.3	153	941600
09/26/17	152.4	152.4	149.8	151.5	2612190
09/25/17	154	154	151.1	152.6	390890
09/22/17	155.5	156	154	154.3	533290
09/21/17	150.2	156.5	150.2	154.2	1775170
09/20/17	150	151.3	150	150.1	715460
09/19/17	153	153	150	150	2733180
09/18/17	153.7	153.7	150.2	152	1395590
09/15/17	153.8	153.9	151	153.9	1732700
09/14/17	154	155	152.6	153.9	2765580
09/13/17	154	154.8	152.2	153.9	1118670
09/11/17	154	154.5	153.5	153.6	1193680
09/08/17	153	154.3	152.2	153.5	499140
09/07/17	152.1	153.2	152.1	153	1304180
09/06/17	150.9	152	150.1	152	634480
09/05/17	150.1	150.6	150	150.1	1183330
09/04/17	149.9	150.8	147.4	150	2174650
08/31/17	148.9	151	146.1	146.1	1570440
08/30/17	149.9	150	147.2	148.9	1488910
08/29/17	152.9	153	147	147.3	1053650
08/25/17	152	154.2	151.3	152.9	1460590
08/24/17	151.4	152.4	150.4	151.3	680190
08/23/17	151.6	152.3	150.6	151	2071830
08/22/17	145.1	151	145	151	2949290
08/18/17	148.5	150.7	148.4	150	1560850
08/17/17	148.8	149.8	147.1	148.5	2004210
08/16/17	147	148.5	145.1	147	2644100
08/15/17	143	147.3	140.7	147	839010
08/14/17	143.2	143.3	139.7	142.3	1262370
08/11/17	139	144	135.2	143	1527170
08/10/17	146.5	146.5	138.5	139.5	3097790
08/09/17	146.8	147.5	146.5	146.7	1706340
08/08/17	149	149	146.8	146.8	5278000
08/07/17	153.5	155	149.1	151.5	1927790
08/04/17	154	154	150.6	152.3	865980
08/03/17	155	155.3	152.8	154	973590
08/02/17	154	156.1	151	154.8	1030860
08/01/17	160.9	160.9	153.1	153.1	1571650
07/31/17	160	161	158.3	161	1043460
07/28/17	160	160	158	160	1099020
07/27/17	159.1	160.5	156.8	159.9	2149460
07/26/17	162.8	163.5	159	159	420530
07/25/17	160.4	162	160	161	673730
07/24/17	161	162.4	160.4	161	1406540
07/21/17	162	162	160.6	161	1260430
07/20/17	162.1	163	161.3	162	776250
07/19/17	161.3	163.2	160.4	162.1	499960
07/18/17	162	162	161	161.3	869500
07/17/17	162.7	162.9	161	161.5	316900
07/14/17	163	163	160.8	161.5	788170
07/13/17	163	163.1	162.1	162.7	2276620
07/12/17	162	163.2	162	162.6	451590
07/11/17	163.8	163.8	161	161.7	1366630
07/10/17	164.3	164.6	162.1	162.5	1377140
07/07/17	164.4	165.4	163	164.3	2052120
07/06/17	163.7	165	163.7	165	231960
07/05/17	162.5	163.7	162	163.7	312780
07/04/17	162.9	163	161	162	870470
07/03/17	162.7	162.9	161.5	162.9	409840
06/30/17	162.5	162.9	160.1	162.9	927770
06/29/17	162.6	162.6	161	161.5	1532350
06/28/17	162	162	160	160	1071870
06/27/17	161.5	165.3	160.9	161	4887990
06/23/17	167.5	167.5	161	161.5	2302630
06/22/17	168.1	169.4	164	165	6134040
06/21/17	168	168.1	166.5	168	2403890
06/20/17	168.8	169	167.1	168	1349970
06/19/17	165	168.9	164	168.9	1377050
06/16/17	165	165	162.8	164	1418400
06/15/17	163.4	165.4	163.4	165	1579460
06/14/17	160	162	160	162	734070
06/13/17	163.8	163.8	159.5	160	2574200
06/09/17	163	164.2	161.8	163.2	1676950
06/08/17	160	162.7	160	162.5	1979730
06/07/17	159.5	161	159.1	159.9	1404710
06/06/17	160.6	160.6	159	159	2154710
06/05/17	160	161.4	159	160.4	2061420
06/02/17	159.6	163	159.4	159.6	5555460
06/01/17	162	162.5	158.2	159.6	3435830
05/31/17	163.5	163.7	161.5	162	2467730
05/30/17	164	164.2	163	163.5	1630740
05/29/17	165	166	163.1	164.3	1488550
05/26/17	167	168.6	165	166	812110
05/25/17	169.7	169.8	166	167	1317710
05/24/17	165.1	170	165	170	2578070
05/23/17	163.6	165.7	163.3	165.1	1293020
05/22/17	161	164.3	161	163.3	582350
05/19/17	159.4	159.8	157.5	159.6	1839420
05/18/17	160	160	158.1	158.9	2839220
05/17/17	159.9	160.4	159	159.2	5663310
05/16/17	160	164.1	158.3	158.4	2283990
05/15/17	162.5	163.4	159.1	159.9	3384650
05/12/17	165.6	166.4	162	162.5	5999510
05/11/17	170	170.2	167	167.5	4397360
05/10/17	179	180.8	173.8	174	1362410
05/09/17	182.7	185.3	178.5	178.5	1684560
05/08/17	183.3	183.3	179	182	1103060
05/05/17	178.5	183.5	178.5	183.3	3389410
05/04/17	174.2	179	174.2	178.3	2318990
05/03/17	174	174.8	173.5	174.2	914800
05/02/17	175	176	172.8	173.7	1785340
04/27/17	174.5	174.5	172	172	1646310
04/26/17	173.5	174.5	172.1	174.5	588910
04/25/17	172	175	171.2	173.5	1077610
04/24/17	172.5	172.9	171	171.2	256810
04/21/17	171	173.3	170	170	741570
04/20/17	169	173	168	173	524540
04/19/17	170.2	170.2	167.2	167.7	521430
04/18/17	170.2	171.8	169.8	170.2	496610
04/17/17	173.7	173.7	169.5	171	630850
04/12/17	172	174.8	171.9	174	1011900
04/11/17	168.5	172.7	168.3	172	1464660
04/10/17	168	169.2	166.8	167.8	857440
04/07/17	174.5	177.4	165	165	1467350
04/06/17	171.8	174.5	170.8	174.5	1017490
04/05/17	164	171.8	164	171.8	2187630
04/04/17	163	165.5	163	164	2475830
04/03/17	163.6	164	163.1	163.2	1759050
03/31/17	163	163.9	162	163.5	944210
03/30/17	161.8	163.9	161.8	163	1226990
03/29/17	164	164.4	161	161.8	1308240
03/28/17	162.9	165	162.7	164	438710
03/27/17	161	162.9	160	162.9	846360
03/24/17	165.2	165.2	161	161	2281490
03/23/17	164.4	165.7	164	165.2	946010
03/22/17	162.8	164.8	162.4	164	1389210
03/21/17	163	163	160.5	162.8	1052020
03/20/17	165.7	165.7	160.2	161.5	1924620
03/17/17	166.1	166.7	162.5	163	3780210
03/16/17	165	167.3	165	167	1152950
03/15/17	164.6	165.4	163.1	165	1291680
03/14/17	162.1	165.6	160.5	164.6	1480610
03/13/17	158.8	161	157.1	160.1	1378510
03/10/17	160.5	162.6	158.1	158.1	1202480
03/09/17	162.7	163	160	160	1027650
03/08/17	163.4	163.6	161	162.9	784280
03/07/17	163	163.6	163	163.4	1422680
03/06/17	163	164.1	161	163	1490310
03/03/17	163	163.3	161.4	163	1973160
03/02/17	161.1	163.9	161.1	163	1930720
03/01/17	160.1	163	159.8	163	1131750
02/28/17	162.5	163.1	159.2	160	2170460
02/27/17	165	165.6	161	162.5	938980
02/24/17	165.8	165.8	163.9	165.1	1683770
02/23/17	164.9	167.5	164.9	166.4	2198880
02/22/17	163.1	167	163.1	165.4	2242940
02/21/17	163.5	164.4	162.6	163.1	1551910
02/20/17	161.1	163	161.1	162.6	595900
02/17/17	160.4	161.2	160.4	161.1	3606370
02/16/17	160	161.5	159.9	160.5	2323410
02/15/17	160.1	161.4	158.7	160	1973110
02/14/17	164	164.9	159.3	159.3	2157580
02/13/17	164.3	164.9	163.2	164.9	961540
02/10/17	160	163	160	163	2284760
02/09/17	164.5	165.8	158.1	159	2451350
02/08/17	167.4	167.4	163.1	164.5	1440640
02/07/17	164.2	167.8	164.1	167.8	1223670
02/06/17	162.4	166.5	162.4	166.5	704990
02/03/17	162	165	161.4	162	3095330
02/02/17	160.1	163.1	160.1	162	2047650
02/01/17	166.2	166.2	160.1	160.1	1179090
01/31/17	165	165.1	163	163	1162640
01/30/17	168	168.1	164.1	165	1135390
01/27/17	167.7	169.3	167.7	168	404750
01/26/17	167.6	169	166.3	167	1681150
01/25/17	168.5	169.9	167.1	167.6	1526120
01/24/17	169	169.9	167.1	169.9	1004090
01/23/17	166.2	171	162.9	171	1118290
01/20/17	170.1	170.8	165	166.1	1261410
01/19/17	166.5	173	166.5	173	728260
01/18/17	169.1	169.2	166	166.6	714640
01/17/17	173.4	173.4	168.6	169	909890
01/16/17	175.6	176.1	172.8	173.2	767040
01/13/17	174.1	175.2	172.3	175	820900
01/12/17	172	174	171.3	174	1768310
01/11/17	170.3	172	169	170.9	1135920
01/10/17	169	170	168.3	170	1949420
01/09/17	169.8	169.8	166.5	169	831470
01/06/17	165.1	170.3	165.1	169.2	1809750
01/05/17	165	170.5	165	168	2402110
01/04/17	164	167	163.9	165	2091120
01/03/17	163.5	165	160	165	567430
12/29/16	165	165	161.3	163.5	869640
12/28/16	158	164.1	157.5	164	740840
12/27/16	152	157	150	157	406130
12/23/16	153	155.8	150	150	1849140
12/22/16	155.2	156.9	153	153	2012800
12/21/16	157	159	156.5	157	2687800
12/20/16	158.5	159.5	155	157	1054380
12/19/16	159.5	160.1	157.1	157.1	1946560
12/16/16	159	161	158.1	159.5	1950120
12/15/16	159.7	159.9	157.1	158.1	1940310
12/14/16	160	161.9	159	160.9	2083000
12/13/16	160	160	154.1	158	6165910
12/12/16	170	170	161.5	163	2710270
12/09/16	171	173	171	171.6	1514470
12/08/16	172	174	169.7	174	1677340
12/07/16	169	169.5	168.2	168.7	3654290
12/06/16	173.9	173.9	168.9	169	2014240
12/05/16	172.7	172.7	170.5	170.7	867270
12/02/16	169.5	173.6	169.5	171.5	1706830
12/01/16	170	176	169	170.2	3275320
11/29/16	172	172	169.1	169.9	3774000
11/28/16	176	176	170.8	172	1969130
11/25/16	179.5	179.5	171.6	174.1	1601860
11/24/16	178	180	177.9	179	729880
11/23/16	176.2	178	173.9	178	1271060
11/22/16	177.5	177.5	174.2	176	2213790
11/21/16	179.2	179.8	177	178	1355450
11/18/16	179	181	178.2	179.8	2121370
11/17/16	171.6	180.9	171.5	179	2349760
11/16/16	169.5	174	169	171.5	1465190
11/15/16	168.5	171.6	168.4	170	2575630
11/14/16	169	169	167.3	168.3	1890730
11/11/16	174.4	174.4	168	170	3961100
11/10/16	176	178.5	174.5	174.8	2691280
11/09/16	183.9	183.9	170.3	172.5	2455760
11/08/16	174	185	173.2	185	1805370
11/07/16	174.7	177	170.8	173.1	1088950
11/04/16	175	176	174.3	174.7	2354960
11/03/16	176	176.5	174.5	175	1291840
11/02/16	178	179.1	175.8	176	2384110
10/28/16	180.5	182	179	182	1323020
10/27/16	184.8	184.8	180	180.3	980430
10/26/16	184	184.9	180.5	184.9	789300
10/25/16	185	185	181.5	182.8	1752070
10/24/16	184	185	182	183.9	888150
10/21/16	186	186	183.5	184	848470
10/20/16	185	186	184	186	2279450
10/19/16	176.1	185	176.1	185	6861790
10/18/16	175.5	176.9	175.3	176.1	2453130
10/17/16	179	179.1	175.1	175.5	1173680
10/14/16	179	180	178.7	179	1211430
10/13/16	181.1	183	178	179	1104050
10/12/16	179.5	181	177	180.5	1199270
10/11/16	182	182.1	180	180	1504350
10/10/16	185	185	180.5	181.3	1409860
10/07/16	185	185	182	184.3	925610
10/06/16	185.9	185.9	184.2	184.5	1023650
10/05/16	185.5	185.8	181.5	185	855010
10/04/16	182.6	185.5	182.6	185	1775110
10/03/16	179.1	182.8	179.1	182.4	876020
09/30/16	181.5	182.6	178	178	4772360
09/29/16	182.1	184.7	181.3	182.6	791130
09/28/16	181.5	182.5	181.2	182	1537420
09/27/16	183.5	183.5	181.1	182.5	688780
09/26/16	183.3	185	181.1	185	924490
09/23/16	188	188	182.8	183.3	1968970
09/22/16	187.9	188	187.5	187.7	2109970
09/21/16	185.5	187.1	184.2	186.4	1560630
09/20/16	185.8	185.8	183	184.8	999280
09/19/16	185.8	185.8	184	185.8	1233700
09/16/16	186.1	187.3	185.2	185.7	3088470
09/15/16	185	186.8	184.9	186.8	2923820
09/14/16	181	183	180.8	183	1304460
09/13/16	181	181	179.9	180.3	1570180
09/09/16	183.8	183.8	180.2	180.2	1394400
09/08/16	183.4	184.2	179.9	183.8	1067340
09/07/16	185.1	185.1	180.1	182	1806830
09/06/16	180.9	184.9	180.1	184.9	1292480
09/05/16	180.9	181.9	180	180.9	1109730
09/02/16	182	182.9	180.9	180.9	1308220
09/01/16	186.9	186.9	180.1	184	1697510
08/31/16	185	187	184.4	187	3929060
08/30/16	181.5	187	181.1	187	1951240
08/26/16	180	181	179.5	180.1	5612970
08/25/16	179.3	180	178	179.5	4435340
08/24/16	184.7	184.8	177	179.5	5789870
08/23/16	191.5	191.5	184.2	184.2	2950960
08/22/16	192.3	192.3	189.7	191	1422000
08/19/16	192	192.9	190.6	191.5	2783760
08/18/16	187.7	190.7	187	190	6169540
08/17/16	184	185.6	181.8	184.2	4452350
08/16/16	191.2	191.2	182	184	8486520
08/15/16	199.4	199.4	190	191.5	5340450
08/12/16	205.4	205.6	196.6	199.9	2267130
08/11/16	206	206	203.6	203.6	801860
08/10/16	203.4	206.8	203.4	204.8	1380750
08/09/16	204	207.4	203.4	205.8	2186800
08/08/16	203.8	204.4	202	204	686790
08/05/16	204.2	204.2	202.2	203	1193510
08/04/16	204	204.2	201.8	204.2	1226340
08/03/16	204	204	200	201.4	894520
08/02/16	204.4	204.4	202.8	204	1201780
08/01/16	204.6	204.8	202	204.4	2066480
07/29/16	200.6	204.6	200.4	200.4	1423870
07/28/16	202.8	202.8	199.8	200	1276510
07/27/16	200	203.6	199.1	203	1642570
07/26/16	200.2	202.6	199.8	200	1633130
07/25/16	198	200.2	197.7	199.6	1344130
07/22/16	199	200	197	197	1099700
07/21/16	200	201.6	199.7	199.7	2287080
07/20/16	200	200	198	200	1697730
07/19/16	200	201.2	199.8	200	1650840
07/18/16	200	200.8	198.2	200	1696130
07/15/16	200	201	199.7	199.9	1793810
07/14/16	199.8	200	199.5	199.7	954610
07/13/16	199.9	201	199.9	200	2041210
07/12/16	203.8	203.8	199.7	200	3206270
07/11/16	203	204	200.6	201.4	2105410
07/08/16	199.7	200.8	199.7	200	987250
07/07/16	201	201.6	198.8	199.7	3989000
07/05/16	207	207	201	201.8	2162440
07/04/16	207.4	207.4	204.8	205.6	2116610
07/01/16	208	208.6	206.8	207.4	1625360
06/30/16	208.6	210	206	208	2919600
06/29/16	205	208.8	204.8	208.6	1700810
06/28/16	204.6	205	203.8	204	1131360
06/27/16	203.6	206.6	199.1	205.8	1203310
06/24/16	205.6	207.8	203	204	2229850
06/23/16	206	206.2	205	205.6	1589160
06/22/16	201.8	206.6	201.8	206.6	1134020
06/21/16	205	207	204.8	205.6	1014340
06/20/16	207	207	203.2	204.6	1167660
06/17/16	201	208	201	207	2105430
06/16/16	197.1	200.4	197	200.4	813370
06/15/16	196.4	198.3	194.4	197.3	1749630
06/14/16	194	194.5	193	194	2004610
06/13/16	193.2	198.1	193.1	194.1	2560770
06/10/16	199	201	193	193.1	1498720
06/09/16	201	201.2	199.2	199.5	900700
06/08/16	202	203.2	201.2	202.6	1454010
06/07/16	201.2	203	200.8	202	1856880
06/06/16	199.9	203	199.9	201	988140
06/03/16	199	200.6	198.8	199.9	1853550
06/02/16	198.8	201	196	196	1555420
06/01/16	195	201.4	195	198.8	1396580
05/31/16	198.5	198.5	192.6	195	5481290
05/30/16	200.6	201.8	194.6	198.5	2384320
05/27/16	204.8	207	201.2	201.8	1495630
05/26/16	206.8	206.8	203.6	204.8	2549830
05/25/16	201	205.8	201	205	1730260
05/24/16	198	202	197.5	201	1099530
05/23/16	203.2	205.2	199.1	200	3775570
05/20/16	202.8	205	201	202.6	2091280
05/19/16	206.4	206.4	201.6	204	2089000
05/18/16	207	208.2	205.8	206.6	2050220
05/17/16	208.2	208.2	204.4	205.2	1532070
05/16/16	208.8	209.4	206.6	208.2	1336110
05/13/16	209.8	209.8	205.4	206.6	2364910
05/12/16	210.6	210.6	203	204.4	4323450
05/11/16	208	215	208	210.8	3104390
05/10/16	205	205.2	199	205	2356100
05/06/16	204	207.8	203	204.4	1930490
05/05/16	204.2	204.2	203	203.8	1297310
05/04/16	208	208	202.6	204.2	2866850
05/03/16	203	206.4	203	205	3030940
05/02/16	208	208	199.8	201.6	2003040
04/29/16	208.8	209	207.4	208.4	1918320
04/28/16	210	210.4	208	208.8	3160870
04/27/16	208	211	208	210.4	2428080
04/26/16	207	209.6	207	209.6	2232340
04/25/16	204.4	207	204	205	5315180
04/22/16	200.2	203.8	200.2	202.4	2028780
04/21/16	205	207	200	200.8	2637260
04/20/16	206	207	203.2	204.4	2627170
04/19/16	207.6	210	205.8	206	915900
04/18/16	209	211	206.4	207.4	1107230
04/15/16	214.6	214.6	209	211	1777040
04/14/16	215.4	216.8	213.8	214	2374570
04/13/16	216	218	215.4	215.4	2134350
04/12/16	216	218	215.4	216.2	1116870
04/11/16	219	219.4	217.2	218	586880
04/08/16	214	219.4	214	219	1656310
04/07/16	217	217	214.4	215.2	2106290
04/06/16	218	218	214.6	215	2462590
04/05/16	219	219.2	216.6	218	1601740
04/04/16	218.2	219.2	218.2	219.2	2340310
04/01/16	216.8	219.8	216.8	218.2	1990890
03/31/16	214	219	214	216.8	5909480
03/30/16	209.4	217	209	214.2	3254730
03/29/16	211	211	209	209.4	2235490
03/28/16	211	212	209.2	210	722700
03/23/16	207	212	204	211	1492360
03/22/16	210	211	207	209	2088110
03/21/16	205.6	212	204.8	210	2573650
03/18/16	203	207	202.8	204.6	2188860
03/17/16	198.8	204.2	197.8	203	2505700
03/16/16	200	202.2	197.2	197.6	1508890
03/15/16	200	202	199.9	200.4	2404480
03/14/16	204	204	200	200	1479250
03/11/16	202.4	204.2	202.4	204	1155030
03/10/16	204	204	200.6	202.4	880570
03/09/16	203	204	201	204	862760
03/08/16	203.4	203.4	198.6	203	936320
03/07/16	203	204	200	203.4	1013630
03/04/16	203	203	199.5	201	1508650
03/03/16	202.6	204.4	200.6	203	1250330
03/02/16	199.5	206	199.4	205	2314750
03/01/16	199.2	199.5	198.2	199.2	1859020
02/29/16	197	201	195.9	198	2338610
02/26/16	194	196.5	191	195.9	1858200
02/24/16	195.8	195.8	190.5	194	1693770
02/23/16	194	196.9	193.8	196	2203280
02/22/16	188.2	194.4	188.2	194.4	1721990
02/19/16	190	190.1	187	188.2	1853070
02/18/16	190	190.6	187.6	190	3293700
02/17/16	189.3	189.8	185.8	187	3421470
02/16/16	194.9	195.5	189	189	2734060
02/15/16	194	195	192.6	193.8	2176140
02/12/16	193	193	190.5	192	7138830
02/11/16	194	194	193.5	193.7	3130260
02/10/16	196	196	192.4	194	3458130
02/09/16	196	198.7	194	195	1313360
02/05/16	194.8	199	194.7	199	2982130
02/04/16	193	194.6	192.1	194.6	1472010
02/03/16	193	195	191.8	193	1819310
02/02/16	190.2	195	190.2	194	2418650
02/01/16	193	195	192.2	194.8	3676410
01/29/16	188.5	194.9	188.5	193	4638760
01/28/16	186	188.2	184	187	4426670
01/27/16	184	186.6	184	186	3103990
01/26/16	184.4	185.6	182.5	185	2076190
01/25/16	185	186.4	184.6	185.7	1830040
01/22/16	180	184.4	179.9	184.4	2790040
01/21/16	182	183	178.2	179.5	2653210
01/20/16	185	185	181	184.8	1607420
01/19/16	185.4	185.4	183	185.1	981640
01/18/16	182.1	183.5	180.1	182	2915430
01/15/16	186	188.6	186	187	3218480
01/14/16	178	185.5	176	183	2665920
01/13/16	175.1	182	175.1	182	1249270
01/12/16	175	178.9	175	175.1	617930
01/11/16	179.5	179.5	170	173.6	2328470
01/08/16	181	183.6	179.5	180.3	1869330
01/07/16	185	186	181	181	1282700
01/06/16	185.1	186	184.9	185	1349350
01/05/16	186.4	186.4	184	185	1577840
01/04/16	187.5	190	187	187	1654500
12/29/15	185	187	185	186	1273140
12/28/15	184	185.9	182.2	183.2	1902170
12/23/15	186.9	187.3	185.1	185.9	476190
12/22/15	185.9	186.3	184.9	185.2	1055050
12/21/15	183	185.6	181.5	185.2	1031630
12/18/15	180.5	183.9	179	183.9	1984990
12/17/15	178.5	181	178	180	2998460
12/16/15	177.1	177.7	175	176	2363490
12/15/15	180.5	183	176	176.3	2519990
12/14/15	180.2	180.5	177.1	179.8	1785740
12/11/15	184.5	185.4	179.6	181	4047990
12/10/15	186	187	184.6	184.6	1907570
12/09/15	185	187.8	184	185.8	1071520
12/08/15	184.8	186.4	183.5	184.8	3472790
12/07/15	186	188.5	185	185	2304390
12/04/15	185.9	186.3	184	185.3	4885930
12/03/15	191	191	186.6	187.1	8963030
12/02/15	194	196.7	192.6	193.1	3958900
12/01/15	197	198	191	193.7	8420610
11/27/15	205.8	206	198.4	202	7884330
11/26/15	205	206.4	204.2	206	2220770
11/25/15	204.2	204.8	203.4	204.2	1241720
11/24/15	201	203.2	200.6	202.6	1035600
11/23/15	198	201.4	198	201	1058950
11/20/15	200	200	196	198	2554070
11/17/15	198.6	202	198	199.7	815830
11/16/15	199.6	200	193	197.5	773170
11/13/15	200	203	199.6	202.4	2887780
11/12/15	201.4	205	201	201.2	1547260
11/11/15	201	201.6	199.8	201	1834400
11/10/15	202.4	204	199.5	201	2030420
11/09/15	206	206.4	205.6	206.2	195860
11/06/15	206	206.4	203	206	289200
11/05/15	207.6	207.6	205	206.4	2800760
11/04/15	207	208	205.4	207.6	2029800
11/03/15	205	206.6	203	206	1736870
11/02/15	201	205	200.8	205	747350
10/30/15	199	203	199	200.6	1884750
10/29/15	204.2	205	199	199	1743670
10/28/15	208	209	204.6	205	2613660
10/27/15	206	208	205	207	2644700
10/26/15	204.6	207.4	204.6	206	2099470
10/23/15	199.7	204.6	199.5	204	2619500
10/22/15	200	205	199	199.5	1280560
10/21/15	197.7	201	197	199.5	1075910
10/20/15	199	200	195.1	197.7	1197590
10/19/15	194	199.6	193.9	199.6	1786990
10/16/15	194	195.1	192.8	193.9	1230190
10/15/15	190.5	192.6	190	192.3	984990
10/14/15	191	192.2	190.5	191.3	1023950
10/13/15	194	194.1	189.8	191	1577060
10/12/15	196.5	196.5	193.4	194	717010
10/09/15	196	197.1	194.1	195	2480470
10/08/15	192.1	196	192.1	194.6	2357730
10/07/15	192	193.8	191.5	192.1	1622540
10/06/15	191	194	188.1	194	3181640
10/05/15	189	193.5	188.8	191	2443130
10/02/15	188.6	190	188	189	1549070
10/01/15	192	192	188.5	188.6	1445660
09/30/15	191	192	190	192	2881280
09/29/15	187	190.9	184.1	190	2629000
09/28/15	188	188	185.5	186.3	1950420
09/24/15	189.6	192	186	192	2106000
09/23/15	186.5	186.5	184.4	185.9	2020130
09/22/15	190.7	192	185	187.9	3049100
09/21/15	191.1	191.9	190	190.7	777490
09/18/15	191	192.8	190.2	191.1	1497580
09/17/15	192	193.5	189.9	191	1136840
09/16/15	195	196.1	190	190	2528730
09/15/15	192.5	194.5	192	194.5	1379460
09/14/15	190.1	192	189	192	1123780
09/11/15	192	192.5	189.5	190	762430
09/10/15	190.9	192.5	188	190	1749270
09/09/15	190	192	188	190.9	3516020
09/08/15	188	189.5	187	188	842410
09/07/15	186.1	189.5	185	188	1445990
09/04/15	192	192	188.2	189.5	5214840
09/03/15	189	193	189	192	2285790
09/02/15	190.6	190.9	182.5	187.9	4002510
09/01/15	194	194.2	190	192	3823110
08/28/15	193	195	192.4	194	3152470
08/27/15	183	193	183	192.5	4986360
08/26/15	180.1	184.9	180.1	183	3432650
08/25/15	173	181	173	180	3911830
08/24/15	187	187.6	178	180	4075710
08/20/15	192	193.7	191	192.5	1516160
08/19/15	190.1	192.2	189.9	192	1243030
08/18/15	188.1	192	188.1	190	2255660
08/17/15	190	193	187.5	188	2592500
08/14/15	190.5	190.7	189.4	190	2182700
08/13/15	196.1	196.1	190	190.8	2968890
08/12/15	197	197.9	194.5	195.5	1776370
08/11/15	195.3	202	195.3	199.9	2890720
08/10/15	190.6	198.8	190.6	196.5	2513630
08/07/15	194	194	189.2	190.6	2339820
08/06/15	201.8	201.8	195	195	4073990
08/05/15	196	203.8	196	200	5501810
08/04/15	192	196.5	190.7	195	2433350
08/03/15	191.6	193	190.5	192.1	1851360
07/31/15	191	191.9	189.3	191.3	1241790
07/30/15	192	192	190	191.2	1023990
07/29/15	189.5	193.4	189.5	192	1951250
07/28/15	190	192.5	189.5	190	2886180
07/27/15	192	193.1	189.9	190.5	1757080
07/24/15	188	191.5	187.9	191.5	3570400
07/23/15	183	187.1	183	186.7	1314980
07/22/15	185	185	181.2	183	2254670
07/21/15	180.1	183	180.1	182.5	1998590
07/20/15	186.1	186.1	181.4	182	2422480
07/16/15	188	188.6	184.8	186.1	1335200
07/15/15	192.3	192.7	187	187	1998010
07/14/15	190	194	190	192	1834880
07/13/15	188	189	187.3	188.5	1043930
07/10/15	187	190	185	185	4416750
07/09/15	185	193	180	193	1976090
07/08/15	192.8	193	186	186	4031590
07/07/15	195	195.5	192.6	192.8	2095690
07/06/15	193.5	193.5	191.9	192.6	2139610
07/03/15	194	196.9	193.6	193.8	1953390
07/02/15	192.3	196.5	192	193.9	3256770
07/01/15	193	193	190.2	192.2	2409890
06/30/15	196	196	191.3	194	4018390
06/29/15	196.5	198.5	192	197	2362050
06/26/15	197.8	198	192.8	197.5	1097600
06/25/15	193.3	198.6	193	197	3948010
06/24/15	191	193	190.1	193	2018740
06/23/15	199.9	199.9	190	190	3559170
06/22/15	198.2	200	196.3	200	2042090
06/19/15	200	201	196	198	3447650
06/18/15	195	197.5	193	197.5	3009670
06/17/15	183.8	192.4	183.8	192	3747590
06/16/15	178.8	183	176	182	4469940
06/15/15	186	186	179.8	180	3150310
06/11/15	186.5	188.6	184.8	185	3360970
06/10/15	183	187.4	183	186.5	2564740
06/09/15	184.5	184.6	181	184	3769110
06/08/15	186	186	184	184.5	2993460
06/05/15	190	190	186.3	187	6557450
06/04/15	192	193.5	190.9	193.3	1243490
06/03/15	195	195	192	193.5	1653590
06/02/15	197.6	197.6	191.2	191.9	3059990
06/01/15	195	199.3	191	198.9	2241760
05/29/15	187	196.7	187	190.8	4267690
05/28/15	190	191	183.5	187	3979370
05/27/15	197	197	188.3	189.9	4361890
05/26/15	199	199	194	197.5	1905670
05/25/15	202.4	202.4	196.6	199	2548050
05/22/15	204.2	204.4	199	201	4482180
05/21/15	209.4	213.8	207	208.6	2355170
05/20/15	204.8	210	203.6	208.6	2531790
05/19/15	205	205	201.8	203.6	3003170
05/18/15	210.6	211	203	205	3169910
05/15/15	212	212	208.2	210.6	2378590
05/14/15	211.8	214	207.4	211.8	1612230
05/13/15	205.6	211.8	204.8	211.8	1749940
05/12/15	200.2	207	199.7	206	4546570
05/11/15	202.6	203	199.6	200	7858330
05/08/15	214	214	201.6	202	5664310
05/07/15	214.6	214.6	212.6	213	4348980
05/06/15	221.2	221.6	213.6	218	1763490
05/05/15	219	222.6	219	220.8	2302510
05/04/15	217	220.2	213.4	219	2371510
04/30/15	217.8	219	213.8	217.8	1873920
04/29/15	216.4	217.8	216	217.6	2093480
04/28/15	217	218.4	214.4	216.4	2073960
04/27/15	219	220	217.6	219	2805000
04/24/15	220.8	222	218.2	219.4	2202680
04/23/15	219.4	220	217.2	219	3191910
04/22/15	219	219	215	217	1775510
04/21/15	218	220	217.6	218.6	2835440
04/20/15	218.2	219	212	216.6	1804550
04/17/15	223	228	216	216	2420370
04/16/15	212.8	223	212.2	223	3338810
04/15/15	218.8	219	213	214	3346340
04/14/15	219	220	217.2	219	1596310
04/13/15	220.2	222	217.8	219.4	2765590
04/10/15	223.2	224.6	220.2	222.2	3826800
04/08/15	231	231	224.8	227.4	1190660
04/07/15	230.6	232	228.8	230	1181630
04/06/15	227.2	234	227.2	230	1620100
04/01/15	224.8	226.6	222.6	226	1324290
03/31/15	224	226	221	226	3793790
03/30/15	221.2	226.6	221.2	224	2785300
03/27/15	218	223	218	221.2	3594730
03/26/15	216	219.2	215	218	1672250
03/25/15	218.8	218.8	214.6	216	1489260
03/24/15	220.2	220.2	215.6	216	1888750
03/23/15	218.6	221.8	218.6	218.8	1246220
03/20/15	214.4	222	214.4	220	3569770
03/19/15	215	218	214	215.2	1815660
03/18/15	215.2	217	214.6	216	2877030
03/17/15	214.8	215.4	214	215.2	1774410
03/16/15	218	218	213.4	214.4	713030
03/13/15	218	219	213.6	217.6	1554980
03/12/15	215	217	212	217	1398440
03/11/15	214.8	216	213.8	215	1543130
03/10/15	214	217	214	215	2179820
03/09/15	213	219.6	212	218	2750740
03/06/15	213.4	217	211.2	217	1381870
03/05/15	216	216	211.4	213.2	2475450
03/04/15	217.8	218.4	216	218	1229130
03/03/15	217.8	218.4	215.2	215.2	1695260
03/02/15	217.6	217.8	212.6	217.8	2161660
02/27/15	212	218	209	218	3752310
02/26/15	213	213.4	211.2	211.4	2564560
02/25/15	218	218	212	214.6	3427570
02/24/15	217.6	218	217.2	218	2502090
02/23/15	218.4	219	217	217.6	2459380
02/20/15	217.8	219.8	217.6	218	3521150
02/18/15	215.2	219	214.8	217.4	1415790
02/17/15	213	216	213	215.2	1351220
02/16/15	217.6	218	216.2	217.6	1561680
02/13/15	213.4	219	213	217	1640840
02/12/15	211.8	214.8	211.2	211.6	2708230
02/11/15	218	218	211	211	3701380
02/10/15	223	223	216	216.2	3218080
02/09/15	215	224	214.2	224	4473200
02/06/15	203.6	212.2	202.6	211	5838270
02/05/15	206	206	202.8	204	2536330
02/04/15	205	206.6	203.8	206	4495340
02/03/15	206	206.4	204.6	205	1372400
02/02/15	207	207.6	204	206	2523370
01/30/15	204.2	208	204.2	207	2420560
01/29/15	208	209	206	206	1686390
01/28/15	208	208	205.2	206	3433320
01/27/15	202	211	202	207.8	1800960
01/26/15	201.8	205	201.6	205	2755270
01/23/15	198.6	202	197.6	202	2873420
01/22/15	199.8	199.8	195	196.7	2009660
01/21/15	197	199.1	196.6	197.5	2275550
01/20/15	198.3	200	197	197.9	1885630
01/19/15	196.5	200.6	196.5	198.8	2843120
01/14/15	199	200.8	197.6	200	4571990
01/13/15	192	199	192	196.7	2715060
01/12/15	196.5	196.5	192.9	194	1830330
01/09/15	197	198	195.5	196.5	2162120
01/08/15	195.7	197.5	194.7	196	1954560
01/07/15	191.5	197.5	191.5	196.9	3597370
01/06/15	189	191.5	186.6	191.5	1809690
01/05/15	194.5	194.5	189.7	191	3263070